[array([[ 0.0786851 ,  0.04885346,  0.06972177,  0.02144119, -0.09490275,
        -0.03169006, -0.07623671, -0.04387489,  0.03301904,  0.08411493,
         0.07490875,  0.07783923,  0.07381398,  0.07593625, -0.05498537,
         0.09033688, -0.05655945, -0.00980964,  0.01928638,  0.04942266,
         0.08220167,  0.09485962, -0.05874557,  0.07237384,  0.0818278 ,
        -0.05980539, -0.00430209,  0.09984436,  0.09020852,  0.07303072,
         0.08100563,  0.06326734,  0.09391798,  0.04852778,  0.09123027,
        -0.06878053, -0.06214587,  0.07894082,  0.05346397, -0.04173809,
         0.09544151,  0.05372098, -0.00374977, -0.08893726,  0.088504  ,
        -0.07490716, -0.05915608,  0.11270705, -0.07617111, -0.02282665],
       [ 0.08386257,  0.05781313,  0.01870157,  0.0136239 , -0.05525057,
        -0.00594317,  0.01199248, -0.00516263, -0.03815514, -0.01885935,
         0.03242437,  0.01568955, -0.03387017, -0.03829937,  0.03585421,
         0.08197695, -0.00170537,  0.0021394 , -0.06271587,  0.08519331,
         0.01727111, -0.02023632,  0.02906131,  0.01543672, -0.06801855,
        -0.00703891, -0.03510344,  0.11978126,  0.00944836,  0.06903306,
        -0.01308302, -0.0459425 , -0.04995356, -0.05882708,  0.00785417,
        -0.00065705,  0.03963862,  0.02406652, -0.02572334,  0.0715304 ,
        -0.06300852, -0.04356497,  0.07543303, -0.04857251,  0.02991748,
        -0.01223626, -0.03462864,  0.02016919, -0.05914411,  0.01786573],
       [ 0.02759103,  0.09207116,  0.05499852,  0.0028902 ,  0.01160088,
        -0.06238849,  0.07905014,  0.0394152 , -0.0548282 , -0.05780399,
        -0.05467874,  0.03741056, -0.02435229, -0.01014027, -0.02158909,
        -0.05125815, -0.01006714, -0.0842301 , -0.04890044, -0.05315941,
        -0.0040156 , -0.02669955,  0.01086768,  0.08232349, -0.0453071 ,
        -0.03313695, -0.04056777,  0.01136336,  0.04557372, -0.01791154,
         0.05199161, -0.05258653, -0.04540146, -0.04984541, -0.01684793,
         0.02295778,  0.01413708, -0.07621513, -0.03511214, -0.00856055,
        -0.05204847,  0.00802287, -0.01458584,  0.03197182, -0.08213541,
        -0.0836205 , -0.14262787,  0.04029839, -0.05388035, -0.0512084 ],
       [ 0.0069729 , -0.14838186,  0.00560353,  0.01016149,  0.00161667,
        -0.02443778, -0.08565048, -0.06441896,  0.04881644, -0.11529744,
         0.04626755, -0.07413644, -0.0304598 ,  0.04925008, -0.02058163,
        -0.07039095,  0.09468879, -0.03763872, -0.02994442,  0.00594126,
         0.04458208, -0.01839292,  0.01065962, -0.05863143,  0.01941011,
        -0.0582412 ,  0.08810485, -0.00727459, -0.00433912,  0.05272741,
         0.03256029,  0.04812554,  0.08510231,  0.08009911, -0.02681437,
        -0.00438088,  0.04243788,  0.01048316, -0.03275349, -0.00935348,
        -0.04097648, -0.05212731, -0.03070572, -0.0474599 ,  0.05113268,
         0.0421915 , -0.00600454,  0.03197565,  0.00893279,  0.03764924],
       [-0.05390828, -0.03010473, -0.03746114, -0.00923412, -0.01470938,
        -0.01762631, -0.00017946, -0.02782954,  0.01979741,  0.01115699,
        -0.0553708 , -0.04360012, -0.01175526, -0.0416325 , -0.10199127,
         0.02255377, -0.06086318, -0.07244103,  0.05976385,  0.06128963,
         0.06854143,  0.0566567 , -0.07733959,  0.03724731, -0.00168583,
        -0.08240221,  0.0164003 , -0.0270449 , -0.07394147, -0.0132153 ,
        -0.01076128,  0.00822755, -0.0301404 , -0.01079507, -0.07152789,
         0.00482995,  0.0606809 ,  0.01442009, -0.04383828,  0.00092518,
        -0.01325454,  0.01663172,  0.0267956 , -0.0240201 , -0.00821669,
        -0.01663804, -0.07180256,  0.02479914,  0.04336937,  0.04911216],
       [-0.02584664, -0.05604684, -0.04721117,  0.03875001, -0.0139629 ,
        -0.05701369, -0.06391454, -0.02395626, -0.00119565, -0.04662333,
         0.03007549, -0.09900258, -0.08601065,  0.11297522,  0.09966084,
         0.03997678,  0.05967173,  0.02975081, -0.03170836, -0.03114992,
         0.09448641, -0.02266011,  0.01852535, -0.05692176,  0.03749201,
         0.02449244,  0.04840141,  0.03253091, -0.02139889, -0.04030693,
        -0.11388462, -0.01003064,  0.02614517,  0.04904387,  0.01892808,
         0.05070296,  0.02194493, -0.01296367,  0.0222852 ,  0.00622164,
         0.03259922, -0.00561799,  0.00966308,  0.04321948, -0.0003965 ,
        -0.04839455,  0.05754066,  0.06562827,  0.05316947, -0.01068297],
       [ 0.06542554, -0.03524225, -0.09221494,  0.05208862,  0.00167241,
        -0.0413545 , -0.00409256,  0.017713  , -0.09524265,  0.03021931,
         0.04971996, -0.05266568, -0.00779044, -0.00179806, -0.00328029,
        -0.00246167, -0.01449686,  0.03286659, -0.05656375,  0.02203297,
         0.01061545, -0.02534322, -0.0219062 ,  0.01754071, -0.04309116,
        -0.00570943, -0.01244987, -0.07235061, -0.07444733,  0.05197637,
        -0.08583459, -0.04363314, -0.04285263,  0.05723703, -0.08123783,
         0.04878603, -0.06015906, -0.05498177, -0.07123192, -0.0780779 ,
        -0.01691583,  0.04192723, -0.06824957, -0.05289241, -0.03882179,
        -0.0352512 ,  0.03428843,  0.02059017,  0.02554852, -0.02943912],
       [-0.01887958,  0.07172972,  0.0371956 ,  0.06424779, -0.0160203 ,
        -0.09942114,  0.03564497,  0.00549117, -0.04265256, -0.061036  ,
         0.05918022, -0.0462043 , -0.03394068, -0.02640892,  0.03563694,
         0.01004523,  0.030588  ,  0.01732149, -0.02810501,  0.02225006,
         0.0230932 , -0.01466784,  0.04628073,  0.06690133, -0.05467174,
        -0.02527025,  0.054602  ,  0.01398332, -0.102424  ,  0.04162056,
        -0.04830945,  0.00690929, -0.01487536, -0.01393883,  0.10369986,
         0.0231183 , -0.07214686, -0.0617029 ,  0.01726473,  0.12080297,
        -0.0712878 ,  0.04854853, -0.00409906, -0.03230846,  0.00486508,
         0.05874146, -0.01922575,  0.05245692, -0.04425829,  0.07273568]], dtype=float32), array([  6.51871436e-04,   1.59256964e-03,   1.01918087e-03,
         6.82786223e-04,  -3.26429181e-05,   6.75141695e-04,
         8.22475613e-06,  -2.05414544e-04,   6.38084603e-04,
         1.74977467e-03,   6.49352267e-04,   1.13519398e-03,
         1.55349076e-03,   1.64681394e-03,  -9.31525428e-04,
         1.14968547e-03,  -9.66027845e-04,   4.52594541e-04,
         1.17351534e-03,   1.58756459e-03,   5.45452174e-04,
         7.57344023e-05,  -1.04872277e-03,   1.52854610e-03,
         3.35521880e-04,  -7.89964921e-04,   1.50000633e-04,
         1.97030604e-04,   1.32805595e-04,   1.62488082e-03,
         2.00523922e-04,   9.47810113e-05,   7.25075952e-05,
         7.43757817e-04,   1.68590457e-04,  -7.14535068e-04,
        -7.83743046e-04,   1.30819928e-04,   1.43079425e-03,
        -6.08444854e-04,   6.14115561e-05,   3.09724594e-04,
        -7.39679905e-04,   6.93653128e-05,   6.31012372e-04,
        -5.78671388e-05,  -7.01769488e-04,   2.15781656e-05,
         3.60189260e-05,   6.98744843e-05], dtype=float32)][array([[  4.74109128e-02,   7.89580420e-02,   1.55228168e-01,
          2.00445410e-02,   4.21824455e-02,   7.55030438e-02,
          5.77095617e-03,   5.05906083e-02,   7.30697662e-02,
         -1.35951564e-02,   1.15720950e-01,   3.20561677e-02,
          3.89240711e-04,  -2.28925962e-02,   2.65825391e-02,
         -3.94488722e-02,   5.73568158e-02,   9.12128855e-03,
          1.96448769e-02,   7.32154027e-02],
       [  4.44157645e-02,  -8.04859251e-02,   1.85550191e-02,
         -6.21572733e-02,   4.56405394e-02,   8.09600353e-02,
          3.40737812e-02,   1.08890913e-01,   1.35065079e-01,
          8.61237291e-03,   1.71868559e-02,  -3.23789450e-03,
         -1.71533301e-02,  -3.74815948e-02,  -3.58396247e-02,
          1.91921066e-03,  -5.67572133e-04,   9.29932371e-02,
          1.56366572e-01,  -4.44759335e-03],
       [  8.95359367e-02,  -1.88078973e-02,   1.28309816e-01,
          7.29463715e-03,   6.95207492e-02,   1.11073188e-01,
          3.52167599e-02,   1.07453212e-01,  -2.95782685e-02,
          4.10415372e-03,  -1.41785350e-02,   1.35959387e-01,
          6.98956028e-02,   1.09185860e-01,   5.84412739e-03,
         -7.67369568e-02,  -5.48636690e-02,   9.61010233e-02,
          1.03919797e-01,  -1.05091128e-02],
       [ -5.01025766e-02,  -5.60406297e-02,   4.02519032e-02,
          6.17186762e-02,   8.57294258e-03,   6.26140907e-02,
          3.14482078e-02,   1.27833830e-02,   7.77862817e-02,
         -7.54692173e-03,   2.22782791e-02,   1.41017884e-02,
          3.77073325e-02,  -7.84063786e-02,   8.87840167e-02,
         -6.03832528e-02,   1.86639652e-03,   2.36333683e-02,
          3.34470049e-02,  -3.51655250e-03],
       [  3.88050303e-02,   3.34016159e-02,  -1.23038329e-01,
          2.56380606e-02,   4.47295513e-03,  -2.18822788e-02,
         -9.94488876e-03,   9.58421268e-03,  -7.33305663e-02,
          1.39439195e-01,  -1.10981211e-01,  -7.27421865e-02,
          2.16718391e-02,  -9.00311470e-02,  -8.24036598e-02,
          7.67346770e-02,   8.12213644e-02,   2.26738621e-02,
          6.90092295e-02,  -6.11161888e-02],
       [  3.06606162e-02,   1.10063046e-01,  -3.06970552e-02,
          7.72629753e-02,   1.09991722e-01,   4.65874895e-02,
         -2.99179181e-02,  -5.33476025e-02,   1.05103794e-02,
         -4.04019505e-02,   2.17453972e-03,  -3.71331759e-02,
          1.76186021e-02,   1.23397531e-02,  -2.44265981e-02,
         -1.34544093e-02,   1.08074076e-01,   5.39435633e-02,
          6.02962486e-02,  -7.09804296e-02],
       [ -1.39452284e-02,  -9.95199941e-03,   4.74942401e-02,
          4.22094837e-02,   1.97935440e-02,   4.06301171e-02,
         -1.43578332e-02,  -3.61552350e-02,   4.34440997e-04,
         -5.84392697e-02,  -1.39794340e-02,   1.58481412e-02,
          1.61758382e-02,   1.09404502e-02,  -4.48416509e-02,
          7.11843967e-02,  -3.51342782e-02,  -5.58567978e-03,
         -4.26919386e-03,   3.15592252e-02],
       [  5.15660329e-04,  -4.22283113e-02,  -5.67777604e-02,
          6.50873333e-02,   9.05171260e-02,   4.20531407e-02,
         -3.36448029e-02,   9.95972008e-02,   1.62971281e-02,
         -1.10246763e-01,  -8.30808282e-03,   3.11909989e-02,
          6.10745624e-02,   1.45262796e-02,  -4.12220061e-02,
         -5.81819005e-02,  -6.68457290e-03,  -3.90816592e-02,
         -3.09770275e-02,   1.60700222e-03],
       [ -2.49772705e-02,   6.91424161e-02,  -1.69205777e-02,
          2.28519607e-02,   2.20526662e-02,  -8.07664245e-02,
         -3.61490063e-02,   1.44823696e-02,   5.68750985e-02,
          2.00233385e-02,  -1.15130972e-02,   3.39533156e-03,
         -1.18109742e-02,   5.61591759e-02,  -3.02102161e-03,
          3.55874225e-02,   8.02684296e-03,   4.98339832e-02,
          7.45686293e-02,   9.99449715e-02],
       [  1.06260553e-01,   6.26975968e-02,   5.88220619e-02,
          1.81653976e-01,   1.38750672e-01,   4.06498872e-02,
          5.54123186e-02,   8.23051706e-02,   8.77613276e-02,
          5.38374893e-02,   9.90607217e-02,   6.33947924e-02,
          9.83556546e-03,   1.07168853e-01,   6.64639696e-02,
          1.16050072e-01,   5.39729856e-02,   9.12002251e-02,
         -3.85203212e-02,   1.16236821e-01],
       [  1.08500324e-01,   9.59361196e-02,   1.10262901e-01,
          7.28403218e-03,   7.31903315e-02,   7.48215094e-02,
          8.64381194e-02,  -4.60304692e-03,   5.59809357e-02,
          1.92510933e-02,   7.56353959e-02,  -2.38538627e-02,
         -5.57220988e-02,  -3.93658224e-03,   3.97175737e-02,
          1.70484968e-02,  -4.07022284e-03,   9.96205360e-02,
          8.30770284e-02,   3.45823611e-03],
       [ -3.80788959e-04,   9.40208361e-02,  -2.48033702e-02,
         -3.56287882e-02,   8.24409798e-02,  -1.90239493e-02,
          2.50791200e-03,  -4.63129133e-02,   6.98938295e-02,
          1.04572371e-01,   5.98610379e-02,   1.33818582e-01,
          7.51316026e-02,   6.35237470e-02,   1.12908840e-01,
          1.63654029e-01,   1.29969031e-01,  -1.20748505e-02,
         -1.63601188e-03,   3.44008096e-02],
       [  9.85362306e-02,   4.48123515e-02,  -4.38580140e-02,
          8.65722671e-02,   4.97595035e-02,   4.25649099e-02,
          4.33738157e-02,  -4.24404778e-02,  -8.96383950e-04,
          1.08152732e-01,   1.20613556e-02,   1.13523133e-01,
          1.35440007e-01,   5.51838428e-03,   1.06433354e-01,
          6.62129596e-02,   9.35266688e-02,   5.75946718e-02,
          7.33444616e-02,   6.52453452e-02],
       [  3.61262299e-02,   2.82235779e-02,  -6.00640252e-02,
          3.97395380e-02,   8.63039196e-02,   2.42190864e-02,
          5.64691946e-02,   1.86499819e-01,   1.06094010e-01,
         -3.39121334e-02,   9.77685750e-02,   6.11636788e-02,
          7.59860575e-02,   1.17552109e-01,  -9.30975471e-03,
          7.55458251e-02,   1.09669045e-01,   5.06875739e-02,
          4.68962267e-02,   7.74363577e-02],
       [ -7.70721361e-02,  -6.22928143e-03,  -3.64265442e-02,
         -1.38937486e-02,  -1.50433565e-02,   6.57161996e-02,
          7.77518004e-02,  -8.74573141e-02,  -3.71420756e-02,
          2.81164832e-02,  -5.84028363e-02,   1.47515461e-02,
         -8.35944116e-02,  -5.79693168e-02,  -1.78295784e-02,
          3.82292606e-02,   6.86046034e-02,  -1.08153168e-02,
         -1.01505714e-02,   3.82152013e-02],
       [  1.13320723e-01,   9.75471884e-02,   1.08485371e-01,
          9.00808126e-02,   5.73912039e-02,   6.38528615e-02,
          5.48299029e-02,   2.09920220e-02,   3.75861004e-02,
          1.39433622e-01,   6.19436502e-02,   6.87443987e-02,
          6.20435961e-02,   1.14343576e-01,   4.49863225e-02,
          8.15497339e-02,   9.73667670e-03,   2.09774859e-02,
          5.50991222e-02,  -2.89156176e-02],
       [  1.15650780e-02,  -8.68280046e-03,  -8.36921390e-03,
         -1.52363963e-02,  -9.91916936e-03,  -1.06997266e-01,
          5.34029538e-03,   6.82670474e-02,  -2.46379096e-02,
         -1.02725387e-01,   1.51221771e-02,   4.46211314e-03,
         -1.04718484e-01,   5.04391938e-02,  -9.82013345e-03,
          3.16947699e-02,  -6.72055036e-02,  -5.94029613e-02,
          3.45089026e-02,   1.13886245e-01],
       [  1.98108144e-02,  -2.35298388e-02,   4.79490322e-04,
          2.30545290e-02,  -3.71499499e-03,   5.73731959e-02,
         -9.63012651e-02,  -2.39751507e-02,   5.32284491e-02,
         -3.64208221e-02,  -8.03911686e-02,   3.50106135e-02,
          3.53392847e-02,   3.75909805e-02,   7.78296441e-02,
         -1.37574952e-02,   6.78585991e-02,   8.80273432e-03,
          4.72243577e-02,  -4.19719368e-02],
       [  4.39569242e-02,   4.78084525e-03,   5.48798516e-02,
          2.56760661e-02,  -2.84278542e-02,   3.12717892e-02,
         -3.11697554e-02,   5.25320843e-02,  -3.07611525e-02,
         -4.02598195e-02,  -3.65915410e-02,   8.04526657e-02,
         -2.91084219e-02,   1.07537866e-01,   5.28819971e-02,
          3.60623784e-02,  -4.94415732e-03,   6.39256909e-02,
         -6.65180478e-03,   1.07859820e-02],
       [  4.54340018e-02,   3.85264587e-03,   1.41615486e-02,
          3.35113257e-02,   3.22534479e-02,   1.17585868e-01,
          5.52152060e-02,  -3.75774205e-02,   3.14856805e-02,
          7.64803365e-02,   2.10373495e-02,   6.28348812e-02,
          2.54972503e-02,   8.58890414e-02,  -7.04420879e-02,
          1.32615701e-03,   4.01020944e-02,   4.97612469e-02,
         -6.23358525e-02,  -1.74701698e-02],
       [  5.56033514e-02,   1.29514202e-01,   4.99954037e-02,
          9.08953696e-02,   5.49262837e-02,   1.25624865e-01,
         -2.09917761e-02,   5.57709821e-02,  -4.17178795e-02,
          5.29474132e-02,   2.91781873e-02,   6.77928329e-02,
          9.52267274e-02,   6.53141662e-02,   1.89936027e-01,
          2.35725287e-02,   6.18313439e-03,  -7.06658810e-02,
          3.07722501e-02,   5.36249429e-02],
       [  6.19988069e-02,   1.38454691e-01,   1.24551341e-01,
         -1.55339763e-02,  -1.09468549e-02,   1.09926470e-01,
         -3.95034105e-02,   7.57737830e-02,   2.62888893e-03,
          1.24513321e-01,   1.13107994e-01,   2.34250147e-02,
          3.91083099e-02,   1.83063131e-02,   5.31667657e-02,
          3.45192291e-02,  -2.94920970e-02,   2.39891056e-02,
         -3.29204649e-02,   7.07347542e-02],
       [ -9.76627320e-02,   1.33255329e-02,  -5.66794947e-02,
         -2.58234292e-02,  -3.22624557e-02,   2.82544792e-02,
          5.24177821e-03,   3.54964249e-02,  -3.26931104e-02,
          3.53093743e-02,  -6.73600733e-02,   1.74783950e-03,
         -1.04084136e-02,  -8.96903723e-02,   1.13258129e-02,
          1.46747055e-03,   5.32869995e-03,  -1.98737755e-02,
         -2.37893406e-02,   8.87470767e-02],
       [  5.00874482e-02,   5.08618839e-02,   8.59279707e-02,
          8.92669037e-02,   7.73093551e-02,   1.39097556e-01,
          5.94937094e-02,   2.15773704e-03,   1.90768000e-02,
          2.39734054e-02,   8.08496326e-02,   5.39443456e-03,
         -3.71947922e-02,   4.96572480e-02,   3.48872468e-02,
          4.57390212e-02,   7.60930479e-02,  -9.96608660e-02,
          3.44399847e-02,   7.10415468e-02],
       [  9.47503969e-02,   9.93911549e-03,   7.71304667e-02,
          1.29214257e-01,   7.63180107e-02,   9.31828544e-02,
          1.01002436e-02,   5.50595522e-02,   2.44492050e-02,
          7.34910890e-02,   2.87745446e-02,   7.33248517e-02,
          4.34457976e-03,   9.88221765e-02,   1.12871163e-01,
          7.13863745e-02,   6.80985302e-02,   1.06886782e-01,
          7.20173419e-02,   1.36548337e-02],
       [ -4.32522558e-02,  -9.39338207e-02,  -6.49798363e-02,
         -1.39327701e-02,   3.82510684e-02,   8.40947591e-03,
         -2.35465374e-02,  -4.25931141e-02,  -4.11741212e-02,
          9.50360298e-02,  -9.93405059e-02,  -5.08698858e-02,
         -5.84084578e-02,   1.02519929e-01,   7.84786567e-02,
          5.52996323e-02,  -3.87195721e-02,  -9.07477457e-03,
          6.96766675e-02,  -1.23952925e-02],
       [ -2.33675949e-02,   4.18635160e-02,  -6.87674212e-04,
          8.47816542e-02,  -4.80741709e-02,   7.32719004e-02,
          3.30443121e-02,   4.37659249e-02,  -6.94394391e-03,
         -3.44602726e-02,   2.88666282e-02,  -2.24587955e-02,
         -4.09486890e-02,  -4.67981547e-02,   7.85078332e-02,
         -5.80087677e-03,  -1.93883218e-02,   2.92021292e-03,
         -2.98217162e-02,   4.18370627e-02],
       [  8.27694312e-02,   8.31161588e-02,   1.55481175e-01,
          7.25345761e-02,   8.92059878e-02,   4.10381258e-02,
          2.20568050e-02,   5.93289211e-02,   8.11550126e-05,
         -9.01528969e-02,   6.68642074e-02,  -1.05397580e-02,
          1.59605648e-02,   1.06147572e-01,   7.63977244e-02,
          1.01896293e-01,   7.74489716e-02,   2.18877196e-02,
          8.55692104e-02,  -3.80681492e-02],
       [  7.08669126e-02,   1.15058303e-01,   6.77327886e-02,
          2.13427246e-02,   3.71886864e-02,  -8.15010518e-02,
         -4.40840162e-02,   3.74412015e-02,   9.28253680e-02,
          1.57928374e-02,   1.34340405e-01,   8.38391036e-02,
         -7.65974894e-02,   6.94442121e-03,   5.18026352e-02,
         -1.24379881e-02,   4.09950502e-02,   1.33720323e-01,
          1.25663131e-01,   4.38611209e-02],
       [  1.06545649e-01,  -3.46424170e-02,   4.90962639e-02,
          7.26002678e-02,   3.13985087e-02,   5.92279807e-02,
          6.27130410e-03,   6.53705224e-02,   6.83790743e-02,
          5.45078367e-02,  -2.33627558e-02,   5.91328368e-02,
          5.07435240e-02,  -3.23297083e-03,   7.74273649e-03,
          4.15752530e-02,   7.75336567e-03,   6.23169988e-02,
          9.92639512e-02,   6.32332712e-02],
       [  4.93845269e-02,   5.70184700e-02,   1.85854305e-02,
          3.60429399e-02,   4.81923074e-02,   3.32063660e-02,
         -1.02273170e-02,  -1.32816355e-03,   1.02826841e-01,
          1.24977464e-02,   5.03583066e-02,   2.13796832e-02,
         -7.12324977e-02,   1.13832839e-01,   5.35009094e-02,
          4.54406217e-02,   1.80971116e-01,   1.84085015e-02,
          2.03010570e-02,   2.64999103e-02],
       [  8.09308663e-02,   4.50853352e-03,  -9.71974432e-02,
          8.49903226e-02,   4.47039604e-02,   3.52864228e-02,
          5.90927564e-02,   1.90746423e-03,   3.29534225e-02,
          3.11548244e-02,   8.37606639e-02,   1.33091316e-01,
          6.14594622e-03,  -2.40197293e-02,   2.87608989e-02,
          3.71944755e-02,   4.09273095e-02,  -3.43499258e-02,
         -3.60995904e-02,   1.79146249e-02],
       [ -3.30506526e-02,   9.61473510e-02,   9.41559002e-02,
          6.98453039e-02,   1.00729719e-01,   5.33177815e-02,
          4.97024022e-02,  -7.37428479e-03,   1.02946900e-01,
          4.24199738e-02,   4.18805778e-02,   7.09318370e-02,
          1.21248951e-02,   7.18886182e-02,   4.94087450e-02,
          7.86456689e-02,   7.30036870e-02,   1.52016655e-02,
         -6.25666976e-02,  -2.14518234e-03],
       [ -1.62032200e-03,  -4.11922205e-03,   7.22426176e-02,
          1.29637808e-01,   5.16294278e-02,   3.94461080e-02,
         -3.01773138e-02,   6.71352893e-02,  -6.52584340e-03,
         -2.26938054e-02,   5.51175931e-03,   3.42817791e-02,
          3.84172983e-02,   6.35998175e-02,   4.04410884e-02,
          1.02158219e-01,   3.38668115e-02,  -1.39960991e-02,
         -6.84921816e-02,   5.37022650e-02],
       [ -3.19829360e-02,   9.04927030e-02,   4.42456082e-02,
          4.27718982e-02,   8.35971683e-02,   3.94620188e-02,
          1.16050318e-01,  -1.91947334e-02,   4.64570001e-02,
          5.74184693e-02,   5.12329563e-02,  -2.40148976e-02,
          1.36438727e-01,   3.43622975e-02,   3.21887322e-02,
          8.46743360e-02,   7.25987107e-02,   1.46505445e-01,
          4.82641272e-02,   8.11755098e-03],
       [  5.21797352e-02,  -2.71703396e-02,  -4.34603170e-03,
          1.71174351e-02,   4.14654566e-03,   1.43206790e-02,
         -2.63571572e-02,  -2.16207709e-02,  -3.79103087e-02,
          3.73938903e-02,   6.81087514e-03,  -1.24545492e-01,
         -5.28781526e-02,  -9.70050413e-03,  -5.00525497e-02,
         -4.58054170e-02,   3.47569510e-02,   2.14711409e-02,
         -1.06138505e-01,   8.77439789e-03],
       [ -3.21827494e-02,   5.20868925e-03,   2.40529571e-02,
          5.80610298e-02,  -9.07387678e-03,  -1.09762838e-03,
         -1.43638492e-01,  -7.97024556e-03,  -7.92604983e-02,
          9.79381427e-02,   4.49796133e-02,  -5.53451069e-02,
         -3.14473733e-02,  -4.98355329e-02,  -5.77771217e-02,
          4.23957631e-02,   2.51337774e-02,  -4.26662080e-02,
         -5.53282350e-02,  -3.97329330e-02],
       [ -4.27201018e-02,   7.43881473e-03,   4.49690670e-02,
          2.95167696e-02,   2.56718304e-02,   1.93001423e-02,
          2.98376381e-02,   6.70178756e-02,   6.25212351e-03,
          2.63780858e-02,   5.58214402e-03,   1.05474807e-01,
         -8.00088495e-02,   1.10268511e-01,   5.58665581e-02,
          1.14636369e-01,   9.98497605e-02,  -8.86392519e-02,
          3.76248062e-02,   8.66110846e-02],
       [  5.09496592e-02,   6.47870749e-02,  -3.78718803e-04,
          2.37759575e-02,   3.21635813e-03,  -6.65850472e-03,
         -6.71050102e-02,   5.02844527e-02,  -1.17191579e-02,
         -7.68421143e-02,   7.99304470e-02,   6.57589138e-02,
          1.13964573e-01,   1.22320816e-01,  -6.87933248e-03,
          1.05654038e-01,   6.80124387e-03,   4.19409089e-02,
          1.29948161e-03,   4.25679982e-02],
       [  1.32095907e-02,   3.67694325e-03,   3.36212218e-02,
          1.18966931e-02,   5.04902825e-02,   1.23488614e-02,
          2.10297536e-02,   6.56238049e-02,   6.16864068e-03,
          4.67903126e-04,  -6.67815879e-02,  -6.81986436e-02,
         -5.52484579e-02,  -5.05222157e-02,  -5.19257188e-02,
         -1.51125453e-02,   4.30215187e-02,  -7.56660185e-04,
         -5.49009144e-02,   4.21280228e-02],
       [  1.44515008e-01,   5.21614589e-03,   9.76762399e-02,
          2.84695299e-03,  -3.71286385e-02,   9.99769568e-02,
          8.12180564e-02,   5.77344932e-02,   5.84433526e-02,
          4.63736132e-02,   1.14678763e-01,   1.39109865e-01,
          6.01517186e-02,  -3.83620616e-03,   1.41231284e-01,
         -7.16167614e-02,   4.19194959e-02,   1.57634672e-02,
         -2.76922397e-02,  -3.09029203e-02],
       [  1.15583532e-01,  -6.56320676e-02,  -3.89440581e-02,
         -1.97415166e-02,   4.78533283e-02,   8.00784081e-02,
         -8.94849747e-03,   3.04333940e-02,   8.80832747e-02,
         -1.75432558e-03,   7.81884938e-02,   2.12374385e-02,
         -6.31515160e-02,   7.48994648e-02,   2.17763837e-02,
          6.11675009e-02,   3.88760567e-02,  -2.11445615e-02,
          2.93974634e-02,   7.67864287e-02],
       [ -6.12876453e-02,  -1.18091851e-02,  -8.49980414e-02,
         -2.57874839e-02,  -4.73826900e-02,  -2.93421634e-02,
          4.28454690e-02,   9.25972164e-02,   6.03245758e-02,
         -9.73955169e-03,   4.28370051e-02,  -1.75979715e-02,
         -1.56099210e-03,   2.37424392e-02,   3.61052006e-02,
          1.80107336e-02,   3.34582217e-02,   3.92145142e-02,
         -5.08005917e-02,   1.87580902e-02],
       [  6.25736415e-02,   1.36353925e-01,   3.01162042e-02,
         -2.36777123e-02,   2.62845680e-02,   1.02578951e-02,
         -2.16419646e-03,   3.16871479e-02,   7.97527805e-02,
         -6.53175712e-02,  -1.76741537e-02,   2.84103733e-02,
         -7.20063411e-03,  -2.73848772e-02,  -5.73734678e-02,
          4.30282652e-02,  -5.14563955e-02,   8.76216032e-03,
         -1.68224964e-02,   2.08038483e-02],
       [  3.16315214e-03,   9.74795222e-02,  -9.13893431e-03,
          3.42382938e-02,   1.15602136e-01,   1.19484425e-01,
          3.90314348e-02,   8.99873674e-02,   5.87777868e-02,
          1.90239534e-01,  -4.13508750e-02,   9.16452557e-02,
          3.29632945e-02,   9.68548432e-02,   7.76555091e-02,
          6.90705702e-02,   3.17537077e-02,   2.65983436e-02,
          1.33686393e-01,   6.18855469e-02],
       [ -7.61106312e-02,  -4.55094986e-02,   1.09483592e-01,
          6.47254987e-03,  -5.11288159e-02,   1.17283119e-02,
         -4.19387482e-02,   5.61243072e-02,  -1.08519271e-02,
         -4.47116606e-02,   2.36855391e-02,  -3.01778521e-02,
         -1.14741825e-01,   8.05644542e-02,  -2.61599310e-02,
          6.24330081e-02,  -3.53018614e-03,   5.43331467e-02,
          2.44056862e-02,  -5.27592599e-02],
       [  7.61870146e-02,   1.40584004e-03,  -1.27884327e-02,
         -4.81024981e-02,   3.97908762e-02,  -1.31215779e-02,
          3.97646241e-02,  -8.52949452e-03,  -1.33813359e-02,
         -4.20101099e-02,   4.40591425e-02,  -2.69679334e-02,
         -1.21784937e-02,  -1.53131112e-02,  -4.39076573e-02,
         -4.36699502e-02,  -4.02578749e-02,  -4.27133329e-02,
          2.84635872e-02,  -2.70872079e-02],
       [ -5.08092269e-02,   1.18327081e-01,  -1.73721928e-02,
          6.70523345e-02,   6.27553388e-02,   5.39105013e-02,
          1.51812643e-01,   1.45356683e-02,   3.35570448e-03,
          6.27861917e-02,   8.59889463e-02,  -6.05608337e-02,
          5.36868311e-02,   4.48709242e-02,  -2.10754201e-02,
          2.29353029e-02,   7.87377357e-02,   2.97043473e-02,
          1.27606802e-02,   6.58325180e-02],
       [  9.29799974e-02,  -1.20625664e-02,   1.38814719e-02,
         -4.58221622e-02,  -6.29444718e-02,  -4.10601869e-02,
          2.42192037e-02,   1.01832390e-01,  -8.90706200e-03,
          9.36624408e-02,  -7.16535933e-03,   1.72472987e-02,
          1.19432844e-02,   6.47152960e-03,  -4.85196058e-03,
         -5.19153550e-02,  -4.16210592e-02,  -1.68899521e-02,
          6.87519182e-03,  -1.94158796e-02],
       [  1.27540696e-02,  -1.27683971e-02,  -8.11088234e-02,
          5.60916699e-02,   1.02908704e-02,   1.30318515e-02,
          3.64206592e-03,   8.24248791e-03,   1.43188918e-02,
          4.54417765e-02,   1.26255327e-03,  -1.23847276e-03,
          3.65815428e-03,   1.28782354e-02,  -3.47491987e-02,
          7.82953948e-02,  -6.77285492e-02,   2.04711333e-02,
         -1.02854436e-02,   3.34008858e-02]], dtype=float32), array([ 0.04897277,  0.06324781,  0.04073611,  0.045949  ,  0.04647279,
        0.04633695,  0.03928938,  0.05013306,  0.05663081,  0.04896719,
        0.06296694,  0.05320185,  0.04162804,  0.04860983,  0.05082823,
        0.04503045,  0.0599962 ,  0.03376595,  0.05397623,  0.04145169], dtype=float32)][array([[-0.5620904 ],
       [-0.63751817],
       [-0.50667888],
       [-0.55572331],
       [-0.58276671],
       [-0.58709961],
       [-0.43925244],
       [-0.52877975],
       [-0.56307608],
       [-0.51062268],
       [-0.64322793],
       [-0.60387743],
       [-0.42735368],
       [-0.59973055],
       [-0.58650762],
       [-0.54498148],
       [-0.61064762],
       [-0.42512146],
       [-0.50970727],
       [-0.4836736 ]], dtype=float32), array([-0.92968392], dtype=float32)]