[array([[-0.01161127,  0.0273711 ,  0.04615336, -0.05162094,  0.01243138,
         0.0028641 ,  0.00975225,  0.00994181,  0.00367085,  0.03528409,
        -0.0628583 ,  0.14442788, -0.01966144,  0.06944247,  0.08831607,
         0.02324001,  0.03374687, -0.04682804, -0.00607611, -0.07114791,
         0.02667831, -0.08053569,  0.00794921,  0.11282947, -0.03339523,
         0.08341352, -0.03957613,  0.07591894, -0.00649365,  0.0426113 ,
        -0.03858576, -0.04658243,  0.00924272,  0.12005871,  0.05531499,
         0.06482527,  0.00987033, -0.05714512,  0.05670269,  0.07997793,
        -0.08747365, -0.01770551,  0.06635381, -0.03894528,  0.05652002,
        -0.01080175, -0.09934058,  0.0724475 , -0.08841127, -0.00684229],
       [-0.01033395, -0.02155216, -0.0389753 , -0.01503232,  0.02245495,
         0.04513659,  0.01400054,  0.02791029, -0.02217263, -0.07100011,
         0.04319094, -0.0522453 , -0.03359526, -0.00657578, -0.02685912,
        -0.03234304,  0.0569931 ,  0.09884137, -0.0190242 , -0.03109844,
        -0.01236576, -0.07440518, -0.01169156, -0.0715884 ,  0.02433394,
        -0.03578191,  0.04087501, -0.08782448, -0.039193  ,  0.04118442,
         0.00281574, -0.02712595,  0.03598188, -0.04554042,  0.00881316,
        -0.0541641 ,  0.0012273 , -0.03661653, -0.10882936, -0.03587634,
         0.07700787, -0.03708903,  0.03628773,  0.00510589, -0.04145746,
        -0.03644749,  0.02988855, -0.00779569,  0.02103982,  0.06526683]], dtype=float32), array([ -9.66098696e-07,  -2.03812742e-05,   1.74628112e-05,
        -5.90191939e-06,  -1.15337207e-05,  -2.09791233e-05,
        -2.20446036e-05,   3.12339253e-05,  -3.30856733e-06,
         4.46182685e-06,   2.03952895e-05,  -7.32424087e-06,
        -1.94246750e-05,   1.11728596e-05,   9.80597997e-06,
         6.39033942e-06,  -5.32388458e-06,  -1.73966582e-05,
         1.56839997e-05,  -1.65082583e-05,   1.29789778e-05,
         1.09507118e-05,   9.20211460e-06,  -4.40314852e-06,
        -5.43279430e-06,   4.90566563e-05,   1.29670516e-05,
         1.99391397e-05,   1.16510159e-06,   4.24455493e-06,
         4.59551848e-06,   1.35408554e-05,  -4.34322192e-06,
         7.68367318e-06,  -4.94314918e-06,   3.05944195e-06,
        -7.96909990e-06,   8.36039362e-06,  -2.14972511e-06,
        -7.77713194e-06,  -9.35048047e-06,   2.74680792e-06,
        -1.40577904e-05,  -8.63129299e-06,  -2.31717077e-05,
        -2.84828329e-05,  -1.16554602e-05,  -9.33122828e-06,
         6.70639838e-06,   1.55264479e-06], dtype=float32)][array([[  5.34547530e-02,   5.48510030e-02,   1.52582843e-02,
         -3.99300382e-02,  -4.98016402e-02,   9.39636398e-03,
         -5.14088385e-02,  -6.35632034e-03,   3.80394720e-02,
         -6.38247505e-02,   1.79238210e-03,   3.02121993e-02,
          9.79123078e-03,  -8.63162801e-03,  -4.50851880e-02,
          1.95512995e-02,   5.91438115e-02,  -3.15143913e-02,
          3.76466140e-02,   1.24801407e-02],
       [ -4.43429351e-02,   3.25681157e-02,   1.78450234e-02,
          5.46201617e-02,   7.03379810e-02,   5.21272011e-02,
          2.64396723e-02,  -3.97023261e-02,   3.90749052e-02,
          2.01457441e-02,   6.67982697e-02,  -1.21336002e-02,
          1.45921726e-02,   3.36448178e-02,  -2.54172646e-02,
         -3.99663784e-02,  -5.29787317e-02,   8.10548384e-03,
          2.96799559e-03,   2.12325007e-02],
       [ -3.00999731e-02,  -5.62789477e-02,  -9.19427816e-03,
         -5.29316626e-02,  -8.37365165e-02,  -3.92629877e-02,
          6.23715036e-02,   5.21305017e-02,   3.52865458e-02,
         -4.49768342e-02,   3.11367221e-05,  -6.96111172e-02,
         -4.98765185e-02,   4.87656146e-03,   5.23071662e-02,
         -2.03687362e-02,   4.26315553e-02,   6.40232675e-03,
          8.75831768e-02,   2.51067355e-02],
       [  5.91055676e-02,   7.14278594e-02,   3.78149748e-02,
          5.68153001e-02,  -3.55902500e-02,   1.51957544e-02,
          3.83947231e-02,   4.72027548e-02,   4.80417348e-03,
         -7.45764002e-02,  -1.30843297e-02,  -5.93074672e-02,
          3.87553722e-02,  -3.04399990e-02,  -9.42068398e-02,
         -1.31423380e-02,  -8.76474977e-02,  -4.67241295e-02,
          3.33175622e-02,  -2.05922909e-02],
       [ -2.90263109e-02,   4.43411134e-02,  -6.46650642e-02,
          5.03222160e-02,  -7.98802823e-03,   2.47683879e-02,
          2.31654141e-02,  -3.76409665e-02,   5.04222177e-02,
          5.55718504e-02,  -9.46899224e-03,  -2.99836323e-02,
         -1.25548232e-03,  -9.45952684e-02,  -1.21635580e-02,
          8.82222503e-03,  -1.27526298e-01,   9.66678094e-03,
         -1.14581190e-01,   9.26215947e-03],
       [ -6.75318614e-02,   2.88620405e-02,   2.98951454e-02,
          1.46605319e-03,  -4.89318967e-02,   1.33720450e-02,
          6.06811829e-02,  -1.91324465e-02,   9.05486122e-02,
          1.08055800e-01,  -5.46946898e-02,  -4.50881151e-03,
          2.38470696e-02,  -4.83570248e-03,  -5.12832515e-02,
          5.23605458e-02,   8.11983831e-03,   3.85297984e-02,
         -7.17590936e-03,  -3.18267606e-02],
       [  8.45491048e-03,   5.43023050e-02,   9.05147195e-03,
          5.29295951e-03,   8.12311918e-02,  -3.11928382e-03,
         -3.63627598e-02,   6.20097779e-02,   3.17229703e-02,
         -2.81990860e-02,   6.36938820e-03,  -4.69166636e-02,
         -3.40886973e-02,  -7.32026156e-03,  -1.02156542e-01,
         -5.89110740e-02,   4.72526662e-02,  -6.75335377e-02,
         -1.43975578e-03,  -5.45375533e-02],
       [  1.07876733e-02,   7.12932944e-02,   7.44137075e-03,
         -5.07313609e-02,  -3.69075052e-02,  -3.32226157e-02,
         -2.59735975e-02,   1.07130725e-02,  -9.36220884e-02,
         -2.10386589e-02,  -2.36438159e-02,   6.69659749e-02,
          5.55368289e-02,   6.81228861e-02,   7.94263035e-02,
         -7.17440695e-02,  -2.46576797e-02,   1.86640043e-02,
          6.49909228e-02,   2.37373170e-02],
       [ -6.53001145e-02,  -2.29384173e-02,   4.13218550e-02,
          1.11282673e-02,   3.04402560e-02,   2.80851144e-02,
         -3.28856222e-02,   2.93766409e-02,   1.51164597e-02,
         -1.29272009e-03,  -3.38916928e-02,   2.63227578e-02,
          1.62198045e-03,   9.31541398e-02,   3.52306701e-02,
          2.75677592e-02,  -4.31983769e-02,   2.50555072e-02,
         -7.10316822e-02,   4.63180169e-02],
       [ -2.47796755e-02,   5.13467379e-02,   3.19529437e-02,
         -2.32388116e-02,  -3.27276476e-02,   1.93450283e-02,
         -2.49365764e-03,   2.80114654e-02,   3.15925069e-02,
          8.88253897e-02,  -6.67620078e-02,  -5.48618808e-02,
         -8.71371031e-02,   3.97294052e-02,  -2.47830097e-02,
         -8.98081064e-02,   1.34564275e-02,   2.74168905e-02,
          8.35305750e-02,  -7.26262182e-02],
       [ -1.10502625e-02,  -1.25337422e-01,  -6.38942942e-02,
         -4.75548115e-03,   4.73241732e-02,  -4.94804382e-02,
          4.17175516e-02,   1.69862004e-03,   1.39013985e-02,
          6.62824372e-03,   5.05315326e-02,  -8.18754062e-02,
          7.84141645e-02,   5.57022728e-02,   6.96681440e-02,
         -2.36038864e-02,  -1.48007851e-02,  -1.06401920e-01,
          7.27802590e-02,  -1.08368076e-01],
       [ -5.66684715e-02,   2.11050659e-02,   9.65585262e-02,
          4.76628803e-02,   1.07027546e-01,  -7.33789406e-04,
         -6.86591193e-02,  -1.61856208e-02,   3.83238005e-03,
          1.30206230e-03,   1.76918805e-02,  -6.06389455e-02,
          3.68695483e-02,  -2.57457886e-02,   5.42751662e-02,
         -8.20734799e-02,  -4.62088548e-02,   4.83315028e-02,
          4.72977199e-02,  -4.20769826e-02],
       [  1.20267719e-02,   3.45005281e-02,  -4.28078622e-02,
          2.96374187e-02,   1.95973255e-02,   5.58045506e-02,
         -3.06925848e-02,   6.24056906e-02,   3.86681668e-02,
         -2.31698249e-02,   6.61858991e-02,   5.10361306e-02,
          1.31374290e-02,   1.00677432e-02,   7.88876787e-02,
          8.17804933e-02,   4.87669148e-02,  -7.50297084e-02,
         -8.38748291e-02,   5.20228595e-02],
       [  3.70378643e-02,   5.94502389e-02,  -4.67565507e-02,
         -8.63939896e-02,  -1.69400238e-02,  -2.56035151e-03,
          1.20980255e-01,   4.43146378e-02,   2.75910199e-02,
         -1.27240410e-02,  -2.38946546e-02,  -1.20457010e-02,
         -3.31631415e-02,   1.55013734e-02,   2.77484837e-03,
          2.60649603e-02,   7.29666278e-02,  -5.83990403e-02,
          1.20595664e-01,  -1.68081746e-02],
       [  6.10895455e-02,   3.20642814e-02,  -3.77057716e-02,
          1.70131549e-02,  -3.02186497e-02,   4.10977844e-03,
          3.38565595e-02,  -5.92505932e-02,  -2.06502937e-02,
         -6.68504387e-02,  -1.13179907e-02,  -2.57181264e-02,
         -2.98080221e-02,  -6.67807609e-02,  -1.64566301e-02,
         -1.09065352e-02,  -2.28583254e-02,   1.23414531e-04,
          6.24903152e-03,   2.37280019e-02],
       [ -5.04654348e-02,  -5.94156841e-03,  -1.15325019e-01,
         -4.11318503e-02,  -3.51227149e-02,  -3.95906083e-02,
          8.04101899e-02,   5.10251299e-02,   6.44494295e-02,
         -8.01760554e-02,   3.31948996e-02,  -6.69132248e-02,
          2.50310488e-02,   3.67937237e-02,  -1.60824519e-03,
         -1.74614519e-01,   4.14132476e-02,   1.51684750e-02,
          3.01741390e-03,   1.96038149e-02],
       [  1.15524940e-02,  -1.04176164e-01,  -3.10736708e-02,
         -6.03883378e-02,  -1.23153962e-01,  -7.29887560e-02,
          8.81360769e-02,   8.73199180e-02,  -8.74157343e-03,
         -4.07092832e-02,   4.93510216e-02,   2.58497484e-02,
          1.50595345e-02,   8.38790461e-03,  -6.66753352e-02,
         -2.35643126e-02,  -3.37246194e-04,   8.11736658e-02,
         -5.51282242e-02,  -7.84858409e-03],
       [ -1.12842759e-02,   7.22147375e-02,   1.82935968e-02,
         -3.98202054e-02,  -1.43089993e-02,  -1.31724089e-01,
         -5.37020329e-04,  -1.57778431e-02,   6.01755604e-02,
          2.64142156e-02,   5.63795939e-02,  -1.19038306e-01,
         -1.74671393e-02,  -2.82816142e-02,   3.88540104e-02,
         -7.29359034e-03,  -1.24910092e-02,   3.09834797e-02,
          2.58295536e-02,  -1.04774497e-02],
       [ -5.00217378e-02,  -1.16115555e-01,  -4.90360893e-02,
          6.54357020e-04,   7.72714540e-02,  -1.52628962e-02,
         -5.35878800e-02,  -9.22460333e-02,   6.52707964e-02,
          3.35109644e-02,  -5.24345525e-02,   2.02587247e-02,
          8.47205594e-02,  -6.76180199e-02,  -3.43394056e-02,
         -2.58457288e-02,   3.32714915e-02,  -3.05777807e-02,
         -2.40241531e-02,   1.47034926e-02],
       [ -9.94233489e-02,   4.08021882e-02,  -2.48763077e-02,
         -2.01107040e-02,   2.66737621e-02,   8.73482153e-02,
          4.36403006e-02,  -1.66032836e-02,   1.66110916e-03,
          1.44248242e-02,  -4.98472974e-02,   9.64139476e-02,
         -7.20820017e-03,   2.63546361e-03,  -9.74489078e-02,
         -4.22404818e-02,   2.30371337e-02,   2.31950115e-02,
         -7.21442029e-02,   1.57050621e-02],
       [  1.16568804e-01,  -3.19750085e-02,   3.72350961e-02,
         -1.45153468e-02,  -8.34663212e-02,   3.08319032e-02,
          2.10388973e-02,  -9.35679749e-02,   1.18820425e-02,
         -7.73453489e-02,   3.10792048e-02,   1.23672970e-02,
         -4.71811444e-02,   5.25102913e-02,   5.40108271e-02,
          2.08896659e-02,  -5.65457679e-02,  -1.07411526e-01,
         -8.48710239e-02,   4.69597913e-02],
       [ -5.74867837e-02,  -8.31460673e-03,   1.13130407e-02,
          8.56602192e-03,   4.50420231e-02,   7.52433203e-03,
         -6.05945513e-02,  -8.09042677e-02,  -1.27599742e-02,
          6.47221599e-03,  -4.51855958e-02,  -1.68802422e-02,
          2.53648087e-02,   2.32832413e-03,   7.63932094e-02,
         -5.40647283e-02,   1.71261895e-02,  -6.01443984e-02,
         -4.52256799e-02,   3.78592848e-03],
       [  1.51577033e-02,   1.17174968e-01,   3.99586707e-02,
         -3.94920856e-02,   9.06906277e-02,  -9.13735256e-02,
          3.00140958e-02,   2.57697348e-02,   2.05767085e-03,
          9.63218883e-03,  -6.42201081e-02,   1.14149638e-02,
          3.76082584e-02,   8.46840665e-02,   3.16594876e-02,
          3.11532407e-03,   2.01039128e-02,   7.01855645e-02,
          1.19868763e-01,   6.08474612e-02],
       [ -2.57832035e-02,   3.53765227e-02,  -3.42547558e-02,
         -5.92031628e-02,   1.39796836e-02,  -2.96315439e-02,
          1.18607404e-02,  -2.33904440e-02,   5.20621333e-03,
         -1.63618140e-02,   3.59756276e-02,  -7.53798932e-02,
         -6.25246242e-02,   8.06979649e-03,   1.25044277e-02,
          2.30994113e-02,   4.80966605e-02,   3.63208936e-03,
          7.96239972e-02,   4.03922563e-03],
       [ -1.52036017e-02,  -1.27291568e-02,   5.84380375e-03,
          4.78529651e-03,   1.57888755e-01,   9.17474627e-02,
         -2.06792764e-02,   2.24672277e-02,  -1.19939931e-02,
          4.43467610e-02,   4.71563227e-02,   2.46006157e-02,
          8.33918974e-02,   6.92358389e-02,  -1.65813358e-03,
         -2.27497034e-02,  -1.70311611e-02,  -5.52944420e-03,
          6.75022081e-02,   5.35599142e-03],
       [  2.57978272e-02,   2.40364410e-02,  -1.21117448e-02,
          1.32984750e-03,   3.59132662e-02,  -1.11875698e-01,
         -5.76520385e-03,   6.20575696e-02,  -6.39742166e-02,
          4.61618826e-02,  -7.44849071e-02,   3.33270244e-02,
         -1.51622996e-01,   3.64687443e-02,   6.33291602e-02,
         -4.56006527e-02,  -1.32796075e-02,  -5.48244677e-02,
          1.40244752e-01,  -6.68531805e-02],
       [  9.74011272e-02,  -3.85663519e-03,  -1.70459729e-02,
         -4.22994606e-02,  -5.56298085e-02,  -6.05986677e-02,
         -1.21045128e-01,   8.75552557e-03,  -1.07462611e-02,
         -4.04936783e-02,   5.43970708e-03,  -6.89801425e-02,
         -2.37307195e-02,   5.43248057e-02,   4.11161780e-02,
         -4.23783772e-02,  -2.10260507e-02,  -2.45999284e-02,
         -6.27562776e-02,   1.17543275e-02],
       [ -2.80699320e-02,  -2.96072587e-02,  -6.45757020e-02,
          9.13342014e-02,  -7.08569633e-03,   8.97813775e-03,
          6.34788126e-02,  -1.19698122e-02,  -5.30506782e-02,
          2.99269389e-02,  -1.36169761e-01,   2.07445771e-02,
         -3.25505473e-02,   3.01504321e-03,  -1.24526434e-02,
          2.11962909e-02,   8.31956789e-02,   1.19458754e-02,
          3.54640298e-02,  -2.00653039e-02],
       [ -4.81078122e-03,  -9.44987014e-02,  -3.44224391e-03,
         -4.85112965e-02,  -1.53073827e-02,   4.73277643e-02,
         -4.00267392e-02,  -1.30258456e-01,  -8.46223086e-02,
          3.37245651e-02,   2.01262739e-02,  -9.28514972e-02,
          1.91785358e-02,   3.57753076e-02,  -2.11402681e-02,
         -7.14662075e-02,  -5.61396182e-02,   2.86234170e-02,
         -5.19038402e-02,  -7.56614506e-02],
       [  7.47827664e-02,  -2.22698529e-03,   1.26569226e-01,
          1.68237009e-03,   6.25018626e-02,   8.12722221e-02,
         -1.31695094e-02,   4.26201150e-02,  -4.88417260e-02,
         -1.77884456e-02,  -7.35460734e-03,  -3.34310047e-02,
         -9.39596165e-03,  -1.03184469e-02,   3.50444205e-03,
          2.50542257e-02,  -1.03505226e-02,  -1.05823018e-02,
          1.22749679e-01,   2.03233026e-02],
       [  5.23951612e-02,   1.84424408e-02,   8.64270926e-02,
         -4.81753796e-02,   5.07966708e-03,   2.23870538e-02,
         -1.80596523e-02,   1.13876842e-01,  -2.70572752e-02,
         -1.12087160e-01,  -2.91945785e-02,   6.24160171e-02,
          5.86882196e-02,  -2.92991735e-02,   3.28441784e-02,
         -4.68010418e-02,   1.31817516e-02,   4.97430786e-02,
          3.25731263e-02,  -1.28095329e-01],
       [  3.43231969e-02,   1.69629995e-02,  -6.61778897e-02,
         -4.07372005e-02,   1.06518172e-01,   4.47176658e-02,
          1.24968886e-02,   4.94505875e-02,  -3.66647467e-02,
          6.72768354e-02,   3.71949524e-02,  -4.57210392e-02,
          7.20029026e-02,  -4.95537464e-03,   9.99529064e-02,
         -5.64955026e-02,   1.60377007e-02,  -5.53240329e-02,
          8.92124027e-02,   3.03677027e-03],
       [ -6.65391795e-03,   1.63104273e-02,  -2.97557674e-02,
         -1.45253604e-02,   3.12167425e-02,  -5.01307519e-03,
          3.41591844e-03,   5.57009578e-02,  -1.15522174e-02,
         -1.16250202e-01,  -1.02561666e-02,  -1.10826015e-01,
          1.20910920e-01,  -2.72594821e-02,  -3.13150063e-02,
         -7.63763487e-02,  -3.14392820e-02,  -6.66244281e-03,
         -4.46667671e-02,   6.45501018e-02],
       [ -5.54134138e-02,   1.47012919e-01,  -4.03526127e-02,
          3.35816517e-02,   3.74334981e-03,   9.03668031e-02,
          4.02629934e-02,  -3.76122221e-02,   5.45790978e-02,
          6.35895357e-02,  -6.69927895e-02,  -4.21052389e-02,
          3.40328664e-02,  -2.40352638e-02,   6.17574640e-02,
          1.85133535e-02,   1.80623867e-02,  -2.82630734e-02,
          1.06791586e-01,   4.28513363e-02],
       [ -4.72957008e-02,   9.54031125e-02,  -1.93707943e-02,
          4.37926911e-02,  -3.02074216e-02,  -2.26480570e-02,
          1.42346239e-02,   5.79566993e-02,  -8.52488913e-03,
          3.61063369e-02,  -9.34800878e-02,   3.81426737e-02,
          1.12542529e-02,   5.76565489e-02,  -1.67792678e-01,
          3.20919305e-02,   1.90735161e-02,  -2.87640039e-02,
          7.52836242e-02,  -8.08764994e-02],
       [ -5.60657531e-02,  -1.93972681e-02,  -4.92018834e-02,
         -6.69754595e-02,   6.46414235e-02,  -2.73091090e-03,
          8.43863264e-02,   3.38470638e-02,  -7.18855159e-03,
          1.62585657e-02,   1.27875637e-02,   8.35421681e-02,
         -1.19953919e-02,   9.28531513e-02,   1.80458631e-02,
         -1.34547884e-02,  -2.41497736e-02,   2.05335114e-02,
          1.87289640e-02,  -1.74877867e-01],
       [ -1.32907799e-03,   2.57182755e-02,   4.31619119e-03,
          7.06121046e-03,   8.15365389e-02,  -1.17057070e-01,
          7.91257545e-02,   5.36818095e-02,   6.45916238e-02,
         -2.96085607e-02,  -2.19583903e-02,   1.02246910e-01,
          2.85076331e-02,   6.74217939e-02,  -5.17038852e-02,
         -5.45774624e-02,  -4.22275551e-02,   1.14535868e-01,
         -5.76360449e-02,  -1.18031818e-02],
       [  1.29222516e-02,  -6.25672266e-02,   1.22025907e-02,
          8.69413721e-04,   4.68650497e-02,   2.58127507e-03,
          3.75735350e-02,   1.17652882e-02,   6.73208237e-02,
          2.50846613e-02,  -8.94346740e-03,  -3.92778665e-02,
         -4.33293097e-02,   1.16755133e-02,   6.27648830e-02,
         -1.37883443e-02,  -3.18396091e-02,   1.21810520e-02,
         -6.65340759e-03,   4.84917909e-02],
       [ -2.12276261e-02,  -2.64076628e-02,   1.84540097e-02,
         -9.22657624e-02,   5.24256229e-02,   4.90504503e-03,
         -4.42915559e-02,   2.19818596e-02,  -3.35685983e-02,
         -3.03859767e-02,  -2.43297052e-02,  -5.14542349e-02,
         -4.74977270e-02,   5.64648770e-02,   2.50942018e-02,
          1.39055684e-01,  -3.38666327e-02,   7.74043798e-02,
          1.61120370e-02,   7.83548225e-03],
       [ -9.44229215e-03,  -1.38955191e-03,   4.81284894e-02,
         -5.05365990e-02,  -2.16061268e-02,   7.61317788e-03,
          2.91829947e-02,  -3.48825678e-02,  -6.26483560e-02,
         -4.67398539e-02,   1.25272078e-02,   3.88138182e-02,
         -1.11947760e-01,   8.62980261e-02,   2.27487721e-02,
          5.34022935e-02,   7.21124038e-02,   4.78042029e-02,
          1.70998927e-02,  -4.22971323e-02],
       [ -9.98368114e-02,   1.42629175e-02,  -4.13784618e-03,
          2.63376273e-02,   9.15768668e-02,  -5.91987185e-02,
         -2.29390971e-02,  -3.20346132e-02,  -7.03016296e-02,
         -2.70971730e-02,   5.67035526e-02,  -1.74372308e-02,
         -4.23179241e-03,  -3.01611740e-02,  -6.60519525e-02,
         -6.84964210e-02,   6.03999989e-03,  -3.61592062e-02,
          4.61934926e-03,   1.22188389e-01],
       [  3.46562788e-02,   1.80937517e-02,   7.38486871e-02,
          1.75544415e-02,   2.47683804e-02,  -6.36168336e-03,
          5.34281619e-02,  -9.16409269e-02,  -2.74773538e-02,
         -5.09650409e-02,   1.07077349e-05,   6.09780545e-04,
          3.37871239e-02,  -1.91936437e-02,   2.65101227e-03,
          7.41553083e-02,  -9.80829541e-03,  -1.18459381e-01,
          3.53268757e-02,   4.55669463e-02],
       [ -1.46881328e-03,  -4.38051447e-02,  -1.21004647e-02,
          3.42971049e-02,  -6.85237497e-02,   3.77145447e-02,
         -8.64360761e-03,  -3.31920944e-02,  -3.67261767e-02,
         -2.79769003e-02,   2.28504967e-02,  -7.39634037e-02,
          7.65137076e-02,  -3.14334743e-02,  -6.10995144e-02,
         -2.08697394e-02,   4.38964404e-02,   1.59087270e-01,
          4.85351495e-02,  -7.71954469e-03],
       [ -6.66892380e-02,  -2.92233303e-02,   1.18342210e-02,
         -6.67308643e-02,  -4.48355451e-02,  -1.89362150e-02,
          8.93301424e-03,   7.05646584e-03,  -7.86853582e-02,
         -8.23997557e-02,   2.74356641e-02,  -2.67095193e-02,
         -7.26656765e-02,   2.41090022e-02,  -4.93236445e-02,
          5.93240373e-02,  -1.33568281e-02,  -1.66689865e-02,
         -3.13233137e-02,   2.02157274e-02],
       [ -1.52736912e-02,   1.54961068e-02,  -3.08947894e-03,
         -6.41145930e-02,  -4.74569313e-02,   6.83541074e-02,
         -4.53811064e-02,   2.83432230e-02,  -3.94185744e-02,
          6.53343350e-02,   6.84182718e-02,   2.02259910e-03,
         -1.88404415e-03,  -3.41201872e-02,  -1.36129959e-02,
          6.85878992e-02,   1.32940829e-01,  -1.07078375e-02,
          5.86777553e-02,   2.82728765e-03],
       [ -4.82430905e-02,   4.57992554e-02,  -1.57749336e-02,
          3.56590636e-02,  -1.10018654e-02,  -1.30950138e-01,
         -3.25899050e-02,  -6.40840381e-02,   1.27427340e-01,
          3.48269381e-02,   1.01085510e-02,  -7.02419430e-02,
         -3.13800946e-02,   7.75424168e-02,  -7.56178498e-02,
         -6.53319201e-03,   4.59175557e-02,   2.46740431e-02,
         -6.60419762e-02,   5.89227304e-02],
       [ -4.72696759e-02,   1.10885352e-01,   6.40124381e-02,
          3.74530107e-02,  -3.76134068e-02,  -3.95212322e-02,
          3.33127789e-02,  -5.63720129e-02,  -9.04002562e-02,
         -6.81464300e-02,   5.40286787e-02,  -7.91004207e-03,
          3.84668866e-03,   7.35070482e-02,  -6.04313705e-03,
          5.44107053e-03,  -5.68667389e-02,   1.13170706e-01,
          5.36692850e-02,   1.32170647e-01],
       [ -1.11137033e-01,   2.92397588e-02,   6.99542761e-02,
         -9.69652236e-02,  -3.83951291e-02,  -2.65386514e-02,
         -5.73294684e-02,   7.31144994e-02,   3.97943631e-02,
         -7.59649202e-02,  -4.33803312e-02,   3.59421857e-02,
         -4.32714410e-02,  -6.16571903e-02,  -1.27925292e-01,
          4.39179838e-02,  -2.80255992e-02,  -4.10104915e-02,
         -2.40315739e-02,   4.52997461e-02],
       [  1.53410900e-02,   3.27985138e-02,   1.55177014e-02,
          7.70821190e-03,   3.84641178e-02,   1.22408224e-02,
          1.58851407e-02,   5.11862822e-02,   6.14992082e-02,
          4.17107530e-03,  -9.49596986e-02,   6.88345283e-02,
         -6.18717819e-02,  -2.32763998e-02,  -3.74156237e-02,
          2.49694064e-02,   5.47792092e-02,  -8.69160220e-02,
          3.33736129e-02,  -9.52027813e-02],
       [ -2.48141512e-02,  -1.04189292e-03,  -3.21683176e-02,
         -2.28909142e-02,  -2.84049548e-02,  -4.38875845e-03,
          7.40907807e-03,  -8.65856335e-02,   2.82706320e-02,
         -4.35042381e-02,   2.36754585e-03,   3.17933634e-02,
         -1.47924736e-01,  -2.13905461e-02,   1.35894353e-02,
         -3.10465954e-02,   4.75401133e-02,  -1.10609517e-01,
         -8.56579766e-02,  -6.06355220e-02]], dtype=float32), array([  1.66705708e-04,  -3.99727869e-04,  -3.66615161e-04,
        -1.01774800e-04,  -1.54776964e-04,  -1.42204677e-04,
        -1.56005335e-04,  -1.13041031e-04,  -9.58166274e-05,
        -1.51093685e-04,  -6.45530643e-04,   3.11109266e-04,
        -6.33753443e-05,   1.19944452e-05,   3.53815034e-04,
        -2.73135782e-04,  -3.88997112e-04,  -2.22315721e-04,
         5.42471069e-04,   1.48448016e-04], dtype=float32)][array([[ 0.06465255],
       [-0.03939086],
       [-0.03623318],
       [ 0.01111406],
       [ 0.0101213 ],
       [ 0.00499292],
       [ 0.00672634],
       [ 0.01363532],
       [ 0.01818302],
       [ 0.00076198],
       [-0.09145306],
       [ 0.09307528],
       [ 0.02372302],
       [ 0.04404524],
       [ 0.10449997],
       [-0.02492788],
       [-0.04101496],
       [-0.01173745],
       [ 0.12797102],
       [ 0.06564565]], dtype=float32), array([ 0.02008456], dtype=float32)]