[array([[  6.61936998e-02,   4.51973639e-02,  -6.47914633e-02,
          7.57335350e-02,   7.68400952e-02,  -5.17629571e-02,
         -3.55603807e-02,   3.28539312e-02,   4.67794016e-02,
         -7.13419542e-02,   6.71407431e-02,  -4.36268710e-02,
          1.71516500e-02,   7.48138130e-02,   8.74458626e-02,
          6.77434653e-02,  -6.46819323e-02,   8.38893726e-02,
         -5.23493327e-02,   3.68516184e-02,  -5.08789048e-02,
          7.97556788e-02,   8.65339264e-02,   9.85571817e-02,
          6.18022531e-02,  -4.63613011e-02,   1.13108084e-01,
          8.27791095e-02,  -7.73542002e-02,   5.84999323e-02,
          6.82844967e-02,   6.69405088e-02,   5.38286492e-02,
          7.92194679e-02,   4.49418202e-02,   8.77752006e-02,
          8.82704109e-02,  -3.97309251e-02,   7.41361380e-02,
         -6.65634423e-02,  -4.63287570e-02,   9.79108065e-02,
         -1.31628886e-02,   7.76817650e-02,   4.76555601e-02,
          7.37013966e-02,   6.76425472e-02,   4.82521243e-02,
          4.88221422e-02,  -9.23191849e-03],
       [ -6.85495436e-02,  -3.61508094e-02,   1.03589706e-01,
         -1.53816510e-02,  -5.68551905e-02,   7.02468753e-02,
          6.59367666e-02,  -9.33429822e-02,   3.17569487e-02,
         -3.93841323e-03,   2.32808553e-02,  -5.11677749e-02,
          4.34403419e-02,   3.04992385e-02,  -4.12887894e-03,
         -2.02371590e-02,   3.30814570e-02,  -3.04181799e-02,
          3.94912325e-02,  -5.07257879e-02,   1.86014473e-02,
          1.22324796e-02,   9.70181525e-02,   4.84456271e-02,
          1.84654407e-02,  -3.74940038e-02,  -5.01684193e-03,
         -1.03291618e-02,   4.26356308e-02,   2.78810095e-02,
         -1.55731933e-02,   6.35287762e-02,   2.96629313e-02,
          2.48616133e-02,   2.04894785e-02,  -3.69797908e-02,
          9.03203059e-03,   6.45783693e-02,  -1.01621216e-03,
          8.61798078e-02,   8.38507339e-02,   8.41924995e-02,
          7.08964244e-02,  -3.71261351e-02,  -2.26483159e-02,
         -5.76775819e-02,  -7.98925683e-02,  -2.55262796e-02,
          5.17603979e-02,  -4.24633287e-02],
       [ -4.32321951e-02,   3.67440283e-02,  -8.84657633e-03,
         -6.56051608e-03,   1.06609054e-01,  -5.61511107e-02,
         -1.65972468e-02,  -6.34752493e-03,   6.58042580e-02,
         -1.17297396e-02,  -2.52932478e-02,   4.58179377e-02,
          6.96735308e-02,   4.51126695e-02,  -3.34635638e-02,
         -4.88629937e-02,   5.58703877e-02,   1.23689510e-02,
          4.22804505e-02,   1.43433824e-01,   1.72525849e-02,
          9.32502896e-02,   4.12535593e-02,  -2.78182533e-02,
          1.40616139e-02,   4.73745205e-02,  -9.54044759e-02,
          5.65733500e-02,  -1.33540690e-01,  -3.56324650e-02,
          9.27525014e-03,  -8.16808566e-02,  -2.94476599e-02,
         -8.71964693e-02,   3.83212715e-02,   1.57049485e-02,
          5.32942219e-03,   2.35069245e-02,   1.10856956e-02,
          1.27705829e-02,   2.71011028e-03,   4.90643196e-02,
          5.43556772e-02,  -2.13565342e-02,  -1.22645060e-02,
          1.12232128e-02,  -1.34519655e-02,   5.51677532e-02,
         -1.60738721e-03,   1.69648211e-02],
       [ -7.27977753e-02,   6.78693950e-02,  -5.61641343e-02,
          5.26107065e-02,   9.15280804e-02,   7.01942369e-02,
          7.70666525e-02,   1.07249103e-01,   1.78173315e-02,
          3.06903105e-02,   7.79994130e-02,  -2.51814025e-03,
          5.47265983e-04,   8.02896544e-02,   2.64922213e-02,
         -8.50643124e-03,  -9.92797241e-02,   4.73117828e-02,
          2.55447021e-03,  -3.69184241e-02,   1.35481416e-04,
         -6.17118552e-03,  -1.21321797e-03,   3.45454328e-02,
         -7.98958093e-02,   4.85364906e-02,   2.02740878e-02,
         -2.99217589e-02,   4.50857729e-03,  -6.96529448e-02,
         -7.22492859e-02,  -4.13756110e-02,   1.48172593e-02,
         -1.71473250e-02,   5.89824617e-02,   8.81227385e-03,
          6.65085241e-02,   7.33833611e-02,   6.80361316e-03,
         -6.50713071e-02,   3.69379180e-03,  -9.63039845e-02,
          1.83734563e-04,   3.59987505e-02,  -3.98669392e-02,
         -4.75236326e-02,   9.64814704e-03,   2.55903397e-02,
         -2.79942155e-03,   7.34112412e-02],
       [  3.75736207e-02,   1.02008702e-02,   3.58139239e-02,
          2.64436211e-02,  -1.57185532e-02,  -7.47538880e-02,
          4.10128646e-02,  -2.27093417e-03,   7.83512518e-02,
          1.03064157e-01,   4.38808696e-03,  -2.77454890e-02,
         -4.76697534e-02,  -7.85835907e-02,   5.65955706e-04,
         -2.66977977e-02,  -5.41113026e-04,  -6.10996671e-02,
         -3.28852460e-02,  -1.81151591e-02,  -5.60276806e-02,
          2.25149095e-03,  -1.68520547e-02,   1.16730463e-02,
         -2.07723733e-02,   1.23260081e-01,  -6.41987771e-02,
         -9.41827800e-03,   2.05069631e-02,  -2.40001474e-02,
          3.48010510e-02,   2.93016322e-02,  -5.84033988e-02,
          6.50295392e-02,  -4.72269319e-02,  -3.69635336e-02,
          5.02969651e-03,  -7.94764142e-03,  -7.48747885e-02,
          4.72726747e-02,  -8.66524205e-02,   1.62980165e-02,
         -2.62482883e-03,   8.29915889e-03,   6.31397888e-02,
         -1.02705792e-01,   6.24716468e-02,   5.98401623e-03,
          9.60278511e-03,  -2.42941845e-02],
       [  5.49401715e-02,  -4.92887646e-02,  -4.54580709e-02,
          3.81130236e-03,  -2.43217610e-02,  -4.14154343e-02,
         -1.54052032e-02,  -2.96684764e-02,  -1.66782420e-02,
          3.87845859e-02,  -1.50014600e-02,  -2.73994566e-03,
          4.61311787e-02,   5.69391139e-02,  -4.78723012e-02,
          7.93068334e-02,   5.28679192e-02,  -4.47055399e-02,
         -2.25610714e-02,   5.70008680e-02,   2.23576259e-02,
         -5.85998707e-02,  -7.30524585e-02,   8.47678725e-03,
          1.93864703e-02,   5.72566092e-02,  -5.40524684e-02,
          4.16612700e-02,   7.50034070e-03,  -3.17533016e-02,
         -3.06699518e-02,   6.39079064e-02,  -1.16790477e-02,
          1.16316840e-01,  -2.81992406e-02,   4.46669459e-02,
          1.80966482e-02,   2.97287479e-02,  -5.94179630e-02,
          4.75412533e-02,  -6.28361851e-02,   3.67961684e-03,
         -7.31013482e-03,   2.58498397e-02,   2.81201489e-02,
          1.61985517e-03,  -5.71312569e-02,   4.77859341e-02,
         -9.99184847e-02,  -5.38857989e-02],
       [ -1.85730457e-02,   1.90266769e-03,  -2.75436584e-02,
         -7.18139764e-03,  -3.56427506e-02,  -8.64777889e-04,
          4.50405888e-02,   9.79533046e-02,   7.35218003e-02,
          7.03660771e-04,   1.12094288e-03,   5.42239547e-02,
          2.86743743e-03,  -3.13700293e-03,   9.54923872e-03,
         -5.39920516e-02,   2.14270595e-02,  -1.95804052e-02,
          5.35823463e-04,   5.98069280e-02,  -6.94026500e-02,
         -1.76850818e-02,  -8.00184347e-03,  -2.85845734e-02,
         -8.07862580e-02,  -3.94078344e-02,   3.47512178e-02,
          7.83518031e-02,   7.93268904e-02,   1.82396825e-02,
         -8.02785251e-03,  -4.09829840e-02,  -9.53077078e-02,
          1.97117291e-02,   2.07076985e-02,  -3.81959118e-02,
         -4.32991497e-02,  -7.07641542e-02,   1.15652783e-02,
          1.33334389e-02,   2.79532075e-02,   5.60650192e-02,
         -5.11924773e-02,   2.68651880e-02,  -2.93724667e-02,
         -7.24824592e-02,   6.50274977e-02,   2.15182509e-02,
         -1.93142146e-02,   3.97204272e-02],
       [  5.70809990e-02,   2.94242948e-02,   1.39979377e-01,
          1.66849960e-02,   6.26691654e-02,  -7.78759643e-02,
         -2.84857526e-02,   3.43106352e-02,   9.77289304e-02,
         -3.51014431e-03,  -1.34181408e-02,   9.23345145e-03,
         -5.79235842e-03,  -1.86758526e-02,   1.18124792e-02,
          4.04125340e-02,   8.51719975e-02,  -6.47016838e-02,
          2.09062686e-03,  -5.58619499e-02,   1.87919997e-02,
         -2.75556315e-02,   6.60971999e-02,  -5.53383771e-03,
          4.91699502e-02,  -7.27770757e-03,  -3.14630978e-02,
          7.93456435e-02,   6.31008372e-02,   7.20233768e-02,
         -5.07343449e-02,  -4.69452562e-03,   2.94621419e-02,
          3.87911759e-02,  -5.02017774e-02,  -3.46703008e-02,
          1.41301053e-02,   3.50153297e-02,  -5.56216538e-02,
          4.74256203e-02,  -3.33007164e-02,   2.19323095e-02,
          4.06683562e-03,  -8.69878754e-03,   1.89886836e-03,
         -2.44426541e-02,  -4.14974056e-02,  -9.38107967e-02,
         -2.66210665e-03,  -2.63316352e-02]], dtype=float32), array([  1.16609782e-03,   9.32797499e-04,  -4.88125079e-05,
         6.21132611e-04,   9.11435578e-04,  -3.09877039e-04,
         9.81596168e-05,   6.94133982e-04,   1.07956247e-03,
        -5.79003710e-04,   1.62076391e-03,  -3.84112587e-04,
        -9.81900812e-05,   9.45187465e-04,   5.10862214e-04,
         3.71871894e-04,  -3.40544735e-04,   6.41358260e-04,
        -6.01308537e-04,   5.49372227e-04,  -1.32132194e-03,
         1.28612015e-03,   1.51767163e-03,   1.10708403e-04,
         8.24769144e-04,   3.04520072e-04,   1.10697665e-05,
         2.32058286e-04,  -8.30823992e-05,   5.66873117e-04,
         4.12479392e-04,   1.38507655e-03,   1.41416327e-03,
         1.21899170e-03,   1.06764026e-03,   2.47957621e-04,
         1.46664446e-04,  -1.08006725e-03,   1.00206258e-03,
         4.09669838e-07,  -1.30975794e-04,   5.76051316e-05,
         1.18047305e-04,   1.10743032e-03,   2.63914233e-04,
         8.26637086e-04,   7.18581141e-04,   1.62419188e-03,
         1.33000501e-03,   9.07469832e-04], dtype=float32)][array([[ -2.68622469e-02,   8.06252435e-02,   1.04259439e-02,
          1.71329696e-02,   7.08361017e-03,   8.76605138e-02,
          3.53472605e-02,   6.05592169e-02,   1.56303868e-02,
         -1.24335196e-02,   5.45308404e-02,   2.13284679e-02,
          1.03907667e-01,   3.13077308e-02,   1.26736417e-01,
         -3.85944843e-02,   2.84118205e-02,   1.25820860e-01,
          1.32140979e-01,   4.80662622e-02],
       [  5.89415878e-02,   1.65717974e-02,  -5.70916645e-02,
         -5.53953089e-02,   4.80499119e-02,   6.46705106e-02,
         -6.08213805e-03,   5.25469892e-02,   5.84478416e-02,
          3.11214365e-02,   7.75574073e-02,   5.08124419e-02,
          6.23414703e-02,   3.04213795e-03,   1.58185866e-02,
          7.49732107e-02,  -3.59250139e-03,  -4.77635935e-02,
          3.20024858e-03,   5.14252894e-02],
       [ -1.04578268e-02,  -3.40243690e-02,   5.72289480e-03,
         -8.34190194e-03,   1.50838727e-02,  -1.00337781e-01,
          3.82208778e-03,  -1.27461338e-02,   1.76353082e-02,
         -3.55167538e-02,   7.81620070e-02,  -1.46581093e-02,
          5.92373088e-02,  -1.10867899e-02,  -5.27971797e-02,
          1.07265152e-02,   2.12210119e-02,  -1.33653097e-02,
          2.26361975e-02,  -4.76556346e-02],
       [ -3.28229740e-02,   8.50664675e-02,   9.71953943e-02,
          1.64427072e-01,   1.28143243e-02,   4.24560867e-02,
          1.24470204e-01,   1.17643058e-01,   2.58642007e-02,
         -1.85366962e-02,  -5.29936738e-02,   3.33888195e-02,
          1.03156708e-01,   8.12948942e-02,   9.32236761e-02,
          1.01319164e-01,  -9.35547147e-03,   2.52821390e-02,
          1.48570882e-02,   3.54199894e-02],
       [  6.19674288e-02,   8.68959129e-02,   1.34785175e-01,
          8.84546153e-03,   1.05290316e-01,  -2.52362993e-02,
         -5.82761504e-03,   1.23176433e-01,   7.75352642e-02,
          1.14665851e-01,   6.22656718e-02,  -6.13220735e-04,
         -2.65457816e-02,   8.99831727e-02,   3.77317928e-02,
          6.30033165e-02,   5.88734448e-03,   5.72348908e-02,
          7.78025910e-02,   1.08549938e-01],
       [ -9.00428742e-03,   1.83771420e-02,  -3.76506038e-02,
         -5.94766065e-02,  -1.93547495e-02,   9.77052897e-02,
          2.24706763e-03,  -1.20807148e-03,   1.09539013e-02,
         -3.31648476e-02,   2.92442832e-02,   2.93238852e-02,
          2.46435497e-02,  -5.46561256e-02,  -4.76793014e-02,
         -1.33003271e-03,  -4.12247889e-03,   1.19404402e-02,
         -3.48570361e-03,  -5.67145944e-02],
       [ -5.56442291e-02,  -7.06361905e-02,   4.47954275e-02,
          4.17096242e-02,  -6.76346868e-02,  -3.70497778e-02,
          3.23723480e-02,   6.95602596e-02,   2.31533255e-02,
         -1.15940645e-02,   5.37028015e-02,   3.56312096e-02,
         -6.11816421e-02,   3.80811915e-02,  -3.22407559e-02,
         -7.81284645e-03,  -2.97094323e-02,   2.54884884e-02,
         -5.23057766e-02,   1.07762069e-01],
       [  8.84021893e-02,  -3.31384689e-02,   4.22057509e-02,
          5.75364754e-03,   8.89942348e-02,   9.22558457e-03,
          8.60656202e-02,   5.30141080e-03,  -1.00106172e-01,
          7.14131370e-02,   6.25479519e-02,   4.47384752e-02,
         -1.78558454e-02,   1.62258670e-02,   4.27528769e-02,
         -8.25070962e-02,  -3.42414975e-02,   3.12942266e-02,
          1.87282711e-02,   7.94958919e-02],
       [  5.06487070e-03,   1.54231815e-02,   3.43379900e-02,
         -9.28283855e-03,  -3.98337794e-03,   5.07773347e-02,
          1.13740973e-01,   1.23300469e-02,   4.29448672e-02,
         -7.61884218e-03,   7.45548829e-02,   2.03990028e-03,
         -6.15392923e-02,   7.07368553e-02,   1.15982831e-01,
         -3.07611711e-02,   4.57145981e-02,  -1.68430898e-02,
         -6.79992558e-03,   1.42693380e-02],
       [ -9.72169638e-02,  -5.21161035e-02,  -3.05203348e-02,
         -5.78988045e-02,  -1.48706930e-02,  -1.73440147e-02,
          2.48546451e-02,  -9.95369479e-02,  -6.10208735e-02,
         -3.81740779e-02,   8.59770179e-02,   2.56799161e-02,
          3.59957553e-02,  -6.99875057e-02,  -2.74423463e-03,
         -3.20407525e-02,   1.87776294e-02,   5.28780296e-02,
          4.55555208e-02,  -1.15849093e-01],
       [  5.27476259e-02,   5.33105247e-02,   1.14474840e-01,
          7.06698522e-02,  -4.71314555e-03,   2.07000356e-02,
          5.08430712e-02,   8.47845227e-02,   9.24768765e-03,
          5.19428551e-02,   3.19540724e-02,  -1.74805522e-02,
          8.34653899e-03,   7.21492693e-02,  -7.68141728e-03,
          8.19825009e-02,   6.98643625e-02,  -1.39577426e-02,
          3.76544297e-02,   2.86340974e-02],
       [ -1.08165160e-01,   4.77767214e-02,  -2.47298386e-02,
          4.01113778e-02,   2.00317744e-02,   2.43571978e-02,
          2.62513030e-02,   8.90971050e-02,   9.97018963e-02,
          2.93029360e-02,  -8.46293643e-02,   2.14192346e-02,
         -3.45920660e-02,   1.42708537e-03,  -5.68882376e-02,
          1.78703063e-04,  -4.29282933e-02,   4.74022236e-03,
         -4.72181514e-02,  -1.03632659e-02],
       [ -4.60618362e-02,  -1.66887231e-02,  -1.81331416e-03,
         -9.07234568e-03,  -4.18527462e-02,  -1.15747238e-02,
          3.83182807e-04,  -3.05714272e-02,   9.64717846e-03,
          4.46672328e-02,   1.17171414e-01,   2.06763744e-02,
         -1.93557236e-02,   5.24807982e-02,   1.75901745e-02,
          3.04119606e-02,  -4.25163768e-02,  -4.28122329e-03,
         -3.87895927e-02,   1.37475401e-01],
       [  8.85169506e-02,   9.72625390e-02,   3.35087106e-02,
          7.52886608e-02,   7.24530071e-02,   1.99032463e-02,
          5.44390045e-02,   3.97783779e-02,   4.08078544e-02,
         -5.90457655e-02,   5.13832867e-02,   2.67827213e-02,
          6.50635064e-02,  -4.50015962e-02,   9.79406163e-02,
          7.69132450e-02,   2.81140348e-03,   1.28510147e-01,
          6.26543611e-02,   7.86821451e-03],
       [  1.37488127e-01,   1.26119778e-01,   5.86451143e-02,
          4.06553708e-02,   7.48485625e-02,  -2.58082873e-03,
          7.12614805e-02,   1.06755406e-01,  -1.42415613e-02,
          2.81540100e-02,   1.47395199e-02,   6.88690543e-02,
          1.63393006e-01,   4.73533086e-02,   1.32141724e-01,
          1.22591287e-01,   2.41828524e-02,   8.59733224e-02,
          6.15195930e-02,   7.76233450e-02],
       [ -2.02219766e-02,   3.22133079e-02,   3.58928964e-02,
         -8.87237955e-03,   6.57883584e-02,   2.81799436e-02,
         -3.19927162e-03,   3.96795310e-02,   6.12638630e-02,
          2.47543920e-02,  -4.11902741e-03,   2.07632482e-02,
          9.98085663e-02,   1.02253467e-01,   3.85003239e-02,
          4.68351506e-02,   1.96183193e-02,   4.80602272e-02,
          2.31183376e-02,   3.30966227e-02],
       [ -3.92446145e-02,   2.06871238e-02,  -5.72348870e-02,
         -6.23091497e-02,   5.22929691e-02,   1.06247356e-02,
         -1.92297027e-02,  -5.77283278e-03,  -2.10734438e-02,
         -7.63265118e-02,  -9.26211767e-04,   9.33361053e-03,
         -2.10218616e-02,  -7.92655442e-03,   2.49141846e-02,
         -1.00095496e-02,   1.02218047e-01,  -8.52573365e-02,
         -5.68598136e-02,   4.80054170e-02],
       [  1.41210228e-01,   9.06206667e-02,   9.66340527e-02,
          1.52771082e-02,   3.68316285e-02,   1.06342822e-01,
          6.47391453e-02,   1.48113305e-02,   4.56744768e-02,
          1.88233107e-01,   6.26795441e-02,   4.24895510e-02,
          4.55974862e-02,   4.26217690e-02,   3.97496819e-02,
          1.62474990e-01,  -2.28737798e-02,   4.67773303e-02,
          1.12833992e-01,   7.85710588e-02],
       [ -6.06813980e-03,  -4.37061414e-02,  -1.44317403e-01,
         -7.01128598e-03,  -5.86548001e-02,   1.94104034e-02,
          3.55439372e-02,   5.96238524e-02,  -2.77395509e-02,
         -3.22446786e-02,  -1.17278835e-02,   1.41808297e-02,
         -7.95686692e-02,  -2.17645839e-02,  -1.78798866e-02,
          1.84893198e-02,   9.00138691e-02,   1.01974130e-01,
          7.60931056e-03,   4.73641604e-03],
       [  6.64941519e-02,   8.06697235e-02,   4.14303355e-02,
         -6.55481443e-02,   6.48985580e-02,   1.22177107e-02,
         -2.83594392e-02,   7.57041276e-02,  -2.27054954e-02,
          4.45048474e-02,   4.66607139e-02,  -4.67282068e-03,
         -2.95524788e-03,  -5.30095585e-03,  -8.24100524e-03,
          4.93942499e-02,   2.20384803e-02,   1.10725290e-03,
          3.01979985e-02,  -3.74647649e-03],
       [ -3.96114634e-03,   1.80484448e-02,  -2.22688355e-02,
         -1.79386176e-02,  -5.03516272e-02,   4.54642735e-02,
          7.84173533e-02,  -3.10634878e-02,  -1.58416312e-02,
         -1.81535650e-02,   4.01091129e-02,  -3.72530147e-02,
         -1.27088577e-01,   5.26349731e-02,  -2.35163178e-02,
         -5.80941141e-02,   5.16001415e-03,  -2.95917504e-02,
          2.40215547e-02,  -4.39373078e-03],
       [  1.75109133e-02,  -1.78518798e-02,   1.05578437e-01,
          1.73940554e-01,   1.56168947e-02,   8.39668140e-03,
          5.65774292e-02,   6.51545152e-02,   1.22111991e-01,
          1.52460877e-02,   1.04255177e-01,   2.96856416e-03,
          7.53036588e-02,   6.47761580e-03,   1.75890028e-01,
          6.65851310e-02,  -6.48036273e-03,   3.76105532e-02,
          6.57481700e-02,   9.12528038e-02],
       [  5.76442666e-02,   4.90544103e-02,   8.09079334e-02,
          4.19554897e-02,   3.14314589e-02,   2.50848532e-02,
          1.07970424e-01,   1.63220689e-02,   2.79675284e-03,
          1.76533610e-01,   3.81107144e-02,  -1.84140634e-02,
          1.81300193e-02,   1.58402063e-02,   1.17396966e-01,
          3.97816971e-02,  -6.08982332e-02,   7.48532563e-02,
          6.55233040e-02,   1.84196427e-01],
       [  3.08841765e-02,   3.37949619e-02,   4.52523492e-02,
         -5.67086507e-04,   2.86112782e-02,   1.30000576e-01,
          2.40010917e-02,   9.17553995e-03,   4.11699414e-02,
          9.57649946e-02,   9.57862660e-02,  -7.19533814e-03,
          9.65658799e-02,   2.41769943e-02,   6.53152391e-02,
          9.59405079e-02,   3.58632356e-02,   5.05824760e-03,
          5.60653396e-02,   6.20617047e-02],
       [ -3.79925109e-02,  -2.64817234e-02,   6.19551875e-02,
          5.45250997e-02,   1.12930737e-01,   4.19272929e-02,
          7.70884391e-04,   1.25449179e-02,  -3.99241820e-02,
          7.59597421e-02,   1.16370544e-01,  -4.52369973e-02,
          7.88510740e-02,   3.49397659e-02,   7.68624246e-02,
          6.67826179e-03,   6.08583819e-03,  -2.46419646e-02,
          9.42830443e-02,   2.76867300e-02],
       [ -1.71200186e-02,   2.43082549e-02,  -2.12600157e-02,
         -2.79013645e-02,  -9.14160758e-02,  -3.76133178e-03,
         -7.41689047e-03,   5.46001419e-02,   5.77885918e-02,
          6.96869195e-02,  -1.58637092e-02,  -5.93731143e-02,
          7.52609521e-02,  -1.15729216e-02,   3.27245295e-02,
          2.12311354e-02,   4.61854264e-02,   4.29132134e-02,
          2.92715859e-02,  -3.29510495e-02],
       [  8.21280181e-02,   2.88112443e-02,  -2.41862200e-02,
          4.22603562e-02,  -5.75679690e-02,   2.57203765e-02,
         -5.23303635e-03,  -1.59287782e-04,   2.37968005e-03,
          6.37119785e-02,   4.90355752e-02,   6.16838895e-02,
          2.66506840e-02,  -3.98895703e-02,   3.22350115e-02,
          3.29789966e-02,   6.88039362e-02,   1.46360636e-01,
          1.09337799e-01,   4.62321844e-03],
       [  8.20091367e-02,   5.83214872e-02,   7.66753182e-02,
         -1.97665505e-02,  -3.89436893e-02,   7.99165741e-02,
          1.11128546e-01,   4.07742932e-02,   8.26757252e-02,
          1.02730673e-02,   6.59022182e-02,   1.16674267e-01,
          8.19873139e-02,   8.07552263e-02,  -6.08605221e-02,
          5.25011644e-02,   2.16961782e-02,   4.45668027e-02,
         -1.11870412e-02,   4.02809680e-02],
       [ -2.96779387e-02,  -3.39754485e-02,  -5.56526966e-02,
         -3.79054956e-02,   4.34317579e-03,  -7.57058784e-02,
         -8.32730681e-02,   5.08247241e-02,   2.15426162e-02,
         -3.25846858e-02,   3.92862745e-02,  -3.54417749e-02,
          1.21293645e-02,   2.33238824e-02,   1.26817763e-01,
          5.28478436e-02,  -7.26711527e-02,  -9.70252976e-03,
         -5.27435094e-02,  -3.21330093e-02],
       [  2.90709157e-02,   4.55612428e-02,   1.19750515e-01,
          7.30948336e-03,   6.93582892e-02,   4.80048321e-02,
         -3.73618044e-02,   9.55764484e-03,   8.09049010e-02,
         -5.20101525e-02,   1.24204764e-02,   7.26637244e-02,
         -3.97830009e-02,   2.15321202e-02,   5.38306870e-02,
          4.87347618e-02,   7.91155361e-03,  -1.15142558e-02,
          1.83377322e-02,   4.49210107e-02],
       [  3.48294992e-03,   1.51507994e-02,  -3.65206343e-03,
          8.75083059e-02,   1.28662679e-02,   8.32405388e-02,
          2.09922362e-02,   2.36569978e-02,   4.68075946e-02,
          4.24347781e-02,   6.44230768e-02,  -1.71190351e-02,
          4.36647870e-02,  -1.24817411e-03,   4.51200940e-02,
          5.31953052e-02,   5.74486656e-03,   7.77036324e-02,
          1.47662759e-01,   3.85519513e-03],
       [  8.44407361e-03,   7.85889328e-02,  -2.24028006e-02,
          4.52459976e-02,   1.69479311e-01,   7.33996034e-02,
          5.24117127e-02,   3.42906751e-02,   4.47228923e-02,
         -6.02978375e-03,   1.10264190e-01,   5.81958219e-02,
          4.79212925e-02,   1.71075892e-02,   6.20508604e-02,
          3.67884003e-02,  -3.27934250e-02,  -4.70048562e-02,
         -1.89224351e-02,   3.12115569e-02],
       [  1.07073568e-01,  -2.26929747e-02,   2.34112032e-02,
          2.30938755e-02,   7.30390474e-02,   6.09824248e-02,
          4.27347682e-02,  -4.52860147e-02,   2.11051852e-02,
          5.87690473e-02,   7.50203133e-02,   7.03532621e-02,
         -1.13797551e-02,  -3.62405032e-02,   6.22809939e-02,
         -2.08984828e-03,   5.27685415e-03,   5.22192121e-02,
         -4.28562425e-02,   6.51206076e-02],
       [  5.45149148e-02,  -7.70125836e-02,   1.40798767e-03,
          8.41017291e-02,   1.34279862e-01,   2.65759099e-02,
         -2.82231271e-02,   8.08238089e-02,   2.94943321e-02,
          9.51211378e-02,   8.74559730e-02,  -4.54456583e-02,
          6.02182560e-03,   1.41026303e-01,   1.15079992e-01,
          5.29612713e-02,  -1.04471017e-02,   1.03230603e-01,
          5.30986376e-02,   1.29888833e-01],
       [  1.02575101e-01,   4.76433188e-02,  -4.04231884e-02,
         -7.34233810e-03,  -5.33893853e-02,   5.91610037e-02,
          3.43706869e-02,   6.35805249e-04,   7.71285966e-02,
          1.00534521e-02,   1.02039361e-02,  -7.24796625e-03,
          1.14769489e-01,   4.51816842e-02,  -7.74775166e-03,
         -3.21049169e-02,  -3.71400863e-02,   6.70765117e-02,
          2.37589721e-02,  -8.00122565e-04],
       [  1.20215505e-01,   4.67713363e-02,   1.31545439e-01,
          1.08891740e-01,   7.52347615e-03,  -2.95038279e-02,
          1.76269785e-02,   1.20930307e-01,   9.98142511e-02,
          3.51925716e-02,   1.17568761e-01,   2.73854602e-02,
          4.79514226e-02,   5.42007126e-02,   4.38598506e-02,
         -4.76299552e-03,  -3.21356431e-02,   8.48236680e-02,
          1.20220408e-01,   1.14826500e-01],
       [  6.99066818e-02,  -4.21755612e-02,   1.03808545e-01,
          9.98984128e-02,   7.12541118e-02,  -5.42749465e-02,
          5.15455827e-02,  -8.30711611e-03,   3.51431519e-02,
          9.25230831e-02,   1.17905317e-02,   4.12390530e-02,
          6.18253648e-02,   2.45900974e-02,   4.69772853e-02,
          3.48718129e-02,  -1.98757965e-02,   4.47617359e-02,
          1.41139254e-01,   5.66652417e-02],
       [  2.11965069e-02,  -3.32998857e-02,  -5.87945469e-02,
          1.00177884e-01,   6.19303286e-02,   4.12866697e-02,
          4.59609479e-02,  -9.89137962e-02,   1.22405821e-02,
          2.03253943e-02,  -5.35138845e-02,   9.84903052e-02,
         -2.09032539e-02,  -6.72245920e-02,   2.68987902e-02,
         -1.64899658e-02,   1.08586453e-01,  -7.46777579e-02,
         -7.76162297e-02,  -1.29089858e-02],
       [ -7.21338019e-02,   1.12580784e-01,   6.20536134e-02,
          1.10084496e-01,   6.26492267e-03,   5.72755225e-02,
          1.65495463e-02,  -5.00936657e-02,   1.16061375e-01,
          1.49269059e-01,  -2.74638478e-02,   2.00988166e-02,
          6.23428598e-02,   2.34714057e-02,  -9.37852170e-03,
          1.11748993e-01,   5.81205264e-02,   3.66330408e-02,
          3.48258279e-02,   1.20649613e-01],
       [  1.83648039e-02,   3.63506004e-02,   7.95242563e-02,
         -7.04059079e-02,  -1.56698413e-02,  -1.87231321e-02,
          1.78112518e-02,  -1.43553028e-02,  -1.05222069e-01,
         -8.05598497e-03,   1.78885590e-02,   4.77799214e-02,
          3.03261112e-02,  -2.38075890e-02,  -3.19778733e-02,
         -1.25367027e-02,   2.25344952e-02,   6.37339940e-03,
         -4.14863564e-02,   5.04428707e-02],
       [  5.21314852e-02,  -3.17142084e-02,  -5.12323640e-02,
         -7.40136653e-02,   3.82600017e-02,  -3.53961326e-02,
          7.30635896e-02,   6.10647164e-02,  -5.81469350e-02,
         -1.38541237e-02,   9.43279453e-03,   2.70722085e-03,
          6.88841939e-02,  -5.00422604e-02,  -1.23623172e-02,
         -1.86947882e-02,   5.53930774e-02,  -3.30846128e-03,
         -3.33387591e-02,   4.73205149e-02],
       [ -2.14241818e-02,  -3.36588826e-03,   3.51440310e-02,
          2.48150509e-02,   4.56626751e-02,   1.23843793e-02,
          1.96803324e-02,   5.84689900e-02,  -2.61226557e-02,
         -8.04580934e-03,   2.97780093e-02,   1.33336574e-01,
          1.04788952e-02,  -6.49752049e-03,   9.71621275e-02,
          7.07677007e-03,   6.74612224e-02,   1.20710589e-01,
          2.39827372e-02,   8.31624717e-02],
       [  2.86550857e-02,   1.12414900e-02,  -7.19278902e-02,
         -1.85231399e-02,   8.40783119e-02,  -3.29918936e-02,
          6.44023120e-02,  -2.14880612e-02,   3.09072956e-02,
         -4.79461029e-02,   1.76212692e-03,  -1.71623137e-02,
         -3.96691076e-02,  -1.82148758e-02,   7.02104717e-02,
          3.51096466e-02,  -2.77410951e-02,  -4.15691398e-02,
          4.07988466e-02,   1.04566678e-01],
       [  2.19225232e-02,   8.38093236e-02,   4.20103855e-02,
          1.01676323e-01,   8.75589401e-02,   4.81569096e-02,
         -3.20392065e-02,   1.01368606e-01,   1.00416876e-01,
          4.73756455e-02,   6.37208894e-02,   2.07604803e-02,
          6.62816167e-02,   1.21074468e-01,   8.55505019e-02,
          7.34747052e-02,   3.00584938e-02,   6.20815381e-02,
          3.04026362e-02,   6.77979216e-02],
       [ -4.11819172e-04,   2.02097148e-02,   5.47106303e-02,
          3.09376325e-02,   4.83196303e-02,   5.33085987e-02,
         -3.40568461e-02,   4.37437408e-02,   5.74883036e-02,
          7.33433813e-02,  -1.88614875e-02,  -3.04343030e-02,
         -4.04422097e-02,   1.61800850e-02,   5.40210959e-03,
         -1.02157379e-02,  -2.52112746e-02,   5.66485487e-02,
          4.21138331e-02,   9.13586840e-02],
       [  6.88575627e-03,   7.05937073e-02,   1.07688583e-01,
          5.63870780e-02,   5.12801185e-02,   9.78639275e-02,
          2.36039758e-02,   1.42639980e-01,   1.48383141e-01,
          5.84151782e-02,   6.84341788e-02,   5.69687132e-03,
          1.06084630e-01,   2.81387661e-02,   3.63175496e-02,
         -1.61749944e-02,  -7.55672455e-02,   1.35184862e-02,
          3.60055976e-02,   1.39978558e-01],
       [  5.13660833e-02,   3.87225710e-02,   1.45700917e-01,
          1.64676771e-01,   1.06513560e-01,  -2.88072377e-02,
          8.04498568e-02,  -4.62953113e-02,  -8.70303623e-03,
          6.46685436e-02,   8.08727965e-02,   2.73971241e-02,
          2.87330747e-02,  -9.64542944e-03,   6.85445266e-03,
          8.30805749e-02,  -1.90478843e-02,   1.12721078e-01,
         -1.68349762e-02,   9.90282223e-02],
       [  5.60190016e-03,   6.71417043e-02,   5.03652170e-02,
          4.23697531e-02,  -2.88909883e-03,   8.45503733e-02,
         -9.58941970e-03,   4.89681065e-02,   3.68157662e-02,
         -1.08886622e-02,  -3.66427819e-03,   3.44184004e-02,
          5.19355163e-02,   7.74593949e-02,   4.49696183e-02,
         -1.23396711e-02,   1.11268265e-02,   1.89599805e-02,
          1.58552136e-02,   1.79566033e-02],
       [  8.26401729e-03,  -2.00548861e-02,   5.01035750e-02,
         -4.82626595e-02,   1.42628429e-02,  -1.36886863e-03,
          6.32638782e-02,  -4.23161648e-02,   2.35843882e-02,
          8.29114765e-03,   2.65552979e-02,   5.01086935e-02,
         -4.74422984e-02,   6.01105690e-02,   8.10931921e-02,
          8.37952048e-02,   4.00481820e-02,   5.35661168e-02,
          5.69302104e-02,  -2.46714093e-02],
       [ -4.36279774e-02,   8.36648121e-02,   1.14644244e-01,
         -1.66242302e-04,   6.68705034e-05,   7.48884156e-02,
         -7.36058503e-02,  -6.17548525e-02,  -2.21084878e-02,
         -4.47219014e-02,   2.18188372e-02,   3.89732905e-02,
          1.46444468e-02,   3.72964293e-02,  -9.23056342e-03,
          1.28541976e-01,   3.42964754e-02,  -2.79283412e-02,
         -2.45182235e-02,   1.04009444e-02]], dtype=float32), array([ 0.03725383,  0.04829673,  0.05553681,  0.03416866,  0.03983602,
        0.03823315,  0.03248575,  0.0349072 ,  0.04752079,  0.04980676,
        0.04792603,  0.04134825,  0.04761445,  0.05962798,  0.03834642,
        0.04716301,  0.03414835,  0.05733132,  0.05296737,  0.04884774], dtype=float32)][array([[-0.4734138 ],
       [-0.53439933],
       [-0.66810066],
       [-0.51559573],
       [-0.51639521],
       [-0.47998857],
       [-0.43585211],
       [-0.48197201],
       [-0.53714609],
       [-0.58613533],
       [-0.59268636],
       [-0.44209903],
       [-0.55251199],
       [-0.56481791],
       [-0.58576357],
       [-0.56360632],
       [-0.34975231],
       [-0.63026774],
       [-0.60972679],
       [-0.7061913 ]], dtype=float32), array([-0.83492094], dtype=float32)]