[array([[-0.00058726,  0.00614334, -0.02317071, -0.04449328,  0.04281564,
         0.01952539, -0.06833217, -0.08595913,  0.01065689, -0.06447056,
         0.00967764,  0.03256318,  0.0412628 , -0.04104596, -0.06961861,
        -0.09469482,  0.08060581, -0.08347967, -0.04608123,  0.03398328,
        -0.02369539, -0.10529739, -0.00881365,  0.06052742,  0.00377502,
        -0.05824825,  0.00257058, -0.0370965 , -0.00898128, -0.00493647,
         0.0285059 ,  0.07522976,  0.07262429,  0.05507386,  0.00577459,
        -0.03315489,  0.08952685, -0.00216599,  0.03875914, -0.01977235,
         0.05890503,  0.05904393,  0.11301512, -0.00737403,  0.05407919,
         0.09722449, -0.08293226,  0.00953539,  0.07875931, -0.01502133],
       [-0.10929511,  0.04090701,  0.06663794, -0.03293567,  0.06190788,
         0.00353728, -0.01695167, -0.02140123,  0.06324293,  0.01358898,
         0.016652  , -0.05646865,  0.0364895 ,  0.00855202, -0.08938662,
        -0.08599519,  0.01597155, -0.0926737 , -0.07957494, -0.09598123,
        -0.04656548,  0.01059858,  0.09082661,  0.02201385,  0.00187506,
        -0.03929878, -0.01259616, -0.02925601,  0.02262706,  0.0442732 ,
         0.04239571,  0.00704092, -0.02273932, -0.08705359,  0.01070833,
        -0.07066116, -0.00324062, -0.00606685, -0.01382896, -0.08141319,
         0.08587276,  0.00348704,  0.02579654,  0.0095123 , -0.06010532,
         0.06344824, -0.05458508, -0.00034933, -0.0110909 , -0.00279872],
       [-0.05544209,  0.02538683,  0.02551438,  0.04492709, -0.04397662,
        -0.0443892 , -0.01908959, -0.00035968, -0.0503384 , -0.04385262,
         0.01419005,  0.03764835, -0.00446421, -0.02403886,  0.07070707,
         0.00980138, -0.04486103, -0.0373381 ,  0.02768452,  0.09332191,
        -0.04497976,  0.05957314,  0.13462375,  0.07579444, -0.03123484,
        -0.02422681, -0.0526369 , -0.0153254 ,  0.03329732, -0.00346851,
         0.00598091, -0.06293724, -0.03776117,  0.09309252, -0.11587848,
        -0.0069645 , -0.04234968, -0.01574225,  0.07387432,  0.09997787,
        -0.00892028, -0.01392557, -0.05359359, -0.13540569,  0.00876409,
         0.0933644 ,  0.05274802, -0.06532919, -0.05502367,  0.02401555],
       [ 0.03238557, -0.11775195,  0.07026134, -0.01236464,  0.00621809,
        -0.01748697,  0.01190679,  0.04754473,  0.00205089,  0.06402042,
         0.01855979,  0.02341946,  0.05205525,  0.05253304, -0.00102084,
        -0.07275459,  0.08245431, -0.02793699, -0.05862518,  0.03406883,
        -0.01614002,  0.07431143, -0.02277895, -0.10040274, -0.01627889,
        -0.03192294, -0.002687  , -0.01576593, -0.01095227,  0.04991108,
        -0.10498997, -0.00836857, -0.05205544, -0.03707054,  0.03582174,
         0.10015585, -0.03823177, -0.02938812, -0.05341024, -0.00833277,
         0.03387904,  0.0288347 ,  0.01468965, -0.03777787,  0.0033797 ,
        -0.00941107,  0.04349258, -0.02814104, -0.00035587, -0.02837746],
       [ 0.09998228, -0.0240279 ,  0.06008248, -0.00809001,  0.03021029,
        -0.00247252, -0.03532917,  0.04027679,  0.06541278,  0.06957205,
        -0.02646895, -0.02187046, -0.02283701,  0.01902197,  0.04049743,
         0.03951681,  0.0021751 ,  0.06879061, -0.06848852,  0.01102617,
         0.07402629,  0.05044007, -0.0639836 , -0.101515  ,  0.11112151,
        -0.04549071, -0.01936507, -0.02318649,  0.0051767 , -0.08864944,
         0.0003129 , -0.01379107, -0.06552759,  0.01803467, -0.02732008,
         0.00286834, -0.01022703,  0.04541166,  0.06241481,  0.04721856,
         0.02664624, -0.0723004 ,  0.01377346,  0.01209703,  0.0031314 ,
         0.00122815,  0.06127509, -0.01983027, -0.0401057 , -0.05340848],
       [ 0.00170263,  0.05296343,  0.07370733, -0.0089237 , -0.04859437,
         0.0221745 , -0.06526205,  0.05734629,  0.07701186,  0.08587251,
        -0.04221284,  0.02288958, -0.0709924 ,  0.02321888, -0.01426333,
        -0.10469826,  0.04651162, -0.00256606,  0.05018901, -0.03011347,
        -0.04846775,  0.03013405,  0.09757774, -0.01536663, -0.05184145,
         0.00275216, -0.01811945, -0.01517812, -0.03169279,  0.02989974,
         0.03961611,  0.08759081, -0.0398055 , -0.0471695 ,  0.06348589,
         0.06419361, -0.08006759, -0.01231721,  0.04940525,  0.01351231,
        -0.0384718 , -0.030268  ,  0.07049508, -0.02400548,  0.10174731,
         0.05196087,  0.0244523 , -0.00655287, -0.08179741, -0.0344966 ],
       [-0.02529343,  0.05095923,  0.00043193,  0.04594798, -0.04624781,
         0.07028727,  0.01374143,  0.00984966,  0.07473207,  0.00146351,
         0.07173134,  0.07846271, -0.01992533, -0.04224844, -0.09846811,
        -0.04189712,  0.00905764, -0.00146578, -0.04416339, -0.0246152 ,
         0.00592727, -0.07447155,  0.09032428, -0.00712799,  0.01593542,
        -0.0126669 , -0.01294355,  0.0462929 ,  0.03592099,  0.00059112,
        -0.06372575,  0.05487525, -0.02232645, -0.04977347, -0.04184282,
        -0.05361695,  0.01185734, -0.05622406,  0.00218611, -0.01471971,
        -0.0195941 , -0.01172934, -0.00605327,  0.03585622, -0.07529911,
        -0.09070002,  0.01914343,  0.05284186, -0.03642363, -0.03365312],
       [ 0.00077297, -0.0468838 ,  0.0443011 , -0.00217039, -0.04506616,
        -0.02967731,  0.02520575,  0.04690586,  0.02155071,  0.09565517,
         0.00064445,  0.00993951,  0.04541187,  0.03005038, -0.01836692,
        -0.03309474, -0.00064449,  0.08232268, -0.08601967, -0.06964866,
        -0.01471772,  0.06443815,  0.00087732,  0.00484125,  0.03946505,
        -0.03069176,  0.08106271, -0.01853418,  0.08126896,  0.06130776,
         0.08287019,  0.09679721, -0.04440614, -0.08769508, -0.00191494,
        -0.07036789,  0.02430418, -0.02012609,  0.04092226, -0.01430926,
         0.04902254,  0.03285662, -0.04586238,  0.00694596, -0.0632629 ,
        -0.09390102,  0.0239197 ,  0.02872537,  0.17676201, -0.07685372]], dtype=float32), array([ 0.,  0.,  0.,  0.,  0.,  0.,  0.,  0.,  0.,  0.,  0.,  0.,  0.,
        0.,  0.,  0.,  0.,  0.,  0.,  0.,  0.,  0.,  0.,  0.,  0.,  0.,
        0.,  0.,  0.,  0.,  0.,  0.,  0.,  0.,  0.,  0.,  0.,  0.,  0.,
        0.,  0.,  0.,  0.,  0.,  0.,  0.,  0.,  0.,  0.,  0.], dtype=float32)][array([[  4.23798896e-02,   5.07341102e-02,   7.68491924e-02,
         -6.03275234e-03,  -3.86093892e-02,  -2.79665720e-02,
         -1.40239568e-02,  -4.57266439e-03,   6.47145659e-02,
          3.06395683e-02,   6.42611906e-02,  -3.84222567e-02,
         -3.82042639e-02,   2.64517106e-02,   6.58244342e-02,
          6.98820055e-02,   6.88349903e-02,   9.98428613e-02,
         -2.47615166e-02,  -5.47372997e-02],
       [  6.96099624e-02,   7.08684549e-02,   4.77512293e-02,
         -5.23879640e-02,   5.10205291e-02,   2.25282125e-02,
         -1.88942775e-02,   4.84656207e-02,   1.62329990e-02,
         -2.09680852e-02,   2.38509085e-02,   1.25113711e-01,
         -4.03221436e-02,  -1.50678996e-02,   1.18921814e-03,
         -1.06148152e-02,  -4.40415889e-02,   3.77036855e-02,
         -2.35005026e-03,   5.73295839e-02],
       [ -1.75948981e-02,   2.34531071e-02,  -1.05925985e-02,
         -2.02561989e-02,  -4.73952256e-02,  -7.81765133e-02,
         -1.79920942e-02,  -8.56971294e-02,  -8.81930143e-02,
         -9.32271779e-02,   1.54414298e-02,   3.19432728e-02,
         -3.79709117e-02,   3.22822593e-02,   7.86818191e-02,
         -1.89827215e-02,   3.61146890e-02,  -4.61950488e-02,
         -1.94923356e-02,  -5.48233166e-02],
       [  2.97909975e-02,   4.00156789e-02,  -1.00648776e-03,
          4.94819544e-02,   7.41130337e-02,  -8.30035731e-02,
         -1.10030435e-02,   1.97800286e-02,   3.17060500e-02,
          1.77185144e-02,   6.01069517e-02,   4.51022238e-02,
         -2.73222160e-02,   2.06399392e-02,   4.06443886e-02,
          1.88544113e-02,   4.67588715e-02,   6.46113679e-02,
          2.99426559e-02,   6.28384203e-02],
       [  6.37870505e-02,   1.97587777e-02,  -2.34963447e-02,
         -9.17873159e-02,  -3.08829453e-02,   4.83833998e-02,
          3.76750226e-03,  -8.24928060e-02,  -7.26156542e-03,
         -4.90394011e-02,  -3.86153869e-02,  -6.86492249e-02,
          1.95615981e-02,  -1.26099540e-02,  -2.65506301e-02,
         -3.60830165e-02,   1.88777335e-02,   6.18094504e-02,
          2.95041781e-02,  -2.59556379e-02],
       [  1.96637735e-02,  -5.34595624e-02,   6.89421594e-02,
         -5.21364324e-02,  -8.87034833e-02,  -4.17515729e-03,
          1.22301059e-03,  -5.49289063e-02,  -5.46656959e-02,
          9.03574470e-03,  -2.21919250e-02,   8.72835889e-02,
          2.92165820e-02,  -3.17640565e-02,   2.11533196e-02,
         -2.74649002e-02,   4.13779169e-03,   1.74852796e-02,
         -1.27590103e-02,   3.05405203e-02],
       [  4.01796103e-02,  -2.82621682e-02,  -5.87949157e-02,
         -4.24478799e-02,   5.20927012e-02,  -2.79624164e-02,
          4.01192941e-02,  -1.04868328e-02,  -2.39596833e-02,
          1.28364682e-01,   5.79075813e-02,  -5.11447862e-02,
         -1.65000726e-02,   2.92027332e-02,  -1.01775222e-01,
         -1.01539260e-03,   4.69564237e-02,  -5.43056093e-02,
          4.54746969e-02,  -2.04754323e-02],
       [  2.51516849e-02,   5.76057425e-03,  -2.43089069e-02,
         -7.56360516e-02,   4.23308797e-02,   7.48606771e-03,
          3.75735648e-02,   4.01701629e-02,   1.33453803e-02,
         -1.60279889e-02,   1.33794323e-01,  -7.37273470e-02,
          1.90418046e-02,  -3.00972187e-03,  -2.97320932e-02,
          7.97255710e-02,   6.70137927e-02,   3.36944498e-02,
          3.80985886e-02,   2.40354566e-03],
       [ -1.89103745e-02,   2.12028567e-02,   2.44331844e-02,
         -1.00986682e-01,   1.61786154e-02,  -5.09972824e-03,
          5.85933216e-02,  -1.30940499e-02,   4.88864668e-02,
         -2.61618234e-02,  -2.74936501e-02,  -3.17952074e-02,
         -5.73720224e-02,   2.52081640e-02,   8.70739575e-03,
         -4.65549864e-02,  -1.23844564e-01,   5.68565242e-02,
          2.90000644e-02,  -3.87359150e-02],
       [  7.54285231e-03,   1.66040491e-02,   2.50752643e-03,
         -8.00832808e-02,  -6.28491044e-02,  -1.65595468e-02,
         -8.05536956e-02,   2.18669772e-02,  -4.79349457e-02,
         -2.15457510e-02,  -3.12386397e-02,  -2.02438124e-02,
          2.16554850e-02,  -1.59149279e-03,  -4.08510827e-02,
         -5.58523722e-02,  -1.97275039e-02,   3.19121331e-02,
         -4.03505303e-02,   9.23999306e-03],
       [ -1.54993730e-02,   2.08083596e-02,  -4.92283851e-02,
         -4.26249467e-02,  -3.41730379e-02,   1.47585440e-02,
         -1.38012711e-02,   4.92689572e-02,  -4.49531898e-02,
          6.17043152e-02,  -4.13908400e-02,  -6.86370656e-02,
         -1.78663563e-02,   3.52031179e-02,   4.29261290e-03,
          8.18642899e-02,   5.69585524e-02,  -1.18595390e-02,
          1.79860611e-02,  -1.37916669e-01],
       [ -4.73337658e-02,  -1.40112629e-02,  -1.14750199e-01,
         -6.13365648e-03,   5.29049039e-02,   3.97647582e-02,
          1.54340193e-02,   6.81464514e-03,   3.75388153e-02,
         -9.83666852e-02,   2.83632874e-02,  -4.89508882e-02,
          9.45805758e-03,  -1.44104008e-02,  -1.13145374e-01,
          5.14756655e-03,  -5.79731725e-02,  -1.61251929e-02,
          5.04630394e-02,   6.31892607e-02],
       [  1.29655721e-02,  -5.06519265e-02,  -1.24018127e-02,
         -4.91099916e-02,   1.91031082e-03,   1.80664994e-02,
         -1.45964622e-02,   1.03072576e-01,  -2.33065598e-02,
         -7.40669891e-02,   2.99070310e-02,  -9.97200757e-02,
          5.83031774e-02,   8.10828176e-04,   2.53229234e-02,
         -1.43058272e-02,  -1.05395131e-01,  -3.78422886e-02,
         -5.97807541e-02,  -5.27458601e-02],
       [  7.87889119e-03,   2.51977779e-02,   3.92799824e-02,
          2.05136687e-02,   1.20436074e-02,   5.43209575e-02,
          4.08649668e-02,   4.93837073e-02,   8.31589922e-02,
          1.01786666e-01,   4.33465652e-02,   1.22997386e-03,
         -2.55367048e-02,   2.33013686e-02,   2.63415873e-02,
         -2.52153119e-03,   5.11810370e-02,  -5.52016273e-02,
         -5.57842441e-02,   3.50324810e-02],
       [  1.14924833e-02,  -1.34521897e-03,   5.20840399e-02,
         -2.61873808e-02,  -6.31179214e-02,  -8.17476735e-02,
          3.96349877e-02,   2.26511601e-02,  -1.60718504e-02,
          3.13098729e-02,  -6.98705844e-04,  -3.45254838e-02,
          1.79501176e-02,  -3.05258017e-02,  -6.64482787e-02,
          8.60480741e-02,  -1.16045382e-02,  -6.23423755e-02,
          2.58484180e-03,   7.16819195e-03],
       [  8.44799578e-02,   2.39334423e-02,   1.99479405e-02,
         -2.08531953e-02,  -2.48655267e-02,  -7.19422847e-03,
          5.13660386e-02,  -2.67649740e-02,   6.01543859e-02,
          4.80757514e-03,  -6.77982420e-02,  -2.85208523e-02,
         -1.16355233e-02,   1.76960789e-02,   7.85415918e-02,
         -3.48890759e-02,  -1.23468135e-02,   4.02796380e-02,
          6.28667697e-02,   4.16700952e-02],
       [ -5.99123491e-03,   3.74509059e-02,  -3.24346796e-02,
          6.69008493e-02,   4.81817238e-02,  -2.72951853e-02,
         -1.88404822e-03,   1.45306927e-03,   7.35167367e-03,
          3.34595963e-02,   7.44630545e-02,   2.06048507e-02,
         -2.89164891e-04,  -2.73759793e-02,  -4.42792736e-02,
         -1.26396388e-01,  -2.80329678e-02,   4.11037467e-02,
          2.38273144e-02,   4.01762612e-02],
       [ -6.50021201e-03,  -2.50483211e-02,  -3.77274374e-03,
          2.44970229e-02,   6.70628548e-02,  -1.29672159e-02,
          4.62682359e-02,  -7.91275650e-02,  -8.52239877e-02,
         -3.63476425e-02,   7.85701647e-02,  -1.99596286e-02,
          1.67426076e-02,  -2.64025871e-02,   1.57449450e-02,
         -7.18144625e-02,   5.04436493e-02,  -6.69992641e-02,
          4.94182482e-03,  -5.56453243e-02],
       [  4.60168384e-02,  -4.08653729e-02,  -2.89582405e-02,
          2.48208884e-02,  -4.33010347e-02,  -5.40493941e-03,
         -5.51015548e-02,   5.09054177e-02,   8.39256868e-02,
         -6.27661273e-02,   2.40342785e-02,   2.14307532e-02,
          3.56400460e-02,   2.89078150e-02,  -4.49966043e-02,
         -1.22963442e-02,  -3.56032960e-02,  -1.14917783e-02,
          8.46246481e-02,   8.89026150e-02],
       [  6.64998814e-02,  -3.07243951e-02,  -7.60820732e-02,
          2.03935169e-02,  -2.37494763e-02,   6.43260553e-02,
         -8.36983472e-02,   9.52797234e-02,   7.41349999e-03,
         -2.89957020e-02,   3.79901826e-02,   5.73841445e-02,
          4.77536656e-02,   1.36845291e-01,  -2.71275528e-02,
         -6.62833229e-02,   9.32028070e-02,   6.70818910e-02,
          3.26188444e-03,  -3.32124270e-02],
       [ -1.60029568e-02,  -3.60876992e-02,   4.39178012e-03,
          1.02373566e-02,   1.67588238e-03,   1.89809892e-02,
          1.55002845e-03,  -4.84422147e-02,  -4.96223196e-02,
          5.06215692e-02,   4.80886623e-02,  -7.96712562e-02,
         -4.62272987e-02,   7.79614970e-02,   1.10336415e-01,
          4.07702476e-02,   2.94701364e-02,   4.11885744e-03,
         -4.73077456e-03,   4.19395827e-02],
       [ -1.81005225e-02,   8.76959488e-02,   3.81790698e-02,
          2.00140923e-02,   1.10602394e-01,  -9.50671211e-02,
         -3.21211927e-02,  -9.43856128e-03,   4.06238250e-02,
         -4.29505520e-02,   1.14759831e-02,   3.54113691e-02,
         -7.20508322e-02,  -1.78713091e-02,  -6.86080158e-02,
         -9.47977528e-02,  -1.47510571e-02,  -8.18188190e-02,
          2.62026116e-03,  -2.97245532e-02],
       [  4.43665124e-02,   3.11848465e-02,  -4.53575365e-02,
         -2.08397415e-02,  -7.15081720e-03,   1.89427268e-02,
          4.04603267e-03,  -9.71456897e-03,   7.41593838e-02,
         -6.32407665e-02,  -4.55836207e-02,   9.42358226e-02,
         -9.79562327e-02,   6.68232841e-03,   5.37108444e-02,
         -7.29827881e-02,   1.74973980e-02,  -7.02426136e-02,
          1.96079686e-02,  -8.78319070e-02],
       [ -2.90490817e-02,  -1.89938396e-02,   1.59541965e-02,
          1.86548829e-02,  -5.77776693e-02,  -3.16465497e-02,
         -3.94802839e-02,  -4.91338689e-03,  -3.29755396e-02,
          1.04243331e-01,   1.26757007e-03,   8.85041337e-03,
         -4.68462668e-02,  -3.21233757e-02,   5.15393205e-02,
         -4.58240621e-02,   5.51721528e-02,  -2.12409291e-02,
         -5.40960988e-04,  -2.64811274e-02],
       [  6.04102202e-03,   9.74484980e-02,   6.37598336e-03,
          1.93266217e-02,   5.12324832e-02,   3.38199772e-02,
         -4.41312753e-02,   3.70789692e-02,   6.51261304e-03,
         -1.05921917e-01,   6.90575466e-02,   6.86641484e-02,
          8.05978701e-02,   4.99515310e-02,  -3.65527011e-02,
         -2.30271090e-02,   1.65463891e-03,  -4.90476638e-02,
          3.96398306e-02,   8.14894494e-03],
       [ -3.30348685e-02,   1.77466646e-02,   7.95186907e-02,
          6.28169030e-02,   1.08554840e-01,  -4.61861901e-02,
         -1.91626493e-02,   7.09043369e-02,  -7.38585815e-02,
         -4.85615060e-02,  -1.31969139e-01,   1.38297975e-01,
         -9.46775731e-03,  -7.04832599e-02,  -9.20770515e-04,
         -1.23843690e-02,   7.20613822e-02,   2.58804355e-02,
          4.14660536e-02,  -4.61110286e-02],
       [  4.13667262e-02,   3.91723141e-02,  -2.21512318e-02,
          8.45832750e-03,   2.29729172e-02,  -1.32242506e-02,
          1.89421866e-02,   4.04025093e-02,  -4.63810051e-04,
          5.31829661e-03,   1.43852802e-02,   1.97669789e-02,
         -3.57160307e-02,  -6.63836226e-02,  -3.05101331e-02,
         -1.51301520e-02,  -2.72309128e-02,  -9.04846005e-04,
          5.24597168e-02,   5.06845629e-03],
       [ -2.91182863e-04,  -1.85380783e-02,  -9.17390287e-02,
          5.74653409e-03,  -2.12859525e-03,  -2.56476887e-02,
          3.89098968e-05,   2.26165280e-02,  -1.08890720e-02,
          3.61681916e-02,  -1.81944333e-02,   1.29248118e-02,
         -3.89360338e-02,   8.38639438e-02,   2.75071952e-02,
         -9.46299732e-03,   1.88126788e-02,  -8.79124179e-02,
          4.14857306e-02,   2.78483070e-02],
       [  1.10002659e-01,  -5.20540364e-02,  -5.24282642e-02,
         -5.63540943e-02,  -6.63966611e-02,  -8.54432210e-02,
         -2.16499027e-02,  -4.09118198e-02,   2.76165940e-02,
         -5.71648553e-02,   6.13500876e-03,  -9.61013660e-02,
          1.61681231e-02,   1.98814049e-02,  -7.36285327e-03,
          3.70371039e-03,  -3.47220115e-02,  -8.31643417e-02,
          8.98138210e-02,  -3.95737477e-02],
       [ -3.99957336e-02,   6.29645213e-02,  -1.56150535e-02,
          1.03975774e-03,  -5.30780256e-02,  -4.03471440e-02,
         -1.46389557e-02,   4.34980951e-02,  -5.10525890e-02,
         -1.55208809e-02,   5.14537878e-02,   3.74155976e-02,
          1.03476778e-01,  -5.67010371e-03,  -1.01845013e-02,
         -7.61276782e-02,   1.61873009e-02,   2.35366561e-02,
          1.03306873e-02,  -7.03496188e-02],
       [ -1.43902287e-01,  -6.93871751e-02,   3.82755846e-02,
         -4.02180962e-02,  -2.50706282e-02,  -2.34608594e-02,
         -2.26437896e-02,  -3.79789062e-02,  -3.79906707e-02,
          4.36449461e-02,  -2.51722541e-02,   1.31399324e-02,
         -2.62380391e-02,  -7.71213695e-02,   3.49678062e-02,
         -1.33355027e-02,   2.70931013e-02,  -2.79520247e-02,
         -7.69815743e-02,  -2.74991747e-02],
       [ -1.67456325e-02,  -5.55791967e-02,  -5.65526858e-02,
          6.64824992e-02,   1.34198919e-01,  -1.27679110e-02,
         -3.06882206e-02,   4.06164723e-03,   1.22423656e-03,
          8.23532939e-02,  -7.81504363e-02,  -1.35748358e-02,
         -3.56688052e-02,  -5.59216812e-02,  -6.03068545e-02,
         -6.35256544e-02,  -9.13038105e-02,   5.43336570e-02,
          1.10040680e-02,  -2.63902880e-02],
       [ -7.43195042e-02,  -5.04756644e-02,   8.24673939e-03,
         -1.36240488e-02,   9.18694660e-02,  -6.17731623e-02,
          1.11022266e-03,  -4.24222313e-02,   2.05004551e-02,
         -5.24724014e-02,  -1.14526846e-01,   2.34554820e-02,
         -1.88316517e-02,  -5.81083670e-02,   3.58162262e-02,
          2.14572977e-02,   1.74490456e-02,  -4.67293970e-02,
          2.34323815e-02,   1.26800641e-01],
       [ -1.10612167e-02,  -4.78529260e-02,   7.98646435e-02,
          2.21708249e-02,  -3.62039208e-02,  -1.93657558e-02,
         -3.91403027e-02,  -2.45479308e-02,   8.34640209e-03,
         -3.52320746e-02,   1.77969616e-02,  -2.02764361e-03,
         -2.54101958e-02,  -2.45092642e-02,   5.15907221e-02,
         -2.96916217e-02,   6.36291597e-03,  -7.06578121e-02,
         -3.83372046e-02,   4.84201014e-02],
       [  6.78729489e-02,   1.92381870e-02,   1.86405182e-02,
          5.26235960e-02,  -5.06850444e-02,  -1.37150353e-02,
         -1.56985335e-02,   1.05276583e-02,   2.52986308e-02,
          6.71877190e-02,   6.04728721e-02,   1.79069545e-02,
          5.22929840e-02,  -8.95882994e-02,  -2.16582157e-02,
          2.70445109e-03,  -1.37884710e-02,   1.13814231e-02,
          4.47946154e-02,  -6.26608804e-02],
       [  1.08442781e-02,   4.32200842e-02,  -8.87907750e-04,
          4.68680151e-02,  -1.06551656e-02,   4.83802967e-02,
         -6.15071431e-02,  -1.07310213e-01,  -1.15087992e-02,
          3.87659334e-02,   9.80190858e-02,   4.76920940e-02,
          4.30667438e-02,   2.95454841e-02,   3.70829590e-02,
          5.85807525e-02,   1.70032270e-02,  -3.07280626e-02,
          1.68253556e-02,   7.17823133e-02],
       [  7.07265660e-02,   5.16146831e-02,   5.02621196e-02,
          4.94320784e-03,  -9.70453862e-03,  -8.39707926e-02,
          3.78339924e-02,  -1.37288228e-01,   7.62163848e-02,
         -4.33520563e-02,  -1.21007732e-03,  -2.26370953e-02,
          7.70907924e-02,   6.89745042e-03,   3.24519463e-02,
         -8.12500045e-02,   1.07481843e-02,  -5.27556837e-02,
         -1.01657651e-01,  -2.70661321e-02],
       [ -5.99248051e-05,   4.64347471e-03,  -5.26516372e-03,
          5.95978089e-02,   6.99828640e-02,   1.55911772e-02,
         -6.62668273e-02,  -1.03840241e-02,  -4.48716944e-03,
         -1.36750266e-01,   1.73398312e-02,  -4.65314984e-02,
          1.09716179e-02,  -2.82390453e-02,  -2.65285801e-02,
          6.62074098e-03,   6.78716693e-03,   2.35281307e-02,
          5.80711439e-02,   7.41067380e-02],
       [ -6.85567502e-03,   1.59288030e-02,   3.31206731e-02,
         -1.68550126e-02,  -3.51151116e-02,   1.85932778e-02,
         -6.05308674e-02,  -5.69032915e-02,   5.48586361e-02,
         -1.84630733e-02,  -4.42749895e-02,   3.73917408e-02,
         -5.24578579e-02,  -1.05596920e-02,  -1.73682459e-02,
         -2.27091741e-02,  -8.53959247e-02,  -3.55894305e-02,
         -3.19024734e-02,   5.37098851e-03],
       [  1.06915094e-01,  -9.77901742e-02,  -7.80493161e-03,
         -2.19558459e-02,  -7.78591707e-02,  -6.42914474e-02,
          1.22133805e-03,   5.56491083e-03,   5.01038916e-02,
         -4.15693000e-02,  -4.06229757e-02,  -1.73182003e-02,
          9.03046057e-02,   1.52313046e-03,   4.07156274e-02,
         -1.88000072e-02,  -7.72345066e-02,   2.99195647e-02,
          5.11125885e-02,  -1.45811979e-02],
       [  4.95340601e-02,  -5.92577411e-03,  -1.16044446e-03,
          6.89680455e-03,  -7.45165814e-03,  -2.15705764e-02,
         -1.70132425e-02,   5.36372140e-02,  -1.85842700e-02,
          2.75610182e-02,  -2.16364465e-03,  -4.25006077e-03,
         -3.08858287e-02,   4.68091518e-02,   1.58826988e-02,
         -7.34546874e-03,   1.17091477e-01,   8.40029940e-02,
          9.11586210e-02,   1.06451456e-02],
       [ -1.50548266e-02,  -2.16416738e-04,  -2.25974321e-02,
          3.35496254e-02,   9.90912877e-03,  -1.12865046e-01,
         -1.17892062e-03,   2.86907088e-02,   7.82015100e-02,
         -3.61808911e-02,   2.58446671e-02,  -2.35389732e-02,
         -3.99207091e-03,  -2.59652082e-02,   6.27964661e-02,
         -2.40104944e-02,   2.94559300e-02,   1.05973063e-02,
          3.34588252e-02,  -3.81687842e-02],
       [ -3.99560342e-03,   2.86768912e-03,   5.61703257e-02,
         -8.40769336e-02,  -2.55387044e-03,  -3.23184542e-02,
         -6.83526620e-02,   1.59080457e-02,  -6.67249486e-02,
         -7.00975284e-02,   9.19839367e-02,   2.59978231e-02,
          5.02336435e-02,  -4.81852293e-02,   4.93515730e-02,
          4.81215343e-02,  -7.47997910e-02,   4.54734042e-02,
          5.59547101e-04,  -3.38315070e-02],
       [ -1.84651483e-02,  -2.05662753e-03,   1.08236363e-02,
         -5.07218353e-02,   8.63850042e-02,   1.79757085e-02,
          1.69793721e-02,   5.27423024e-02,   5.98628726e-03,
          2.46373028e-03,  -1.38939191e-02,  -4.68134992e-02,
          5.73470071e-02,   5.58910333e-02,   3.84270735e-02,
          4.31419387e-02,   5.25658093e-02,   6.50142506e-02,
          3.92202102e-03,   2.45199781e-02],
       [ -1.71166193e-02,  -4.73503545e-02,   6.13766573e-02,
         -3.84199135e-02,  -3.66874523e-02,  -7.57660419e-02,
         -5.86522892e-02,   6.01499863e-02,   4.77928249e-03,
          7.30307354e-03,  -8.27243086e-03,   2.39707287e-02,
         -2.61542331e-02,  -5.15453108e-02,  -1.73520148e-02,
         -6.44095317e-02,  -8.15081224e-03,   3.38542573e-02,
         -5.70495725e-02,  -1.11433882e-02],
       [  5.78997806e-02,  -6.07576743e-02,  -4.84241918e-02,
          1.03554860e-01,  -4.14493382e-02,   5.82557917e-02,
          7.52180815e-02,  -2.54612025e-02,  -1.13710605e-01,
          9.88249574e-03,   5.36477044e-02,   7.62387691e-03,
          1.12924268e-02,  -6.68733343e-02,   3.46939429e-03,
          6.32546172e-02,  -3.82402502e-02,   5.01500927e-02,
          3.73544404e-03,   1.71879213e-02],
       [ -5.95518723e-02,  -1.21927052e-03,  -2.24572346e-02,
          9.57183447e-03,  -1.74268186e-02,   4.73109558e-02,
         -1.56037258e-02,   4.01863270e-02,  -1.70753226e-02,
          6.86986372e-02,  -9.97310877e-02,   5.89674190e-02,
         -1.61903650e-02,   7.56932870e-02,  -1.88704040e-02,
         -8.84693787e-02,   1.13526516e-01,   5.27265714e-03,
         -8.74867942e-03,  -4.16295491e-02],
       [ -5.50448662e-03,   6.07105009e-02,  -5.18168183e-03,
          1.34580825e-02,  -1.16975009e-01,  -4.99690436e-02,
         -3.47925052e-02,  -1.93205010e-02,  -3.19763683e-02,
         -2.48419996e-02,   2.44005467e-03,   6.32494921e-04,
         -4.84669730e-02,   1.78698953e-02,   2.57968400e-02,
         -2.75158952e-03,  -6.44807890e-03,   7.69847110e-02,
         -5.21245925e-03,  -2.04455834e-02],
       [  3.12068313e-02,   1.78212896e-02,  -2.77314847e-03,
          1.91621501e-02,  -5.38608693e-02,  -5.21114953e-02,
         -9.20365937e-03,   3.41436528e-02,  -3.93328816e-02,
          6.35502040e-02,   5.81970178e-02,   6.24340260e-03,
         -4.64569926e-02,  -1.95915438e-02,   4.09437232e-02,
          4.79396246e-02,  -9.59778056e-02,  -2.45270189e-02,
         -5.60523570e-02,  -3.79682519e-03],
       [ -1.00284100e-01,  -6.29552230e-02,   2.05221586e-02,
          1.79027475e-03,  -1.10130627e-02,  -1.27492310e-03,
         -6.39493689e-02,   2.70939954e-02,  -8.76464769e-02,
         -7.38880336e-02,  -3.11518218e-02,  -3.88601311e-02,
          1.32707423e-02,   2.16340013e-02,  -8.09608921e-02,
         -3.51308137e-02,  -1.28989283e-03,  -7.36687845e-03,
          1.29831349e-02,  -5.83194084e-02]], dtype=float32), array([ 0.,  0.,  0.,  0.,  0.,  0.,  0.,  0.,  0.,  0.,  0.,  0.,  0.,
        0.,  0.,  0.,  0.,  0.,  0.,  0.], dtype=float32)][array([[-0.04686954],
       [-0.0426769 ],
       [ 0.04622137],
       [-0.00865729],
       [-0.07326733],
       [ 0.04981185],
       [-0.06659573],
       [ 0.01501227],
       [ 0.03802448],
       [-0.06775907],
       [-0.05286157],
       [ 0.10443491],
       [-0.00037003],
       [ 0.07432721],
       [-0.0783841 ],
       [-0.00507571],
       [-0.01215758],
       [-0.00768299],
       [-0.01392622],
       [-0.0146855 ]], dtype=float32), array([ 0.], dtype=float32)]