[array([[ 0.1185206 ,  0.10075092,  0.08493838, -0.0483274 ,  0.07766032,
         0.04547907,  0.08331118,  0.04851839, -0.05423293, -0.06025044,
         0.07019892,  0.0668156 , -0.05009889, -0.06129754,  0.06949797,
         0.06821816,  0.10661751, -0.03562462,  0.0619197 ,  0.09116413,
         0.04936998,  0.11130873,  0.05743833,  0.09112696,  0.06919373,
        -0.04839353, -0.05979919,  0.06869324,  0.03188475,  0.05236881,
         0.04499162,  0.07361791,  0.04848336,  0.06095836, -0.06866952,
         0.07374192, -0.07044118,  0.04301031,  0.12183239,  0.05935688,
        -0.05774412, -0.04812136,  0.0813972 ,  0.05980952,  0.07694402,
         0.07559665,  0.049908  ,  0.04882437, -0.05559665,  0.04988147],
       [-0.00668741, -0.02172522,  0.02490032,  0.05738561, -0.05353646,
        -0.02771785,  0.04893668,  0.03028317, -0.00899809, -0.05177619,
         0.01280494, -0.04830107,  0.01852589, -0.0283369 , -0.05877241,
         0.00312208, -0.03030128,  0.08346877,  0.01359701,  0.03554099,
         0.02348101,  0.06141192, -0.06878089,  0.01348763, -0.03446801,
         0.11139093, -0.03683159, -0.12776218, -0.03910095, -0.04468651,
        -0.04171608,  0.07172062, -0.0037999 ,  0.06507867, -0.02840336,
         0.00431722,  0.03493658, -0.04566893,  0.11085459, -0.03205251,
         0.07898088, -0.05383972, -0.0076789 ,  0.02379787,  0.05213607,
        -0.00438019,  0.05396278,  0.02169679, -0.00181465, -0.03004585],
       [ 0.0490541 , -0.01357861,  0.00962026, -0.06452101,  0.03194548,
         0.00552086,  0.03568367,  0.04440811,  0.03795534,  0.02823275,
         0.03105611,  0.05260954, -0.07702119, -0.00509224,  0.04569344,
         0.03926992, -0.0120241 ,  0.01900643,  0.02492202,  0.01421851,
        -0.04303049,  0.08774754,  0.0743227 , -0.02908972,  0.10865605,
         0.07467607, -0.0348754 ,  0.05568106,  0.065008  , -0.09280053,
         0.01374411, -0.03266303, -0.0737047 ,  0.01718459, -0.03748958,
         0.01143277, -0.04468465, -0.12887569, -0.02871646, -0.04025834,
        -0.03155204,  0.03823498, -0.01097106, -0.07043587, -0.02550777,
        -0.02891347,  0.0251085 ,  0.01729583,  0.01371788, -0.03337623],
       [-0.02985633,  0.07546449,  0.05277699, -0.00715686, -0.05638945,
         0.02272695, -0.03124328,  0.03923342,  0.04628509, -0.04772906,
        -0.08624116,  0.01062018, -0.0478716 ,  0.05259228,  0.07027797,
        -0.01481422,  0.01006043, -0.03043472,  0.01486251,  0.01817997,
        -0.02335246, -0.00927587, -0.01032753,  0.0431944 ,  0.0095206 ,
         0.01254977,  0.01002951,  0.05248228, -0.05958241,  0.04497607,
         0.02601471, -0.05215858,  0.02260582, -0.00700163, -0.06503835,
        -0.06710026, -0.06650709,  0.02725397, -0.07464287, -0.04511607,
         0.02715538, -0.02524057,  0.05785369, -0.04832635, -0.03010727,
         0.07532214, -0.05179203, -0.05748199,  0.06068286,  0.07696813],
       [ 0.08657644, -0.00240171, -0.01008942,  0.00202387,  0.03236265,
         0.00307197,  0.06884997,  0.03383952,  0.01209034, -0.14229745,
         0.12916766, -0.01963064,  0.03269528,  0.07202854,  0.0348298 ,
        -0.0027823 ,  0.01337418,  0.02067292, -0.01257447,  0.0366508 ,
         0.11082114,  0.08925225,  0.02503393, -0.02630321,  0.00935979,
        -0.03315644,  0.09920051, -0.03096174,  0.03030723,  0.00361481,
         0.02714453, -0.09379543,  0.03193984, -0.134818  ,  0.01946715,
        -0.00215778,  0.01172233,  0.08982193, -0.06337515, -0.02203982,
         0.06409926,  0.02996361,  0.03352862,  0.01711339, -0.02436425,
         0.04449658, -0.05016811, -0.11459496, -0.07839801,  0.02477477],
       [-0.07294469, -0.04167558,  0.01215157,  0.01407925, -0.03347633,
        -0.04542482, -0.02847499,  0.0997274 , -0.06565092, -0.03082434,
        -0.00425322, -0.01511707,  0.0409646 , -0.00978067, -0.00372811,
         0.06714957, -0.02420173,  0.03541314,  0.00649564,  0.02858974,
        -0.06241095, -0.02903445, -0.03230666,  0.00646048, -0.07680407,
        -0.06270575, -0.01309466, -0.04365421,  0.03115807, -0.00524963,
        -0.04091306, -0.02950403, -0.00179411, -0.00941778, -0.05251474,
         0.03225422, -0.02120559,  0.05305582, -0.079701  ,  0.10055466,
        -0.02775127, -0.03079011,  0.0561683 , -0.01155036,  0.0486231 ,
        -0.01944955,  0.01219386,  0.04731944,  0.00327107, -0.0091146 ],
       [ 0.08956503,  0.11566532,  0.00439635,  0.03220176, -0.02190825,
        -0.07525232, -0.04911793,  0.04236698, -0.01243996, -0.0611753 ,
        -0.02861966,  0.03733657,  0.07879818,  0.06049346,  0.09227845,
        -0.03646479,  0.00992529,  0.01198731, -0.00490634,  0.03360504,
        -0.08397278, -0.03478532, -0.03135286, -0.01076943, -0.02053125,
        -0.06383925,  0.0273392 , -0.11826348,  0.014777  , -0.06830224,
         0.04883614,  0.02703114,  0.10034541, -0.05032817, -0.00337415,
        -0.04395143, -0.0394065 , -0.03463484,  0.07464951,  0.00849531,
        -0.00682561,  0.06371991, -0.01735276, -0.07292794, -0.01949317,
         0.05745868,  0.00235067,  0.09165413,  0.00640129, -0.03907792],
       [ 0.11209521,  0.07974335, -0.08282479,  0.02443892, -0.05684621,
        -0.01405079, -0.00840757, -0.12998895,  0.02580327,  0.0283886 ,
         0.02620803,  0.0541424 , -0.00145497, -0.0400663 ,  0.04274491,
         0.07766467, -0.01326711,  0.05221445,  0.06204544,  0.04668259,
        -0.00538931,  0.02150487,  0.02262842, -0.06809093,  0.00406353,
         0.01398697, -0.00199083,  0.02551909,  0.09655384,  0.03661191,
        -0.02398294,  0.08483492,  0.04164182,  0.00846018,  0.05598982,
        -0.06041713,  0.04197146, -0.00741317,  0.04172853,  0.038512  ,
         0.04110309, -0.02817488,  0.01913389,  0.00513289,  0.08995637,
         0.01103878, -0.01837172,  0.0380155 , -0.00223441, -0.02680858]], dtype=float32), array([  4.15374707e-05,   1.11242938e-04,   5.05347620e-04,
        -7.41904485e-04,   6.12826261e-04,   2.11289560e-04,
         1.80231407e-03,   1.35013612e-03,  -5.70537290e-04,
        -4.80122981e-04,   1.35915820e-03,   1.58684456e-03,
         8.50099241e-05,  -5.67749608e-04,   1.22580340e-03,
         9.61530779e-04,   5.09351739e-05,  -9.87059204e-04,
         1.53923105e-03,   4.35204129e-04,   1.12238887e-03,
         2.65159542e-05,   1.04140665e-03,   1.11793495e-04,
         1.35175104e-03,  -3.23363405e-04,   6.93367547e-05,
         3.91281210e-04,  -5.05033713e-05,   1.58123951e-03,
         1.83881936e-03,   1.67556340e-03,   1.31220592e-03,
         1.76252588e-03,  -2.36005762e-05,   6.48368150e-04,
        -9.79022079e-05,   8.24398943e-04,   1.18141297e-05,
         8.65574926e-04,  -3.11938056e-04,   1.06024752e-04,
         4.62539727e-04,   5.54657236e-05,   1.06408703e-03,
         1.19644892e-03,   1.74319395e-03,   1.16824522e-03,
        -7.08400548e-05,   9.63553262e-04], dtype=float32)][array([[  5.70302159e-02,   2.61263140e-02,   1.57229304e-01,
          7.90158957e-02,   6.74169809e-02,  -9.80197173e-03,
          5.08841760e-02,   8.49594995e-02,   1.47248551e-01,
          6.28387406e-02,   1.10396091e-02,   4.96293865e-02,
          7.43222609e-02,   1.49424165e-01,  -3.32988165e-02,
          1.36889294e-01,   1.56935498e-01,   4.24758419e-02,
         -2.90940180e-02,  -9.17979330e-03],
       [  9.39490199e-02,   6.31511584e-02,   1.34459538e-02,
          2.56250147e-02,   8.59996453e-02,   1.26747862e-01,
         -1.74024738e-02,   1.00557968e-01,   5.60338460e-02,
          5.90548329e-02,  -4.13596369e-02,   6.79465979e-02,
          4.06678021e-02,   1.00258574e-01,   2.33176630e-03,
          1.18766531e-01,   2.50831932e-01,  -2.89125973e-03,
          7.81222582e-02,   3.87577191e-02],
       [  1.22099109e-02,  -4.81508896e-02,   8.29230621e-02,
          4.43224572e-02,   1.49615416e-02,   1.06380925e-01,
          7.29260817e-02,   1.03005707e-01,   3.87815200e-02,
         -1.43262995e-02,   1.07503124e-01,  -3.20413755e-03,
         -1.94940157e-02,   2.08293661e-01,   3.10999956e-02,
          1.14670329e-01,   1.34287253e-01,   9.13415700e-02,
          4.12158854e-02,   1.17133502e-02],
       [  4.19440269e-02,  -3.28816846e-02,  -9.66502428e-02,
          2.11141482e-02,  -8.35102350e-02,   7.07302392e-02,
         -4.40626815e-02,   2.30115410e-02,  -4.52347519e-03,
          5.21385781e-02,   4.73544821e-02,  -6.72567785e-02,
          5.17294137e-03,   7.09070358e-04,  -3.31333503e-02,
          3.77584025e-02,   4.56952862e-02,  -4.84279282e-02,
         -5.54368645e-02,  -2.65383665e-02],
       [  1.85764953e-01,   5.32088019e-02,   9.39662978e-02,
          3.30118928e-04,   7.82931522e-02,   1.05734266e-01,
         -4.69675511e-02,   1.17724240e-01,   1.62156850e-01,
          3.23179103e-02,   2.87662987e-02,   5.63133042e-03,
         -3.52773741e-02,   6.34241775e-02,   3.69125567e-02,
          1.40568793e-01,   9.23441052e-02,   1.10064130e-02,
          7.07666352e-02,   6.15777560e-02],
       [ -9.01092216e-02,   6.63260147e-02,   3.90157364e-02,
          7.64580164e-03,   5.33539057e-02,   3.25353965e-02,
         -1.02867512e-02,   1.46307215e-01,  -2.13876390e-03,
         -4.01469283e-02,  -3.09344735e-02,   1.48725566e-02,
          1.76403858e-02,  -2.31110323e-02,  -4.81906720e-02,
          7.33250603e-02,   6.58188388e-02,   1.17394350e-01,
         -9.93117839e-02,   3.82894315e-02],
       [  1.61234867e-02,  -4.80542565e-03,   6.13834783e-02,
          6.60805330e-02,   4.30493280e-02,   2.39332188e-02,
          1.59184664e-01,   4.51450273e-02,   1.35168582e-01,
          1.07723095e-01,   1.24037154e-01,  -1.54509079e-02,
         -3.09469481e-03,   5.84256016e-02,   3.38413604e-02,
          8.10076892e-02,   1.55088499e-01,   3.54965962e-02,
          2.46671848e-02,   5.19974120e-02],
       [  7.54173473e-02,   5.73614193e-03,  -3.24451514e-02,
          6.20399192e-02,   1.02157611e-02,   9.70593281e-03,
          1.61197465e-02,   5.58829717e-02,   1.15093641e-01,
          3.04686781e-02,   6.89939484e-02,   1.81653872e-02,
          1.08685745e-02,   2.95478161e-02,   8.86952356e-02,
          8.78054574e-02,  -1.08149014e-02,  -7.18822405e-02,
          6.46833377e-03,  -3.12196836e-02],
       [ -1.30344350e-02,   2.72302050e-03,   2.24122917e-03,
         -4.40506861e-02,   3.52634266e-02,  -4.91288165e-03,
         -3.96075994e-02,  -6.27119169e-02,   1.85894035e-02,
         -2.33460516e-02,  -2.54593492e-02,   1.09343491e-02,
          3.04012392e-02,  -2.44399179e-02,  -7.60367066e-02,
         -2.11259583e-03,   5.19653223e-02,  -1.90110337e-02,
         -3.84523766e-03,   2.00664420e-02],
       [ -2.03610491e-02,   7.88753480e-02,  -8.13368857e-02,
          3.72491963e-02,  -3.94110680e-02,   4.56656739e-02,
         -5.28564118e-02,   2.39807125e-02,  -5.58202751e-02,
         -4.50493954e-02,  -1.22532919e-02,   4.84427698e-02,
         -1.47376776e-01,  -8.06705952e-02,   5.44205196e-02,
         -1.02605512e-02,  -3.79560180e-02,   2.87231207e-02,
          4.26243467e-04,   1.28619179e-01],
       [  6.86772913e-02,   1.82950534e-02,   9.88970976e-03,
          2.63599474e-02,   1.32897824e-01,  -6.26631752e-02,
          8.36340562e-02,   6.63647205e-02,   2.85034142e-02,
          6.15340052e-03,   2.83756610e-02,   8.12726468e-02,
          1.08493567e-02,   9.89708602e-02,   5.99958375e-02,
          7.54833892e-02,  -2.85420623e-02,   8.11219513e-02,
         -3.75923403e-02,   5.96787222e-02],
       [  1.54273078e-01,   1.26536246e-02,   5.56500517e-02,
         -9.02477726e-02,   1.51013955e-01,   8.52011330e-03,
          5.90048693e-02,   1.59483671e-01,  -2.87579326e-03,
         -4.99367863e-02,   6.05614223e-02,   2.70696506e-02,
          5.42900302e-02,   1.78370234e-02,  -1.45174945e-02,
          1.05892412e-01,   4.50718887e-02,   1.29200324e-01,
          4.61097322e-02,  -1.49859218e-02],
       [ -4.20523360e-02,   5.06949835e-02,   4.27874327e-02,
          7.14580715e-02,  -9.07055438e-02,   2.40754560e-02,
          6.29925926e-04,   6.05998226e-02,  -7.61964470e-02,
          2.59279720e-02,   8.95171538e-02,  -9.43623111e-02,
         -3.74233685e-02,  -6.45913323e-03,   3.14312354e-02,
          6.03987128e-02,   1.92395896e-02,  -2.52838191e-02,
         -3.32317874e-02,  -8.06584302e-03],
       [  4.27541621e-02,   3.64663675e-02,  -1.54025061e-02,
          5.54987080e-02,  -6.40936866e-02,   6.41942769e-02,
         -2.68614423e-02,  -8.10484439e-02,  -1.09002239e-03,
         -5.63809276e-02,  -3.12773772e-02,   4.72300686e-02,
         -1.50173064e-02,  -5.46874404e-02,  -2.36677714e-02,
          4.86513227e-02,  -7.99874067e-02,  -2.55354475e-02,
         -3.01359165e-02,   4.79071438e-02],
       [  4.87196073e-02,   1.11667998e-01,   4.38519195e-02,
          6.15207553e-02,   7.96062499e-03,   5.14147021e-02,
          1.24058582e-01,   4.49890941e-02,  -3.65585089e-02,
          3.75792012e-02,   1.16459586e-01,   3.87020744e-02,
          5.89574650e-02,   5.37506826e-02,  -3.61668281e-02,
          6.73206151e-02,   4.03748155e-02,   8.61846283e-03,
          9.77538824e-02,   8.55851769e-02],
       [  1.29168360e-02,   4.79826629e-02,   5.44017106e-02,
          8.95969290e-03,   7.28572458e-02,   6.16941713e-02,
          6.05448149e-02,   9.09017101e-02,   1.16389863e-01,
         -7.79104233e-02,   4.77859974e-02,   4.28899424e-03,
         -5.44521809e-02,   9.07872915e-02,   1.23504855e-01,
         -1.10496813e-02,  -9.69881471e-03,   1.19349003e-01,
         -1.07882619e-02,   2.54143290e-02],
       [  3.67604233e-02,   5.26806526e-02,   6.14340119e-02,
          6.02384284e-02,   8.62191692e-02,   1.07568249e-01,
          8.39295313e-02,  -1.72495237e-03,   2.43331529e-02,
          5.32453284e-02,  -1.28446752e-03,   3.99117805e-02,
          4.34754491e-02,   6.95873424e-03,   1.30106717e-01,
          5.59448376e-02,   1.16572604e-01,   8.72706547e-02,
          8.00360888e-02,   5.71924262e-02],
       [  6.94997460e-02,  -1.98079944e-02,   1.77823510e-02,
          4.56325933e-02,   4.27179895e-02,   3.67422700e-02,
         -4.42796722e-02,   6.38042390e-02,  -2.37718094e-02,
          6.17010240e-03,  -1.59811936e-02,  -4.47803512e-02,
         -9.50184762e-02,  -3.45979072e-02,  -2.28614602e-02,
         -4.12685052e-02,  -7.97495060e-03,  -3.39771397e-02,
         -6.32323399e-02,   1.34487776e-02],
       [ -4.08179164e-02,   6.12703972e-02,   6.83846846e-02,
         -1.73364561e-02,  -5.37004061e-02,   1.06043909e-02,
         -2.20027957e-02,   6.92497715e-02,   6.03537783e-02,
          3.21654789e-02,  -1.12111066e-02,   1.77346855e-01,
          8.81228000e-02,   1.59896731e-01,   4.65502515e-02,
          4.90042008e-02,  -6.40257969e-02,   4.42347256e-03,
          4.27830666e-02,   3.69362235e-02],
       [  5.65069057e-02,   6.00134097e-02,   9.59579125e-02,
          5.99601753e-02,   1.82939060e-02,  -2.78745368e-02,
          1.72608569e-01,   1.39733762e-01,   2.42634993e-02,
          1.03032075e-01,   2.40339916e-02,   1.23689607e-01,
          5.40458709e-02,   1.43839680e-02,   6.88830465e-02,
          7.16889203e-02,   1.50547504e-01,   6.58328161e-02,
         -2.55695544e-02,   3.06717120e-02],
       [ -3.34913693e-02,  -3.93633470e-02,   1.33176800e-02,
          1.09019637e-01,   1.63471084e-02,   6.29225597e-02,
          1.25221968e-01,   1.53580809e-03,   1.79516505e-02,
          2.06036568e-02,   8.45200717e-02,  -8.65287706e-02,
          2.14604158e-02,   5.11442237e-02,   7.83304160e-04,
         -1.34020951e-02,   4.62779105e-02,   3.93243097e-02,
          3.29054962e-03,   2.40384061e-02],
       [  2.08443757e-02,   4.15403135e-02,   1.56831518e-02,
          4.12250720e-02,  -3.38305254e-03,   3.65174259e-03,
         -9.83757824e-02,   6.19654991e-02,   4.98970002e-02,
          7.39852935e-02,   9.91615355e-02,   5.35004400e-02,
          7.74791315e-02,   9.62025374e-02,  -1.43097406e-02,
          1.13517448e-01,   1.19572952e-01,  -6.79850355e-02,
         -2.16968600e-02,   2.82106306e-02],
       [  8.18123892e-02,  -1.88003406e-02,   5.36970757e-02,
         -2.57223547e-02,   8.83667450e-03,   7.89340511e-02,
          3.38367485e-02,   8.43393281e-02,  -3.28684226e-02,
          2.75775418e-02,  -3.18709738e-03,   1.12483323e-01,
         -2.16919724e-02,   5.93073219e-02,  -1.05619080e-01,
          6.64054826e-02,   8.48855749e-02,  -1.01617500e-02,
          8.57230742e-03,   1.35262221e-01],
       [  9.59561095e-02,   3.66703793e-02,   1.21155465e-02,
          8.38218480e-02,   5.30316569e-02,   2.45299321e-02,
          1.95946302e-02,   8.34801644e-02,  -1.08147934e-02,
          3.62136401e-02,   3.37459147e-02,  -3.76759246e-02,
         -1.61253866e-02,   2.83080302e-02,   5.33193834e-02,
          9.57536846e-02,   3.66613939e-02,   1.59850702e-01,
         -1.45472977e-02,   9.37898159e-02],
       [  1.00869797e-02,   3.23936641e-02,   2.43972661e-03,
          6.01630844e-03,   8.42743888e-02,   6.91866875e-02,
          5.88914603e-02,  -2.03942377e-02,   6.60898462e-02,
          3.88116539e-02,   2.44229641e-02,   6.72986358e-02,
          3.57904956e-02,   8.82208645e-02,   5.90608940e-02,
          2.83686630e-02,   7.77281299e-02,   6.01180159e-02,
          1.44685879e-01,   6.46120235e-02],
       [  2.04364154e-02,  -2.28563696e-02,  -6.76773209e-03,
         -6.36462495e-02,  -2.22600866e-02,  -5.60089573e-03,
          6.45871311e-02,   4.30931784e-02,   1.91688836e-02,
         -6.60448521e-02,   4.44227681e-02,  -4.62505147e-02,
          1.42842170e-03,   4.62923124e-02,   8.91348794e-02,
         -6.08752854e-02,  -6.15678355e-02,  -1.14590740e-02,
          6.72881212e-03,  -6.27245679e-02],
       [ -5.58936186e-02,   2.55520307e-02,   5.27830701e-03,
          4.80952375e-02,   3.46616730e-02,  -3.19390260e-02,
         -6.70160213e-03,   1.40586607e-02,  -4.99416403e-02,
         -6.59499764e-02,   5.75759262e-02,   5.13082109e-02,
         -3.56124155e-02,   1.71811674e-02,   3.11841611e-02,
          6.28313283e-03,  -4.31300998e-02,   5.70996143e-02,
         -7.72131160e-02,   2.36906037e-02],
       [  4.58720401e-02,   4.58571874e-02,  -1.76753253e-02,
          1.24857269e-01,   1.48066312e-01,   5.87592386e-02,
          8.11262429e-02,   6.01768270e-02,   3.30759175e-02,
         -7.91811477e-03,   4.11177054e-02,   7.40854517e-02,
         -3.18468213e-02,   1.05660267e-01,   1.75326485e-02,
          1.24962032e-02,   7.35209659e-02,   8.40355735e-03,
          2.20415853e-02,   4.87832278e-02],
       [ -6.13609748e-03,   3.03977951e-02,   5.78596257e-02,
          1.48123363e-02,  -2.10686610e-03,   1.12621039e-02,
          4.77327546e-03,   5.06478101e-02,   7.07620531e-02,
         -3.16135250e-02,  -1.23827690e-02,  -2.59929691e-02,
          1.18086683e-02,  -7.54651502e-02,   7.45453984e-02,
          4.30497527e-02,   5.91316409e-02,   3.41618434e-02,
         -8.43404084e-02,   6.60338625e-02],
       [  2.90742926e-02,   4.36686687e-02,   4.21800762e-02,
         -2.69732866e-02,   3.16521488e-02,   4.66975644e-02,
          9.80886146e-02,   7.94378147e-02,   6.02307133e-02,
          1.43222818e-02,   2.09008921e-02,   1.13966009e-02,
         -3.05391289e-02,  -3.01861465e-02,   4.33478281e-02,
          4.48190561e-03,   5.52391112e-02,   4.91966605e-02,
          9.07358676e-02,   2.92445980e-02],
       [  2.23794440e-03,   5.04395775e-02,   6.06226437e-02,
          3.20998691e-02,  -6.33286138e-04,   4.88822423e-02,
          1.03665791e-01,   7.15798140e-02,  -7.84534682e-03,
         -6.25291327e-03,   1.87571964e-03,   3.02101541e-02,
          1.33981481e-01,   1.23573169e-01,  -3.50658670e-02,
          1.13780648e-02,  -1.84327259e-03,  -9.26334634e-02,
          4.27118689e-02,   7.38088414e-02],
       [  1.25042915e-01,   4.53621186e-02,   9.45998803e-02,
          8.37515742e-02,   3.65706794e-02,   6.75549209e-02,
          1.18833091e-02,   3.32848653e-02,   6.62817135e-02,
         -5.03334776e-02,   1.00490376e-01,  -6.79928660e-02,
         -1.27560757e-02,   3.40866409e-02,   4.01568562e-02,
          2.08355812e-03,   4.34755646e-02,   7.71463811e-02,
          8.85269940e-02,   4.29780744e-02],
       [  7.91290179e-02,   3.03592514e-02,   1.29508749e-02,
          2.84548961e-02,  -1.95059907e-02,   6.28571352e-03,
          8.62315744e-02,  -1.32138161e-02,   4.77655567e-02,
          1.58909723e-01,  -1.76327769e-02,  -7.11411014e-02,
          6.04781136e-02,  -3.67397331e-02,  -3.48105356e-02,
          1.91509239e-02,   7.32498765e-02,   3.36224809e-02,
          1.98122915e-02,   5.83200939e-02],
       [  4.21664342e-02,   8.05715695e-02,   6.10095039e-02,
         -9.31418501e-03,   3.22267525e-02,   5.82338572e-02,
          5.50216958e-02,   2.08414532e-02,  -3.90642174e-02,
         -1.68883167e-02,   6.93293214e-02,   8.72530416e-02,
          6.93072975e-02,  -1.38566559e-02,   4.90754209e-02,
          4.15497795e-02,   5.98781509e-03,   5.93659729e-02,
         -6.54005818e-03,   1.18146101e-02],
       [ -8.26307293e-03,  -1.10558290e-02,   2.46967599e-02,
         -1.62501689e-02,   5.60979396e-02,   4.58616950e-02,
          1.91773865e-02,  -1.85233671e-02,  -4.77503911e-02,
          2.27554049e-02,  -3.76354344e-02,   1.98967308e-02,
          1.82465706e-02,  -1.52145047e-02,  -1.07565394e-03,
         -4.27420549e-02,   2.75242887e-02,  -6.41030371e-02,
         -1.74828172e-02,  -9.20925848e-03],
       [  6.51401952e-02,   7.17570037e-02,   3.64788026e-02,
          1.16663352e-01,   5.73647842e-02,   3.80855687e-02,
          5.42009547e-02,   1.39412194e-01,   1.01784065e-01,
          5.20033129e-02,   6.18024655e-02,   4.27748822e-02,
         -3.06803938e-02,   1.03154555e-01,  -3.45754325e-02,
         -9.02507529e-02,  -3.55328880e-02,   3.44315395e-02,
         -4.95398417e-03,   6.69457614e-02],
       [  1.18455859e-02,  -1.46480575e-01,   2.26241536e-02,
          2.51866952e-02,  -2.02485695e-02,  -7.28359446e-02,
         -1.29243247e-02,  -7.85853267e-02,   4.56457492e-03,
         -1.88166983e-02,   6.47761747e-02,   3.83394621e-02,
          2.44176146e-02,   5.47484569e-02,   4.85540330e-02,
          6.10246174e-02,  -4.42586746e-03,  -5.66603206e-02,
          6.77792877e-02,  -1.09552406e-01],
       [  1.89771093e-02,  -3.65284132e-03,   8.07035863e-02,
          3.16256173e-02,   5.78212459e-03,  -8.02262779e-03,
         -1.33980867e-02,  -2.60408204e-02,  -2.37352289e-02,
          1.43412337e-01,  -1.44396647e-04,  -2.67229788e-02,
         -6.13942929e-02,   4.84938957e-02,   4.45959531e-02,
          1.00216111e-02,   1.34358838e-01,  -4.00556922e-02,
         -1.00725954e-02,   1.16216719e-01],
       [  2.40401849e-02,   6.22572154e-02,   6.20002970e-02,
          1.23182032e-02,   1.78908650e-02,   9.38988551e-02,
          2.02075914e-02,   8.01592916e-02,   6.03775866e-02,
         -9.39089153e-03,   4.96999361e-02,   6.51540011e-02,
          8.48549791e-03,   1.04228169e-01,   2.98467465e-02,
         -4.15126532e-02,  -3.42225209e-02,  -2.29957700e-02,
         -1.15222950e-02,   1.60852186e-02],
       [  1.09618537e-01,   4.25176732e-02,  -9.14995093e-03,
          1.64144579e-02,   4.76405770e-02,  -1.03745118e-01,
          2.31395513e-02,   4.41458523e-02,   5.54598421e-02,
         -6.64758263e-04,   1.01728812e-01,   7.93090537e-02,
          7.10346475e-02,   6.68629855e-02,  -5.55678569e-02,
          5.52381761e-02,   1.11171519e-02,   9.59569588e-02,
          7.70393983e-02,  -3.00479699e-02],
       [ -9.41475481e-02,   1.20486245e-02,   5.90199381e-02,
         -4.93214875e-02,  -6.03115233e-03,   4.65307664e-03,
         -3.39899416e-04,  -1.49917584e-02,   5.97057398e-04,
         -9.04203951e-03,   1.37830609e-02,  -2.98132729e-02,
          8.48969519e-02,   8.41032807e-03,   4.41951491e-02,
          6.63610036e-03,  -1.04468763e-01,  -1.88965781e-03,
         -8.12728927e-02,  -4.79172431e-02],
       [ -7.26287216e-02,   1.04760611e-02,   1.65572688e-02,
         -7.64891133e-02,   6.71772435e-02,  -1.98271722e-02,
         -7.07813725e-02,  -9.98476669e-02,   1.45447515e-02,
          5.68975732e-02,   1.09271081e-02,  -3.85775901e-02,
          9.10121202e-02,   1.00705447e-02,   7.23364726e-02,
          5.04877828e-02,   8.49324651e-03,  -4.22672331e-02,
          1.58014625e-01,   5.45260981e-02],
       [  1.04873203e-01,   9.64058116e-02,   7.23727271e-02,
         -7.30608031e-02,   1.02019228e-01,   4.32001352e-02,
          4.90130447e-02,   1.00721747e-01,   9.03708413e-02,
          2.25659795e-02,   6.06772490e-02,   8.32922906e-02,
          4.09571379e-02,   4.80868965e-02,  -2.51794290e-02,
          3.64961401e-02,   2.87744030e-02,   5.01830503e-02,
          5.54184951e-02,   1.12228878e-01],
       [ -3.72864939e-02,  -6.89163208e-02,   3.24759409e-02,
          1.62994385e-01,  -8.63426086e-03,   1.81450713e-02,
          4.72608097e-02,   3.14482301e-02,  -4.04120423e-03,
         -3.62224095e-02,   2.20108125e-02,   5.50373159e-02,
          3.47633101e-02,   4.05584611e-02,   2.44968906e-02,
          7.87438527e-02,  -5.79819530e-02,   8.15572739e-02,
          1.31987210e-03,   1.79369468e-02],
       [ -1.22705055e-02,   7.99439996e-02,   1.07741244e-01,
         -3.68710570e-02,   4.57045287e-02,   9.97283012e-02,
          5.36402352e-02,   7.91749358e-02,   1.34123281e-01,
          7.69417956e-02,   4.61079367e-03,  -6.29448593e-02,
          4.41432633e-02,   3.94418053e-02,   1.31383520e-02,
          9.01073441e-02,  -9.14765336e-03,   5.53025827e-02,
          5.07708527e-02,   6.82160482e-02],
       [  6.43657669e-02,   3.07291448e-02,   7.08828196e-02,
          7.55118355e-02,   8.47611055e-02,   1.01288423e-01,
          3.45882438e-02,   8.64225402e-02,   6.07938133e-02,
          7.33868917e-04,   4.86442409e-02,   1.04048207e-01,
          6.99532032e-02,   7.20804706e-02,  -8.14480055e-03,
          9.40452963e-02,  -1.12305898e-02,  -1.36239454e-02,
          3.30747361e-03,   5.24580479e-02],
       [  6.08536899e-02,   2.28928532e-02,   8.67997706e-02,
          1.82424299e-02,   6.94346800e-03,  -2.16181036e-02,
          3.13997380e-02,  -8.58255029e-02,   1.32051632e-01,
          6.59998432e-02,   6.67345598e-02,   4.15142737e-02,
          6.95704296e-02,   3.86614092e-02,  -6.98311105e-02,
          5.43989241e-02,   2.26273760e-02,  -3.29455212e-02,
         -8.20071623e-03,   7.84158409e-02],
       [  5.17574251e-02,   7.42459819e-02,   8.29014778e-02,
         -3.39187495e-02,   5.46338037e-02,  -1.19364195e-01,
          3.02985553e-02,  -5.38538992e-02,   9.03340578e-02,
          2.03412920e-02,   3.94009575e-02,   6.85137063e-02,
         -7.99882859e-02,   5.40955923e-02,  -3.43627222e-02,
          5.77446707e-02,   1.62004009e-02,   9.01704282e-02,
          4.35426012e-02,  -7.37939123e-03],
       [  4.76024412e-02,   6.98292181e-02,  -8.12175567e-04,
         -8.96192342e-03,  -5.09534730e-03,   3.48052830e-02,
          8.58291537e-02,  -8.39186758e-02,  -2.82886047e-02,
          5.70404530e-02,  -4.59608845e-02,   5.50952321e-03,
         -1.31535381e-01,   8.08476284e-03,  -6.28497899e-02,
          1.57640297e-02,  -8.00494999e-02,  -2.27183010e-02,
          7.08727306e-03,   7.72007257e-02],
       [  8.58461931e-02,   2.15573013e-02,   4.31487560e-02,
          6.25177547e-02,   4.06227261e-02,   1.16267765e-03,
         -6.55841231e-02,  -2.79783341e-03,   2.89586987e-02,
          1.55858239e-02,   6.43806830e-02,   4.85500805e-02,
          8.43683034e-02,   5.63667156e-02,   6.05857139e-03,
          1.10207349e-02,  -3.69939320e-02,   2.82125473e-02,
          5.02982317e-03,   5.37583940e-02]], dtype=float32), array([ 0.0376479 ,  0.04138451,  0.05280652,  0.04458699,  0.05069783,
        0.04083954,  0.04486786,  0.04821609,  0.03689286,  0.04147655,
        0.03789432,  0.04929867,  0.03027015,  0.0535182 ,  0.02590226,
        0.04046038,  0.0524806 ,  0.04307389,  0.02103912,  0.04387152], dtype=float32)][array([[-0.54321247],
       [-0.49599457],
       [-0.63117933],
       [-0.49646044],
       [-0.59530199],
       [-0.49356776],
       [-0.54519707],
       [-0.71057987],
       [-0.56475616],
       [-0.44342503],
       [-0.50249368],
       [-0.52487034],
       [-0.38394421],
       [-0.70736724],
       [-0.34516111],
       [-0.60594374],
       [-0.63757676],
       [-0.52469546],
       [-0.34505311],
       [-0.55758077]], dtype=float32), array([-0.87359649], dtype=float32)]