[array([[-0.00904417,  0.05475303, -0.0382998 ,  0.00076694,  0.01423479,
        -0.04132437, -0.02405887,  0.09928441,  0.01073336,  0.03158508,
        -0.02533677,  0.01222507, -0.02319208,  0.04211156,  0.04836445,
        -0.04803562,  0.02625571, -0.10231858,  0.04859609, -0.0182004 ,
         0.03789699, -0.00665871,  0.00868177,  0.086581  , -0.00156885,
        -0.05320652,  0.00985519,  0.04079221, -0.03946004, -0.06317242,
        -0.04376566, -0.03642446, -0.01576501, -0.01265051,  0.03041727,
        -0.00077755, -0.03490115,  0.03184628,  0.01825827,  0.01798083,
         0.00659323,  0.02586614,  0.06465802, -0.00410453, -0.03699138,
         0.04795662, -0.06555356, -0.0732064 , -0.01899979, -0.02211037],
       [-0.01980855, -0.06126251, -0.01547647,  0.04683216, -0.01201576,
         0.08996881,  0.01194621, -0.0087165 , -0.06704479, -0.00823737,
         0.03833462,  0.12052895,  0.06644191, -0.00539041, -0.06427257,
        -0.03320961,  0.00480894,  0.08624727, -0.01064118,  0.04977359,
        -0.02887716, -0.05647552,  0.00942817, -0.03177034, -0.01663174,
         0.01671867,  0.08932253,  0.00824607,  0.01095681,  0.02547847,
        -0.06186846,  0.05192626,  0.02101842,  0.03008016,  0.10706665,
         0.02637815, -0.07847964, -0.05437961,  0.00058432, -0.0311819 ,
        -0.05339427, -0.07481488, -0.02870634,  0.01753612,  0.08367807,
         0.03331606,  0.06580814, -0.01803271, -0.00595213, -0.00928252],
       [-0.04639598,  0.03439438,  0.0060753 ,  0.04541212,  0.04723253,
        -0.04588762,  0.07072372, -0.07093119, -0.01713056, -0.07406583,
        -0.02655341,  0.0508745 ,  0.02750304,  0.08059817, -0.06342154,
         0.05088687, -0.03391759, -0.00648124, -0.05305445, -0.01866903,
         0.05779176, -0.00817254, -0.03126702, -0.09403428,  0.00832165,
         0.0005504 , -0.02111274,  0.01828275,  0.00990299, -0.01949784,
         0.07219177, -0.06397992, -0.06074511,  0.00965045,  0.04128249,
        -0.0593805 ,  0.07412205,  0.00926226,  0.0224605 , -0.09619948,
        -0.05692127, -0.1393867 , -0.07978319, -0.01050573,  0.00240715,
         0.03365123, -0.0303618 ,  0.01501791,  0.00359858,  0.03019881],
       [ 0.05160084, -0.02017048,  0.02370971, -0.0378707 ,  0.0179395 ,
         0.03110704,  0.02590122, -0.03625546, -0.06946849, -0.04916365,
        -0.05133043, -0.07478172,  0.05849943, -0.10041676,  0.03137778,
        -0.01820385,  0.00821596, -0.02174984, -0.02017893,  0.02714529,
        -0.06386083, -0.05767107, -0.00860351,  0.13295178,  0.00995934,
         0.0589092 ,  0.07874364,  0.11799206, -0.0624992 ,  0.02171352,
        -0.00327117, -0.0285371 ,  0.00156775,  0.03411981, -0.07984104,
        -0.04236884, -0.02720515,  0.02776874,  0.06765068,  0.02001267,
        -0.0585651 , -0.00765072, -0.03917138,  0.03512536,  0.10587086,
        -0.00466921,  0.02198714,  0.08873654, -0.0964151 , -0.07076695],
       [-0.05633326,  0.01782815, -0.03753323,  0.09926002,  0.02949067,
        -0.00747752,  0.08434462,  0.06302895,  0.00789617,  0.02995926,
         0.03772529,  0.01244255, -0.06411862, -0.03273151, -0.02635613,
         0.03315007, -0.04921357, -0.01485775,  0.02829478, -0.04098893,
        -0.0692311 , -0.04107877,  0.05917183,  0.04691688,  0.11132095,
        -0.06075531,  0.01096563, -0.02264595, -0.02792113,  0.00426709,
         0.11728599, -0.00699979,  0.04974329,  0.05804232, -0.05298503,
         0.05836571,  0.04108551, -0.00315838,  0.07056954,  0.00556334,
        -0.04602246,  0.00316504,  0.07336741, -0.12094184, -0.02440321,
         0.02040477,  0.00355146,  0.02176429, -0.07477876, -0.0571976 ],
       [ 0.0112711 , -0.00478998,  0.05268859, -0.07647162,  0.02920328,
         0.02629134, -0.0008698 , -0.01946345,  0.00633003,  0.10057908,
         0.00890555, -0.00739874,  0.02143289, -0.04669046,  0.04837873,
        -0.01938079,  0.00532715, -0.02267298, -0.03038364, -0.10879173,
        -0.05161401,  0.00253366, -0.10313306,  0.01980867,  0.03646613,
         0.02051978, -0.02282274, -0.01906264, -0.05767647, -0.00661158,
        -0.0943662 , -0.00941519,  0.01417321, -0.00225891,  0.03256522,
         0.0174301 , -0.03387206,  0.07523523, -0.07671073,  0.06905894,
         0.00041487,  0.01108971, -0.05803952, -0.02131583, -0.03733056,
        -0.0431539 , -0.02435408,  0.01104164, -0.06570919,  0.03134814],
       [-0.03228148,  0.05261424,  0.04044899, -0.0322497 , -0.02853074,
         0.01187899, -0.01455757, -0.02969412, -0.0221806 ,  0.01756049,
         0.01060954,  0.05931893,  0.04988835, -0.04130247,  0.06882589,
         0.04449216,  0.019328  ,  0.07605505,  0.10573485,  0.02570934,
         0.02552559, -0.01116845,  0.05417308,  0.00301499, -0.03037624,
         0.01558998,  0.00725388, -0.0010717 , -0.0007191 , -0.14282298,
        -0.04835765,  0.03161765, -0.03098406, -0.05975214, -0.01048861,
        -0.02965331,  0.03896932, -0.00619017, -0.09283572,  0.02699063,
        -0.0171323 ,  0.05029833, -0.00752368,  0.03771711,  0.0026287 ,
        -0.00624513, -0.04139138,  0.07940853,  0.03069532, -0.07352336],
       [-0.07641193,  0.11407856,  0.00447801, -0.04731914,  0.01313779,
         0.04800203, -0.01001864, -0.08013528,  0.05154875,  0.12032749,
         0.11093463, -0.0533921 , -0.02279803,  0.01168773,  0.04308482,
        -0.01946052, -0.04303598,  0.01971829,  0.00686539, -0.04515493,
         0.03751111, -0.00686511,  0.04690508, -0.05699254, -0.02612003,
         0.03413491, -0.03651296, -0.09380495,  0.00238146, -0.06194542,
        -0.12840562,  0.06277424,  0.02428488,  0.08413092,  0.01007377,
        -0.01075544,  0.01816007,  0.05665782,  0.029452  ,  0.01274101,
        -0.0424574 ,  0.01447224, -0.01062716,  0.08549813,  0.04010924,
         0.00705302, -0.01955062, -0.01899443,  0.03927268,  0.04171452]], dtype=float32), array([ 0.,  0.,  0.,  0.,  0.,  0.,  0.,  0.,  0.,  0.,  0.,  0.,  0.,
        0.,  0.,  0.,  0.,  0.,  0.,  0.,  0.,  0.,  0.,  0.,  0.,  0.,
        0.,  0.,  0.,  0.,  0.,  0.,  0.,  0.,  0.,  0.,  0.,  0.,  0.,
        0.,  0.,  0.,  0.,  0.,  0.,  0.,  0.,  0.,  0.,  0.], dtype=float32)][array([[ -3.42753879e-03,  -1.56231076e-02,   8.53577182e-02,
         -2.56388430e-02,  -2.51477235e-03,  -4.30736504e-02,
         -6.12221435e-02,   5.98029699e-04,   4.22173087e-03,
          3.50888111e-02,  -5.76465726e-02,  -3.95424776e-02,
         -9.47035179e-02,   2.26975307e-02,   2.24408600e-02,
          3.54053304e-02,   2.45982390e-02,   5.19424938e-02,
         -1.13713197e-01,   1.03239408e-02],
       [ -7.97916800e-02,   7.54087195e-02,   7.62061030e-03,
         -3.45382914e-02,   6.06071912e-02,   5.68421260e-02,
         -4.25469764e-02,  -4.07173671e-02,   9.09312740e-02,
         -3.39701702e-03,  -2.40231510e-02,  -3.19838487e-02,
          2.54957415e-02,   1.97754633e-02,  -7.59030506e-02,
         -1.54185547e-02,  -1.04830228e-01,  -9.98509303e-03,
          2.60742172e-03,  -2.94652414e-02],
       [  1.19297216e-02,  -2.33353139e-03,   4.49586622e-02,
          6.68551922e-02,   3.54210697e-02,  -5.50277196e-02,
         -2.12094616e-02,  -9.71170422e-03,  -2.41145082e-02,
          4.81872186e-02,  -2.71251258e-02,   6.80690110e-02,
          7.42064416e-02,   1.17262425e-02,  -2.13464815e-03,
         -6.17909152e-03,   4.08892632e-02,   1.80463586e-02,
         -6.58436790e-02,  -2.32986901e-02],
       [ -2.21164748e-02,  -9.15732160e-02,   5.29619353e-03,
          1.29005998e-01,   6.01790808e-02,   1.68562066e-02,
          8.11385736e-02,   1.60485099e-03,   1.20943021e-02,
         -9.21093579e-03,   2.06537079e-02,   1.45313544e-02,
         -7.26996688e-03,  -6.06686734e-02,   1.10444486e-01,
          2.97133531e-02,   6.94787428e-02,   1.74714793e-02,
         -3.12532969e-02,   2.84054466e-02],
       [  1.22986445e-02,   2.64817160e-02,  -4.83538248e-02,
         -7.11443722e-02,   5.09945955e-03,  -3.01182922e-02,
          4.70694490e-02,  -1.70391109e-02,   8.56772717e-03,
         -6.34448091e-03,   1.09535493e-01,   3.05750761e-02,
          6.13461435e-02,  -7.76004046e-02,  -8.14428329e-02,
         -8.77535492e-02,   2.00334806e-02,  -8.84961989e-03,
          2.62433719e-02,   2.61902660e-02],
       [  8.19959119e-03,  -2.09510932e-03,  -1.70420706e-02,
         -6.60985708e-02,   1.13366237e-02,   4.51425910e-02,
          3.36082131e-02,   3.74516807e-02,  -1.73905827e-02,
         -9.52721760e-02,  -9.21730250e-02,  -1.42599586e-02,
          7.95547590e-02,  -7.29432553e-02,  -3.52074914e-02,
          9.27941874e-02,  -6.30522287e-03,   2.46067084e-02,
          2.94387285e-02,  -4.07940010e-04],
       [  5.08553348e-02,  -2.18601562e-02,  -2.01230068e-02,
          4.22545912e-04,  -5.50392978e-02,   3.49293910e-02,
          1.79173686e-02,   4.61209100e-03,   7.31287524e-02,
         -3.78242247e-02,  -2.95412689e-02,   5.99593930e-02,
         -6.84899017e-02,   3.07389982e-02,  -2.66140103e-02,
          6.70384243e-02,  -4.03499380e-02,  -5.40054739e-02,
         -8.56014490e-02,  -5.63829090e-04],
       [  4.95883860e-02,  -8.74840245e-02,   5.97914122e-02,
          1.65037084e-02,   1.97604559e-02,  -5.73053658e-02,
         -3.32655720e-02,  -1.29781887e-01,  -3.44371274e-02,
         -3.84402946e-02,  -5.47406487e-02,  -4.53089327e-02,
         -5.98478206e-02,   4.23610620e-02,   5.75791709e-02,
         -6.33083582e-02,   3.35159339e-02,   1.38599267e-02,
          4.06742543e-02,  -5.98476715e-02],
       [ -7.07001910e-02,  -3.96899804e-02,   4.59033065e-02,
          8.98736045e-02,   1.49214296e-02,   2.82591973e-02,
          3.68866175e-02,  -1.14227459e-02,   1.09914385e-01,
          5.49518429e-02,   3.27115320e-02,  -6.55126199e-02,
         -4.83219139e-02,   4.37249094e-02,   1.02480277e-02,
         -4.37827818e-02,  -7.49723241e-02,  -6.88791799e-04,
         -6.48038015e-02,   3.49398889e-02],
       [  4.87827472e-02,  -5.41133471e-02,   4.48268391e-02,
         -1.72529707e-03,  -2.23466903e-02,  -5.72098866e-02,
         -9.77989957e-02,  -1.11111723e-01,  -4.20425870e-02,
         -6.61248490e-02,  -7.74718961e-03,   3.83685641e-02,
          1.02674916e-01,   1.51348498e-03,   1.90319272e-03,
          2.88978107e-02,   1.38070630e-02,   6.16968749e-03,
          3.49309891e-02,  -2.14347243e-02],
       [  5.24746589e-02,  -6.75730333e-02,  -4.43725847e-02,
         -9.35236439e-02,   5.60208969e-02,  -5.63472100e-02,
          2.75067687e-02,   3.08117103e-02,   8.67234394e-02,
         -6.21979721e-02,  -3.93023342e-02,   2.36301180e-02,
         -3.62624563e-02,  -3.48143317e-02,  -5.97524233e-02,
         -6.09516390e-02,  -2.34048665e-02,   5.29175671e-03,
         -6.71942160e-02,   8.32780823e-02],
       [  3.53313833e-02,   4.17537391e-02,  -9.93589461e-02,
         -2.25676056e-02,  -3.33228223e-02,  -3.98261808e-02,
         -6.44982466e-03,  -6.70082197e-02,  -4.74697389e-02,
         -1.17524825e-02,  -2.70057414e-02,  -2.10929457e-02,
         -6.46582991e-03,  -6.39736578e-02,   3.39581817e-02,
         -3.19431946e-02,  -1.51395369e-02,   4.28524464e-02,
         -6.15900718e-02,   8.04531127e-02],
       [ -7.86161497e-02,  -3.41258617e-03,  -2.21354719e-02,
          8.05117097e-03,  -1.66683383e-02,   2.25911681e-02,
          4.27253991e-02,   3.08495909e-02,  -1.99744012e-02,
          4.51446883e-02,  -4.62025367e-02,   1.87169239e-02,
          1.16916656e-01,   1.79253761e-02,   9.40518007e-02,
          3.73705141e-02,   6.71514794e-02,  -2.03776266e-02,
         -1.24220006e-01,   1.67559385e-02],
       [  2.01803353e-02,   8.09091609e-03,   1.30451759e-02,
          7.58646876e-02,   6.23063035e-02,  -3.35182324e-02,
          1.88031625e-02,   4.39496860e-02,  -2.69708019e-02,
          4.88520674e-02,  -1.40428562e-02,  -5.77821434e-02,
         -7.15338960e-02,  -9.11340043e-02,   4.99268137e-02,
          2.50823852e-02,  -4.21605110e-02,   5.63470311e-02,
         -4.37837886e-03,  -3.15975361e-02],
       [ -1.06936730e-01,   5.12741208e-02,  -7.94802532e-02,
         -5.70819937e-02,  -4.94605675e-02,  -9.94929858e-03,
          5.34206890e-02,  -6.77818060e-02,  -4.18819115e-02,
          4.72602248e-02,   2.70316005e-02,  -1.06630763e-02,
          6.15857495e-03,   7.69061316e-03,   2.93750204e-02,
         -2.07715835e-02,   2.32059918e-02,  -1.85205396e-02,
         -1.02070426e-05,  -4.27348576e-02],
       [  3.67231406e-02,   2.26135757e-02,   5.82319386e-02,
         -6.82587400e-02,  -9.32822898e-02,   5.39422110e-02,
         -3.26609090e-02,  -4.28934960e-04,   9.49380826e-03,
          6.72867405e-04,   1.59054231e-02,  -9.46466904e-03,
         -4.76509035e-02,   9.65013579e-02,   2.44044140e-02,
         -1.47029134e-02,   6.68342635e-02,  -7.82922190e-03,
          3.64211462e-02,  -3.40232328e-02],
       [ -5.16866036e-02,  -9.11986735e-03,  -2.39094701e-02,
          2.17721500e-02,  -2.31021475e-02,  -2.72249430e-02,
          3.58724594e-02,  -3.53586152e-02,  -7.45105520e-02,
         -9.91733931e-03,   1.48705663e-02,   3.49434325e-04,
         -4.56514470e-02,  -1.20665349e-01,   2.50289235e-02,
          5.44068329e-02,   1.00999437e-02,  -1.02381304e-01,
         -2.61400435e-02,   1.37659237e-01],
       [  7.99379423e-02,  -4.16933782e-02,  -3.69984768e-02,
         -3.36361490e-02,  -5.08917458e-02,   3.61497402e-02,
          5.20026544e-03,   3.24318260e-02,  -1.41102020e-02,
         -9.41694826e-02,   2.58866847e-02,   6.82183495e-03,
          1.78508256e-02,  -4.02774960e-02,  -1.41378762e-02,
         -3.11415233e-02,  -4.34263162e-02,   1.04427181e-01,
         -1.97300147e-02,   7.29303807e-03],
       [ -1.16417110e-02,   4.84623993e-03,  -1.43817877e-02,
         -3.30223255e-02,   5.45650423e-02,   4.48045367e-03,
          8.59880671e-02,  -7.66203776e-02,   3.48565020e-02,
          3.91112678e-02,   6.00107796e-02,   8.06656573e-03,
         -1.64231807e-02,  -8.69314671e-02,   2.58165319e-03,
          4.86952178e-02,  -3.58529873e-02,  -7.99123943e-02,
          3.06890942e-02,  -4.82357852e-02],
       [  6.33548200e-02,  -8.21546745e-03,   1.17073417e-01,
          5.85638406e-03,   3.98459807e-02,   6.97385445e-02,
          7.90949818e-03,   4.87205805e-03,  -1.92401726e-02,
          6.26247982e-03,   5.14017344e-02,   4.71169874e-03,
         -1.28833922e-02,  -4.02110778e-02,  -2.60853022e-02,
          9.37645789e-03,   1.01220924e-02,  -2.14450564e-02,
         -1.08314447e-01,   3.67315076e-02],
       [ -6.97017387e-02,  -1.75918248e-02,   8.36891308e-03,
          1.69176664e-02,  -4.21841890e-02,  -1.66244693e-02,
         -3.67190652e-02,  -6.63157031e-02,  -3.27656535e-03,
         -1.04412578e-01,  -7.56832510e-02,  -2.82309647e-03,
         -2.69774087e-02,  -2.82250228e-03,  -1.41796842e-01,
         -7.09567517e-02,  -5.93375042e-02,  -3.63326669e-02,
          2.78052781e-02,  -4.38254885e-02],
       [  3.46887857e-02,   5.62857799e-02,   1.79100018e-02,
          7.51902610e-02,  -8.67706165e-02,  -2.71048099e-02,
         -7.68314600e-02,  -7.89538249e-02,  -3.04774139e-02,
          1.14707388e-01,   6.74292445e-02,   3.39995176e-02,
         -6.92190155e-02,  -4.88895597e-03,  -5.88565841e-02,
          3.65554937e-04,  -6.66706711e-02,   4.68582474e-02,
         -2.07539629e-02,  -6.96749315e-02],
       [  3.30739431e-02,  -7.11926084e-04,   3.05464417e-02,
         -2.50268611e-03,   5.31707220e-02,   8.36638384e-04,
         -7.17999339e-02,   5.79957664e-02,   3.43000665e-02,
          1.31669361e-02,  -3.58812325e-02,   1.25218900e-02,
         -2.87317391e-02,  -5.11756204e-02,  -5.64318569e-03,
         -3.37218493e-03,   1.70119591e-02,  -9.95204672e-02,
          4.27167816e-03,  -3.23845558e-02],
       [ -8.97636544e-03,   1.42232915e-02,  -2.32046433e-02,
         -1.45520167e-02,   4.75439522e-03,   6.41638860e-02,
         -7.58976070e-03,   1.17944339e-02,  -2.86334399e-02,
          2.87474580e-02,   1.09432593e-01,  -5.61259761e-02,
         -1.12335496e-01,   3.36502567e-02,  -6.42188638e-03,
         -7.29002357e-02,   2.26630848e-02,  -3.60571779e-02,
          4.88151573e-02,  -5.60494512e-03],
       [  1.80496443e-02,  -1.00283161e-01,   5.53627592e-03,
          1.54957119e-02,  -7.07795564e-03,  -2.65428852e-02,
          3.30362655e-02,  -5.06225824e-02,   1.14921845e-01,
          7.03346953e-02,  -1.13875819e-02,  -1.36182830e-02,
         -3.80932726e-02,   4.37243580e-04,   7.68059120e-02,
          7.57140815e-02,   4.66424488e-02,   1.40154203e-02,
         -4.30973582e-02,  -5.75271435e-02],
       [ -9.99479219e-02,   6.18451722e-02,   4.35735472e-02,
         -1.86497830e-02,   1.65126380e-02,  -7.56226555e-02,
          4.94998880e-03,   5.36304375e-04,  -4.23102826e-02,
          9.92597546e-03,   5.70426770e-02,   8.56759548e-02,
          9.55884345e-03,  -7.83927813e-02,  -1.52605725e-02,
         -8.31055921e-03,   3.90219502e-02,  -1.24803176e-02,
          3.57473232e-02,   5.45889251e-02],
       [  2.04745326e-02,  -7.78632332e-03,  -4.83040698e-02,
          5.94033860e-03,  -4.37310338e-02,   4.88689952e-02,
          3.91615741e-02,   1.14530167e-02,   2.55540889e-02,
          2.65585091e-02,  -1.62671935e-02,  -6.75055608e-02,
          9.05644428e-03,   1.49058281e-02,  -6.49961010e-02,
          1.03075385e-01,  -5.93162961e-02,   1.14155253e-02,
          7.67661864e-03,  -1.67486202e-02],
       [ -1.25422496e-02,   2.27417182e-02,  -2.08749175e-02,
          2.31262576e-02,  -2.97913346e-02,   1.78915299e-02,
          2.94610206e-02,  -1.12608736e-02,  -4.19244803e-02,
         -1.78122688e-02,   1.71279870e-02,  -2.76245661e-02,
          1.32319499e-02,  -1.43440440e-02,   4.55315076e-02,
         -2.05040500e-02,   1.22264840e-01,  -6.40315888e-03,
         -5.74699603e-02,  -4.46128510e-02],
       [  2.08185818e-02,   2.34393664e-02,  -5.74107878e-02,
          6.11545146e-02,   2.39591952e-02,  -4.74457517e-02,
         -1.85206067e-02,   6.32586330e-02,   5.91155477e-02,
          7.86436424e-02,  -2.82914881e-02,  -2.39003319e-04,
         -5.10812663e-02,   1.09784268e-01,  -5.98911159e-02,
          2.77674780e-03,  -3.49136479e-02,  -9.13963839e-02,
          1.59760863e-02,   2.76139211e-02],
       [ -1.93086565e-02,   2.61860825e-02,  -4.11552303e-02,
          6.48840442e-02,   4.82282117e-02,   2.47652805e-03,
          7.65828742e-03,   4.54205612e-04,   8.16758201e-02,
          7.45560154e-02,  -5.96069396e-02,   6.16200045e-02,
         -1.94157157e-02,   8.96708891e-02,   9.89659224e-03,
         -3.12546305e-02,  -4.29983400e-02,  -7.57941231e-02,
         -2.79921442e-02,  -3.69838886e-02],
       [ -4.92522679e-02,  -7.27472305e-02,   4.34044264e-02,
         -1.01653874e-01,   7.97222406e-02,  -4.05260958e-02,
          2.93644816e-02,  -6.79121772e-03,  -1.28002884e-02,
          7.57249957e-03,  -1.84990261e-02,   8.34327117e-02,
         -2.11402159e-02,   7.01407669e-03,  -7.10046962e-02,
         -6.17102683e-02,  -3.61371562e-02,   1.41224442e-02,
          4.07390557e-02,   2.54012048e-02],
       [ -8.75628591e-02,   4.73476760e-02,  -2.19445601e-02,
          3.82133536e-02,   2.16335766e-02,   1.09002307e-01,
          6.31250907e-03,   1.68612283e-02,   1.64630506e-02,
         -4.97489721e-02,  -4.96080099e-03,  -8.95652100e-02,
          1.92358438e-02,  -2.43462715e-02,  -7.68704107e-03,
         -3.10326722e-02,  -1.80572160e-02,  -8.73380154e-03,
         -1.57104153e-02,  -1.39569761e-02],
       [  4.11402900e-03,  -1.12523790e-02,  -1.13294218e-02,
         -5.83519526e-02,  -2.75351107e-02,   6.77862987e-02,
         -1.28125045e-02,  -4.03119922e-02,  -6.53107418e-03,
         -6.53881058e-02,   2.09154505e-02,  -8.82271454e-02,
          2.25382275e-03,  -1.22254938e-02,   6.50761575e-02,
          1.94868713e-03,   1.23038245e-02,   5.45394793e-02,
          9.40007716e-02,  -2.85906028e-02],
       [ -1.38851507e-02,  -3.36718410e-02,   3.87098826e-02,
         -2.87460629e-02,  -6.40912428e-02,  -5.93499728e-02,
          5.00288494e-02,  -3.07737980e-02,   2.81567755e-03,
          4.49259877e-02,  -1.31600127e-02,   8.80677924e-02,
          4.40772361e-04,   8.33651349e-02,  -7.14586303e-02,
         -5.85881481e-03,   8.43397006e-02,   5.16086705e-02,
         -3.05140447e-02,  -1.67610459e-02],
       [  1.41739249e-02,   8.40413049e-02,  -6.80066571e-02,
         -4.79611196e-02,   6.48771748e-02,   5.84522896e-02,
         -5.59091978e-02,  -5.21030612e-02,   6.47434592e-02,
          5.21351360e-02,   6.86995778e-03,  -1.05930582e-01,
         -2.07153503e-02,  -2.72532385e-02,   3.62488441e-02,
         -1.26200486e-02,   1.95239298e-02,   1.31560192e-02,
         -1.19106710e-01,  -6.48616329e-02],
       [ -4.73872609e-02,  -3.23951356e-02,   1.06465491e-02,
         -3.96104306e-02,  -2.63941794e-04,  -1.38803143e-02,
         -6.30622879e-02,  -5.22494502e-02,  -1.06439004e-02,
          2.89110132e-02,   2.31600832e-02,  -3.12750763e-03,
          5.35364039e-02,  -5.77137247e-02,  -6.09766431e-02,
          5.56573346e-02,  -2.19732653e-02,  -4.02415209e-02,
          3.85428332e-02,  -4.14041243e-02],
       [ -1.34238275e-02,  -3.74405016e-03,  -2.49036364e-02,
         -5.97726293e-02,  -4.26295102e-02,  -6.74190894e-02,
          3.57113704e-02,  -4.17519696e-02,  -3.39515768e-02,
         -2.59050131e-02,  -3.22683230e-02,  -3.29562500e-02,
         -1.89376902e-02,   2.07004398e-02,  -5.46266399e-02,
          2.22681295e-02,  -3.19570303e-02,  -1.31761311e-02,
          4.45300899e-02,  -4.20060866e-02],
       [  2.39479523e-02,   4.15528193e-03,  -1.23048071e-02,
         -2.72204913e-02,   5.07113896e-02,   1.34229753e-02,
         -8.60239007e-03,  -3.44901127e-05,  -4.24791276e-02,
          4.80916835e-02,  -7.76866302e-02,   9.15240031e-03,
         -2.06520390e-02,  -2.04513818e-02,   5.22873290e-02,
         -8.23332593e-02,  -3.48932631e-02,  -1.36528434e-02,
          3.09754852e-02,  -2.92124110e-03],
       [  2.45585125e-02,   4.52440092e-03,   4.27892357e-02,
          2.36212742e-02,   1.31877903e-02,  -9.06329695e-03,
          5.03224544e-02,  -7.00895488e-02,  -2.15845387e-02,
         -6.99478760e-02,  -4.61769626e-02,   2.40559559e-02,
         -1.76661666e-02,  -4.35621552e-02,   2.79150885e-02,
          6.14869483e-02,   5.04460000e-02,  -1.19555946e-02,
         -3.28014791e-03,  -2.04008985e-02],
       [ -2.56555714e-02,   6.04503267e-02,   5.54111414e-02,
         -7.58338198e-02,   3.65828648e-02,   4.24814411e-02,
         -4.28614877e-02,  -4.24739681e-02,   3.21761630e-02,
          2.00647917e-02,   1.63911618e-02,  -9.30722281e-02,
          6.22927547e-02,   5.42044528e-02,   4.90952060e-02,
         -5.20145111e-02,   1.36391250e-02,  -3.38028669e-02,
          2.52696574e-02,  -6.11393107e-03],
       [  3.33950482e-02,  -7.06669549e-03,   3.89586501e-02,
          4.11672331e-02,   2.94818226e-02,   2.00555311e-03,
          3.88767458e-02,   1.48970187e-02,  -2.28086915e-02,
          1.65343133e-03,  -4.52432632e-02,   1.22059368e-01,
          2.00640913e-02,   1.81115847e-02,  -5.97949922e-02,
         -4.00825217e-03,  -8.96219537e-02,  -4.01918329e-02,
         -1.96443852e-02,   1.26597926e-01],
       [  2.55151819e-02,   2.11320748e-03,   9.09179151e-02,
          1.22304587e-02,   1.11886956e-01,  -3.48279849e-02,
         -6.63386509e-02,   1.91125497e-02,   4.79550809e-02,
          5.23045026e-02,  -1.48615679e-02,  -2.60476451e-02,
          2.13448163e-02,  -7.60210231e-02,  -5.49975298e-02,
         -5.76849356e-02,  -2.43929159e-02,  -1.52020771e-02,
         -2.15580817e-02,   7.66412765e-02],
       [  1.07944496e-02,  -2.16132123e-02,  -2.65423153e-02,
          9.46289301e-03,   4.43623401e-02,  -7.43646920e-02,
          2.01549451e-03,  -6.30459711e-02,  -5.66966794e-02,
          9.13908407e-02,   7.94840679e-02,  -3.56632657e-03,
          5.33451438e-02,  -3.10957320e-02,   8.02200362e-02,
         -1.74126588e-02,  -4.11684252e-02,  -5.00054546e-02,
          6.82318136e-02,  -2.21347641e-02],
       [  2.67146435e-02,   2.56903321e-02,  -4.95501235e-02,
         -7.40249157e-02,  -1.84450187e-02,   1.09165022e-02,
          4.63974401e-02,  -3.09433951e-03,   9.22531039e-02,
         -9.22419410e-03,  -7.07709044e-02,   4.41581756e-02,
         -2.52129193e-02,   4.16357629e-02,   3.45574394e-02,
          1.20239407e-02,  -5.63894049e-04,  -6.64600134e-02,
          4.03779261e-02,   3.64116244e-02],
       [ -3.53902616e-02,   2.40148995e-02,   4.78704907e-02,
          1.21272542e-01,  -4.71442230e-02,   2.01382246e-02,
          1.12943267e-02,  -1.63388031e-03,   5.81032522e-02,
         -4.53173369e-02,   3.05630099e-02,  -2.37684958e-02,
         -5.54213710e-02,   3.21824998e-02,  -3.48027907e-02,
          1.66155081e-02,   2.95634521e-03,   4.83121723e-02,
          6.39029965e-02,  -2.06989106e-02],
       [  9.74450167e-03,   2.61039622e-02,   1.04131503e-03,
          6.16391003e-03,   3.97665277e-02,  -6.73433393e-02,
          1.19218258e-02,   7.00378567e-02,  -5.47690690e-02,
          2.34825425e-02,   4.05622832e-02,   2.57758033e-02,
         -8.54387432e-02,   2.78949644e-02,   8.09165314e-02,
         -5.42178154e-02,   1.42122675e-02,   8.11677426e-02,
         -7.38148615e-02,   3.51624861e-02],
       [ -1.13257356e-02,   1.68190878e-02,   3.91911753e-02,
          4.25842367e-02,   1.25819473e-02,   5.02308011e-02,
          6.26640320e-02,  -3.30806412e-02,  -2.30744691e-03,
          5.37702255e-02,   8.91989246e-02,  -5.79411257e-03,
          1.56119168e-02,  -1.97603535e-02,   2.62529738e-02,
          4.55138199e-02,  -5.09129837e-02,   4.13550017e-03,
         -2.68373098e-02,  -9.25244298e-03],
       [ -2.36495323e-02,  -4.59226258e-02,  -1.44017385e-02,
          5.09551764e-02,   3.08608767e-02,  -8.05922225e-02,
          1.64704680e-01,  -2.53600776e-02,   1.27411023e-01,
          3.60108912e-02,  -5.50105646e-02,  -3.36170048e-02,
         -1.34206712e-02,  -5.28271310e-02,  -1.78338792e-02,
          4.17975336e-03,  -2.57046875e-02,  -4.96846922e-02,
         -4.85484712e-02,   2.08557807e-02],
       [  1.20876610e-01,  -3.57983783e-02,  -6.02946058e-02,
          5.38932160e-03,  -3.52683663e-02,   9.45597887e-03,
         -2.39832364e-02,  -3.07110511e-03,   2.33245525e-03,
          6.75660595e-02,   5.59125021e-02,   2.22666115e-02,
          2.71080830e-03,   3.61655280e-02,   4.98347245e-02,
          8.99770483e-03,   1.37324110e-02,   2.54429486e-02,
         -6.21091574e-03,  -2.95120962e-02],
       [ -6.68154983e-03,   7.66329467e-03,   6.64256066e-02,
          3.94834206e-03,  -3.16070281e-02,   9.47405398e-02,
         -5.03735021e-02,   9.43677314e-03,  -8.13171938e-02,
         -1.59343228e-01,  -6.30403534e-02,   1.34161878e-02,
          1.81302000e-02,  -2.64681187e-02,  -6.18933737e-02,
         -2.37428676e-02,   6.47802725e-02,  -1.65953878e-02,
          1.56757459e-02,  -7.90678263e-02]], dtype=float32), array([ 0.,  0.,  0.,  0.,  0.,  0.,  0.,  0.,  0.,  0.,  0.,  0.,  0.,
        0.,  0.,  0.,  0.,  0.,  0.,  0.], dtype=float32)][array([[-0.09338813],
       [ 0.04567489],
       [-0.08746703],
       [ 0.0479365 ],
       [-0.01842949],
       [-0.00676991],
       [ 0.01940988],
       [-0.11960923],
       [ 0.00284404],
       [ 0.02918427],
       [ 0.04730853],
       [ 0.03656946],
       [-0.03005412],
       [-0.0508571 ],
       [ 0.03042963],
       [ 0.09605893],
       [-0.06435549],
       [ 0.05352912],
       [-0.03710375],
       [-0.00687537]], dtype=float32), array([ 0.], dtype=float32)]