[array([[-0.01563458, -0.02293573,  0.0355614 ,  0.01014841, -0.07911819,
         0.02339717, -0.03486176, -0.04398001, -0.05035798, -0.06333616,
         0.11476567,  0.03216934,  0.07084165,  0.00359768, -0.04837123,
         0.03480438,  0.07741519,  0.00986633,  0.02796487,  0.03421323,
        -0.06163007, -0.09049518, -0.08447123,  0.04176045, -0.03234169,
        -0.13004561,  0.00530518, -0.01965735,  0.04403588,  0.01180714,
         0.09185869,  0.03266303,  0.04257628, -0.00927243, -0.08532543,
        -0.04228329,  0.02877293,  0.02387479, -0.00503068,  0.05548156,
        -0.0089319 ,  0.14222951,  0.05818989, -0.08652235, -0.07974882,
         0.04625309,  0.03687266,  0.02164015, -0.07761456, -0.04478302],
       [-0.00723799, -0.03117432, -0.01068769, -0.06393348, -0.0451842 ,
         0.05369482,  0.02948253, -0.05207917,  0.06939693,  0.02987007,
         0.00336021, -0.03405898, -0.06735376,  0.01505256, -0.02278337,
         0.03776469, -0.01024446, -0.02773673,  0.01784881,  0.02277972,
         0.10380116, -0.0521201 , -0.08070887, -0.07828103, -0.03756467,
        -0.06249591, -0.03200065,  0.03860948, -0.00639435, -0.00025545,
         0.00919577, -0.02209842, -0.01545953,  0.02913962, -0.00084171,
         0.02322699, -0.04205931, -0.11428705,  0.10785271,  0.03382102,
         0.06011219, -0.04489322,  0.03797347, -0.02943765,  0.1385648 ,
         0.05347933,  0.00845071, -0.01696005, -0.03889013,  0.03791514],
       [ 0.03635962,  0.01689393,  0.01534828,  0.00842714, -0.00832642,
         0.06302611,  0.02260976,  0.00408198,  0.04505936, -0.05340238,
        -0.03721061,  0.0026721 , -0.10742057,  0.0092472 , -0.02543711,
         0.01352941,  0.00597937, -0.01361171,  0.04703295, -0.01468252,
         0.00084135, -0.0994279 ,  0.04401914,  0.0181547 ,  0.02816365,
        -0.06826725, -0.00039702,  0.00850046,  0.16112897, -0.00229344,
        -0.01243403,  0.043088  ,  0.0237309 ,  0.14246649, -0.00293814,
        -0.05667419,  0.02109962, -0.08881951,  0.02146301, -0.02295664,
        -0.00852124, -0.0242193 , -0.05182562,  0.04852431,  0.04259764,
         0.00269875,  0.0483419 , -0.01291071,  0.02420864,  0.00522126],
       [ 0.02780525,  0.02400743, -0.00231932, -0.0781474 ,  0.04694413,
        -0.0676173 , -0.00249385,  0.01969922, -0.01640012, -0.01725926,
        -0.04609866,  0.05202469,  0.02601746, -0.03502785,  0.03259749,
         0.02440622,  0.02688718,  0.0308581 ,  0.02219585,  0.00424626,
         0.0481378 , -0.10153224, -0.03875791, -0.01483354,  0.06982793,
         0.10409129,  0.03829736,  0.01505983, -0.04840287, -0.03345122,
         0.0188403 ,  0.06721164,  0.13162106, -0.01207371,  0.0119332 ,
         0.03562158, -0.09257843,  0.0269735 , -0.02242285, -0.05544485,
         0.01978534, -0.01967504, -0.0197454 , -0.06601877,  0.0162896 ,
        -0.07033327, -0.00683975,  0.14856152,  0.13427132,  0.07603326]], dtype=float32), array([ -2.65566850e-05,  -3.35847326e-05,  -2.72276557e-05,
        -2.54067527e-05,  -8.06544631e-05,  -4.02268379e-05,
         1.65891038e-06,  -2.99837029e-05,  -4.22642988e-05,
        -9.48529268e-05,  -1.06969470e-04,  -1.65504025e-06,
         1.61178777e-05,   4.44707330e-05,   2.72928173e-05,
        -8.14000232e-05,   1.82749518e-05,  -2.02133469e-05,
         1.48228273e-05,  -4.97644141e-05,  -4.13965354e-05,
         7.64932975e-06,  -4.28793610e-05,  -4.47288294e-05,
        -1.21684534e-05,  -2.07004941e-05,  -2.19938585e-07,
        -2.48129072e-05,  -1.16684157e-06,   5.17048591e-08,
        -2.61730456e-05,  -2.94178080e-05,  -3.57360273e-06,
        -1.12459575e-05,  -4.48071041e-05,  -7.02395992e-05,
         1.47988521e-05,  -1.17459049e-05,   2.97124097e-05,
        -4.89477752e-05,   1.87746937e-05,   1.35314058e-05,
         3.66797613e-05,  -3.59006226e-05,  -3.59038427e-06,
        -3.16508849e-05,   3.56590208e-05,   3.95360075e-06,
         1.57657996e-05,   7.44256977e-05], dtype=float32)][array([[ -5.31866811e-02,  -2.41390578e-02,  -2.46482287e-02,
         -4.77022957e-03,   2.50149984e-02,   1.76149420e-02,
          3.70802218e-03,   1.63624827e-02,   5.42120822e-03,
         -2.12717801e-02,  -4.93384302e-02,   1.01262301e-01,
         -6.16280325e-02,  -7.24217445e-02,  -1.63741149e-02,
         -8.97926465e-02,  -3.30125503e-02,   7.27083758e-02,
         -3.92940454e-02,   3.84778418e-02],
       [  5.92905059e-02,  -7.73363411e-02,  -2.54328251e-02,
          6.90841079e-02,   7.81861916e-02,  -7.06402883e-02,
          9.99200046e-02,  -2.24845074e-02,   4.43687141e-02,
         -3.22844088e-02,   5.42435646e-02,  -2.63381116e-02,
         -7.21635073e-02,  -2.93227192e-02,   5.69780841e-02,
         -2.58462727e-02,  -2.65238956e-02,   6.81829602e-02,
          1.77469105e-03,  -4.70409021e-02],
       [ -1.26411900e-01,   7.95601159e-02,   4.62004691e-02,
         -3.26046944e-02,   5.47529534e-02,  -8.16569552e-02,
         -2.27332860e-02,  -4.39480506e-02,  -6.55165017e-02,
          9.11488663e-03,   3.91501002e-02,   6.59392104e-02,
         -1.12932891e-01,  -9.43404585e-02,  -4.67894301e-02,
         -2.36538537e-02,  -4.68462408e-02,   1.01975985e-02,
         -6.51179031e-02,  -6.77854419e-02],
       [ -6.85461760e-02,   3.67980041e-02,  -6.88971439e-03,
          3.36642866e-03,  -7.63401613e-02,   1.27080185e-02,
          9.49643552e-03,   6.37493804e-02,  -8.97041708e-03,
         -3.15077580e-03,   2.54245438e-02,   5.61779067e-02,
         -3.61375026e-02,  -6.76510334e-02,   7.64137581e-02,
          9.61477216e-03,   9.95680690e-03,   1.23643152e-01,
         -6.92354422e-03,  -7.74740204e-02],
       [  3.85115319e-03,   8.64222273e-02,   5.07467240e-03,
          2.18292940e-02,   5.64314872e-02,  -3.23194414e-02,
          2.07111649e-02,  -4.74303551e-02,   4.28412110e-02,
          5.41643798e-02,   4.34796363e-02,  -2.16098526e-03,
         -7.88081437e-02,  -7.22213415e-03,  -5.48600107e-02,
          8.06786865e-03,   2.40198113e-02,  -1.66033376e-02,
         -1.21149309e-02,   3.55519205e-02],
       [ -1.31343352e-02,  -2.15425082e-02,  -1.76829044e-02,
         -9.30494145e-02,  -2.14923103e-03,  -2.46520545e-02,
          2.54281214e-04,   9.56605654e-03,   5.81309665e-03,
         -7.66492710e-02,  -1.50197065e-02,   4.80286106e-02,
         -3.15911174e-02,   1.80734377e-02,   4.56005475e-03,
          4.47891392e-02,   2.89521704e-04,   1.14114014e-02,
         -9.25797224e-02,  -4.24110331e-03],
       [  1.84689108e-02,   1.12240221e-02,  -5.51557094e-02,
          8.10002983e-02,   9.63639282e-03,  -1.01432376e-01,
          1.15150306e-02,  -7.24525526e-02,   3.56585681e-02,
         -1.88887715e-02,   4.59316839e-03,   4.97115366e-02,
         -1.92846218e-03,  -2.37344597e-02,  -3.55994701e-02,
          2.71173324e-02,   1.24628425e-01,  -8.33913963e-03,
         -1.15939546e-02,   4.34984304e-02],
       [  3.15391837e-04,  -3.73608172e-02,  -3.36486958e-02,
          1.86122861e-02,   6.99986219e-02,  -1.59697086e-02,
         -7.52256885e-02,   1.69303939e-02,   3.18704955e-02,
          1.05876774e-02,   6.61450326e-02,   2.47517228e-02,
         -1.45106753e-02,   2.35641189e-02,  -1.02712484e-02,
          5.25713898e-02,  -1.65476408e-02,   3.43860276e-02,
         -3.25938687e-02,   1.84684396e-02],
       [ -2.59438250e-02,  -7.03281984e-02,  -3.75370644e-02,
          1.52309760e-02,   5.33812307e-03,  -1.76316965e-02,
          2.50084195e-02,   3.61817218e-02,   2.19824091e-02,
          1.29872868e-02,  -1.10281305e-02,   1.24814473e-02,
         -6.94535598e-02,   2.99187321e-02,   3.43642496e-02,
         -3.18002999e-02,  -2.97470391e-02,   9.91044044e-02,
         -9.23407823e-02,  -2.32432373e-02],
       [ -2.73187105e-02,   7.19649047e-02,  -3.65217142e-02,
         -1.92909222e-02,   6.92202672e-02,   2.82891858e-02,
         -3.62434201e-02,   4.81541120e-02,   3.46890949e-02,
          1.42335910e-02,  -1.06559563e-02,   8.43749791e-02,
         -3.25550921e-02,  -1.30370567e-02,  -4.45956588e-02,
          2.90647820e-02,  -2.16449592e-02,   6.83385553e-03,
          6.93785073e-03,  -1.98087227e-02],
       [  4.10002731e-02,   5.81602268e-02,   3.75021584e-02,
         -1.32602677e-01,   4.12289575e-02,  -4.65942547e-02,
          7.41364211e-02,   8.30496103e-02,  -1.07330298e-02,
          8.42983741e-03,  -3.64391953e-02,  -1.93310883e-02,
         -3.91524620e-02,   1.42052835e-02,   9.21641961e-02,
          3.69306505e-02,   1.94342900e-02,   7.38147944e-02,
         -3.32755409e-02,  -2.65919082e-02],
       [ -5.35988584e-02,  -1.08170748e-01,  -7.62341172e-02,
         -5.11414371e-02,  -7.87643865e-02,  -1.66768767e-02,
          6.52685314e-02,   2.88723484e-02,   3.56629342e-02,
          6.74807653e-02,   3.55717018e-02,   4.48288620e-02,
         -3.65320966e-02,  -4.45316695e-02,  -1.45204645e-02,
         -5.68173006e-02,  -2.47853380e-02,  -3.55285592e-02,
          6.96669221e-02,  -6.90860450e-02],
       [  4.01716158e-02,   2.04852633e-02,  -1.76431704e-02,
          6.05594181e-02,  -2.19696853e-02,  -6.65775761e-02,
         -6.34661168e-02,   1.56360511e-02,   4.40128632e-02,
         -8.67249221e-02,  -5.78670949e-03,   1.70795545e-02,
         -3.41153592e-02,  -5.24216630e-02,   4.72402088e-02,
          1.25205651e-01,   2.23331880e-02,  -4.48805429e-02,
          1.93778481e-02,  -1.44498609e-02],
       [ -4.67772447e-02,  -1.47225574e-01,   5.48272673e-03,
         -2.17857417e-02,   1.19906031e-01,  -3.68917696e-02,
          1.98760215e-04,  -5.77241331e-02,  -4.32662219e-02,
         -1.30583225e-02,  -5.98286930e-03,   8.55958983e-02,
          5.33166453e-02,   1.05944602e-02,   1.96452029e-02,
          2.77907159e-02,   2.93032336e-03,  -2.23097969e-02,
         -5.60736544e-02,  -9.38112885e-02],
       [ -1.60499848e-02,  -1.52429976e-02,   6.37974441e-02,
          5.51722897e-03,  -4.62892577e-02,   9.03764553e-03,
         -2.56022178e-02,  -4.93062660e-02,   3.47516350e-02,
         -1.95102673e-02,   5.09097315e-02,  -2.52466407e-02,
         -3.71604934e-02,  -1.17596574e-02,  -6.35285378e-02,
          5.51386829e-03,   5.07832877e-03,  -8.31429847e-03,
         -1.80219859e-02,   2.48446688e-02],
       [  6.74853697e-02,   4.16959152e-02,  -2.61841482e-03,
         -1.40009625e-02,   8.81021917e-02,  -1.37889467e-03,
         -2.87599978e-03,  -1.16800457e-01,   5.11302762e-02,
         -1.33318286e-02,   9.04577821e-02,  -5.26186116e-02,
         -1.04708098e-01,   4.60107699e-02,  -3.39023545e-02,
          1.64332148e-02,  -1.28038414e-02,  -2.83727348e-02,
         -1.14557454e-02,   6.15815781e-02],
       [  7.57760406e-02,   5.14466986e-02,  -1.86154377e-02,
          1.06224597e-01,  -2.65730936e-02,  -1.02866195e-01,
          6.42870963e-02,  -4.76144440e-02,  -1.29376613e-02,
          8.04826897e-03,  -9.78802666e-02,   7.54569396e-02,
         -8.40762258e-02,  -6.42640144e-02,  -2.61516441e-02,
         -3.25543508e-02,  -5.51999100e-02,  -4.07656394e-02,
         -5.45238368e-02,   2.21765004e-02],
       [ -5.93754426e-02,  -7.21235052e-02,   5.50807938e-02,
         -9.98547971e-02,   2.62486637e-02,  -3.63696255e-02,
         -3.62020247e-02,   6.26581954e-03,   3.59914191e-02,
          5.87517507e-02,   1.18846260e-01,   2.12736409e-02,
         -3.42473127e-02,   6.28436133e-02,   4.44598310e-02,
          8.34846683e-03,   6.00652248e-02,  -1.86632294e-02,
          1.79994870e-02,  -4.65039210e-03],
       [  6.57653576e-03,   4.34791762e-03,   4.03767787e-02,
          5.95349893e-02,   8.50141570e-02,   3.07320505e-02,
         -4.59800549e-02,  -1.42587274e-02,   6.74725026e-02,
         -4.41578031e-02,  -6.62697330e-02,   7.97271430e-02,
          7.91976154e-02,   7.15032816e-02,   2.18954738e-02,
         -2.26766784e-02,  -5.75766936e-02,  -6.92140535e-02,
         -6.39265627e-02,   2.45970339e-02],
       [  4.38127965e-02,  -4.92716627e-03,  -2.71065570e-02,
          2.75215358e-02,   1.44322142e-02,  -4.08285595e-02,
          4.04237397e-02,  -1.09531894e-01,   7.45349079e-02,
         -5.86679624e-03,   3.54564376e-02,   4.45324220e-02,
          6.05017762e-04,   7.68582672e-02,   6.35169595e-02,
          6.13570325e-02,   2.20257696e-02,   4.10409607e-02,
         -1.16172479e-03,  -1.54701760e-02],
       [  9.80577096e-02,   7.02907741e-02,   1.16331652e-02,
          4.67865691e-02,   1.86204426e-02,   2.49230769e-02,
          7.00872578e-03,   4.60732989e-02,   7.00086132e-02,
         -1.86660513e-02,   1.22107584e-02,  -3.55197042e-02,
          4.44988422e-02,   4.40780409e-02,  -4.83625615e-03,
          3.43950428e-02,  -1.33863166e-02,  -3.51468064e-02,
          1.73768438e-02,  -3.06319818e-02],
       [  1.89061165e-02,  -1.99727397e-02,  -1.13483377e-01,
          7.42530972e-02,  -4.66745496e-02,  -4.73289527e-02,
          4.41052951e-02,   4.94870730e-02,   4.65653342e-04,
          2.61576753e-02,  -3.94121371e-02,   5.75498194e-02,
         -2.28587966e-02,  -1.14477668e-02,  -2.70543564e-02,
         -2.67740153e-03,   2.89957598e-02,  -8.29834417e-02,
          2.62630247e-02,  -1.01770788e-01],
       [  1.51575375e-02,   4.38128486e-02,  -1.23651065e-02,
          6.03029840e-02,   3.34202796e-02,   7.04595298e-02,
         -1.78883150e-02,   4.32554074e-02,  -6.26366213e-03,
         -1.74428076e-02,  -4.50264364e-02,   6.93653002e-02,
          1.83227507e-03,  -1.77248940e-02,   1.11269258e-01,
         -1.59902137e-03,   6.83318153e-02,   9.36100036e-02,
          7.12178424e-02,  -4.18919399e-02],
       [ -3.24586146e-02,   4.46559070e-03,   6.76915608e-03,
         -6.95469726e-06,  -2.86490768e-02,   1.22919343e-02,
         -5.20477965e-02,   3.80702391e-02,   4.99413610e-02,
          4.82924655e-02,  -2.86196228e-02,   3.78740504e-02,
         -2.12640762e-02,   3.25606354e-02,   3.03145219e-02,
          6.60052942e-03,  -8.28731433e-03,   1.16339892e-01,
         -3.82309519e-02,   2.03190390e-02],
       [ -2.29578242e-02,  -1.01711545e-02,  -5.23437820e-02,
         -2.45938962e-03,  -6.52450137e-03,  -8.51737559e-02,
         -2.02052761e-02,  -3.51176225e-02,  -2.53534988e-02,
          4.85507362e-02,  -3.96220163e-02,  -1.15605872e-02,
         -5.72570935e-02,   1.43531049e-02,  -7.50017315e-02,
          1.00369796e-01,  -2.17091688e-03,  -7.15061203e-02,
         -2.02972046e-03,  -1.18889296e-02],
       [ -6.13127798e-02,  -6.22948632e-02,  -3.24783921e-02,
         -3.26532908e-02,  -3.68647575e-02,   4.47345432e-04,
          2.73305215e-02,   2.20765802e-03,   1.29184499e-02,
          2.52513196e-02,  -5.51164942e-03,   3.63598429e-02,
          4.60943356e-02,   8.90083238e-02,  -1.21646738e-02,
          9.26178042e-03,   2.16180179e-02,   1.88392994e-03,
          3.18498313e-02,  -9.26906690e-02],
       [ -6.72161067e-03,  -3.92079912e-02,   7.59537274e-04,
          1.02739446e-02,   5.29912189e-02,  -4.72850055e-02,
          1.99673488e-03,  -4.21338715e-02,  -2.76403576e-02,
          6.78148121e-02,  -1.02600250e-02,  -1.37084508e-02,
          3.75887528e-02,   5.01837693e-02,  -1.62099656e-02,
          4.81424518e-02,  -3.33670191e-02,   2.80400235e-02,
          4.21144851e-02,  -2.81719044e-02],
       [  1.13828406e-01,  -5.85503737e-03,  -6.43086992e-03,
         -2.30490454e-02,   1.50453160e-02,  -1.71263609e-02,
          1.06324486e-01,   2.30719317e-02,   6.78341314e-02,
          9.89875291e-03,   3.23429666e-02,  -1.92276184e-02,
          7.86674023e-02,  -1.23012057e-02,   2.18393262e-02,
         -2.14232411e-02,  -7.88112059e-02,  -7.54378689e-03,
          3.32066119e-02,  -5.01272567e-02],
       [  7.88180158e-03,  -2.27139350e-02,   2.60283872e-02,
         -6.95180371e-02,   1.82041265e-02,   8.34340155e-02,
          5.52682951e-02,  -2.72185132e-02,  -6.53238222e-02,
         -2.06728913e-02,  -4.42134961e-02,   2.09110621e-02,
          7.86280353e-03,   2.06438005e-02,   7.48331398e-02,
          1.60147157e-02,   1.10679530e-01,  -3.21592502e-02,
         -3.30119170e-02,   3.40264216e-02],
       [  1.85452513e-02,   2.83657573e-03,  -2.50526089e-02,
          5.24324551e-02,   4.30515334e-02,   3.43035012e-02,
         -6.78106844e-02,   1.70456581e-02,   7.90265854e-03,
         -6.00581653e-02,   4.19569053e-02,  -4.33992110e-02,
         -3.32071930e-02,  -3.72583792e-02,  -9.06717852e-02,
          1.52133610e-02,   1.14450203e-02,  -4.10481729e-02,
          5.40107563e-02,   5.71749732e-03],
       [ -5.93579561e-02,  -3.27612124e-02,  -3.37036108e-05,
          3.91895622e-02,  -5.65712675e-02,   1.15439050e-01,
          3.73237729e-02,   5.91734461e-02,   8.38563666e-02,
         -6.80279881e-02,   4.70014513e-02,   3.22300047e-02,
          4.39044796e-02,   7.38541558e-02,  -3.14776488e-02,
          5.50312176e-02,   2.17983983e-02,   3.65960859e-02,
         -7.26832747e-02,   1.90674085e-02],
       [ -1.67832850e-03,   1.51952282e-02,   2.06368286e-02,
         -2.92777214e-02,   2.85094194e-02,   9.99234021e-02,
          3.73326568e-03,   1.16002019e-02,  -1.44611541e-02,
         -4.48487811e-02,   9.64901585e-04,   5.50893880e-02,
         -4.02570181e-02,  -4.20370474e-02,   3.66864614e-02,
         -9.21275839e-02,  -6.75600544e-02,   2.79656649e-02,
          4.22494113e-02,  -6.73294738e-02],
       [  8.52790079e-04,  -1.32880136e-02,  -5.43384179e-02,
          6.38039634e-02,   2.23901086e-02,   1.80986132e-02,
          7.08848191e-03,  -3.03701591e-02,   4.73853620e-03,
         -6.49228618e-02,  -5.76631119e-03,   6.72605634e-02,
          4.12407815e-02,   8.03213269e-02,  -5.62829059e-03,
         -4.78378199e-02,   3.74409147e-02,  -6.94818003e-03,
         -6.96963370e-02,   5.66412248e-02],
       [  1.35745425e-02,   1.02713339e-01,  -5.87426573e-02,
         -4.91774045e-02,  -7.56199658e-02,  -3.39386947e-02,
          7.20465332e-02,  -2.40189414e-02,  -2.65680682e-02,
         -4.66078660e-03,   1.47772972e-02,  -3.13900365e-03,
          8.15048888e-02,   1.09073250e-02,   3.74009879e-03,
         -2.57891435e-02,  -4.08826600e-04,  -9.74310562e-03,
         -1.33202123e-02,   4.42318656e-02],
       [  3.41112092e-02,  -1.37495936e-03,   1.02308975e-03,
         -8.13589022e-02,  -2.94574071e-02,  -2.41451319e-02,
         -5.19862548e-02,  -7.23715797e-02,   5.27021103e-03,
          7.28645772e-02,  -4.37752828e-02,   1.66802928e-02,
         -8.37102085e-02,  -1.88659318e-02,  -5.08054625e-03,
          5.11993840e-02,   8.38336721e-02,   2.22666934e-02,
          5.79437017e-02,  -2.59820353e-02],
       [ -5.38228564e-02,   8.08428004e-02,  -5.76709658e-02,
         -4.53096107e-02,   2.52542421e-02,   8.88086483e-02,
          2.99225207e-02,   6.78987009e-03,   2.56143175e-02,
         -6.20219223e-02,  -9.79027599e-02,  -4.05792296e-02,
          8.14560875e-02,   7.16017485e-02,   6.59865588e-02,
         -4.87208031e-02,  -6.00305386e-03,  -3.58111062e-03,
          5.05779013e-02,   1.47319697e-02],
       [ -1.76508334e-02,   6.63690194e-02,  -1.98988970e-02,
          8.76823738e-02,   1.50108328e-02,  -6.27753213e-02,
         -4.63139601e-02,  -6.19491562e-02,  -3.90497148e-02,
         -4.08120789e-02,   9.61390063e-02,  -7.95362815e-02,
          7.61200534e-03,   6.30290583e-02,  -2.97452286e-02,
          3.42799984e-02,   2.16413569e-02,   3.09923850e-02,
         -1.71513166e-02,   7.87018985e-02],
       [  7.29320049e-02,  -3.49765271e-02,   5.15227066e-03,
         -6.31323978e-02,  -3.51331830e-02,  -3.04627661e-02,
          1.05403699e-01,   8.17308873e-02,   5.31795621e-02,
         -3.77098517e-03,  -6.53156266e-02,   7.02260882e-02,
          6.38963431e-02,  -9.79326107e-03,   3.24044786e-02,
         -4.04253080e-02,  -8.66059586e-02,   2.47761272e-02,
         -3.16343978e-02,   2.11706273e-02],
       [ -9.85406041e-02,   5.50801344e-02,   3.69506597e-04,
          5.58447465e-02,  -1.20561393e-02,   3.97012345e-02,
         -6.69704452e-02,  -4.34848778e-02,   3.92805897e-02,
          8.15925151e-02,  -1.98147725e-02,  -4.16725203e-02,
          8.81919637e-02,  -1.89057477e-02,  -8.43862351e-03,
         -6.10780939e-02,  -1.55152474e-02,   1.22291343e-02,
          8.14382359e-02,   1.92282703e-02],
       [ -8.79130885e-02,   9.70531777e-02,  -4.17120904e-02,
          1.08652264e-01,  -5.56976208e-03,   1.91134140e-02,
          7.36532435e-02,   3.24941874e-02,  -4.28094380e-02,
          7.32728094e-02,  -4.45685275e-02,  -6.50613308e-02,
         -1.03600353e-01,  -9.90276784e-02,  -6.21715048e-03,
          7.12957680e-02,  -9.02682692e-02,   3.24271321e-02,
          6.84536546e-02,  -2.78042555e-02],
       [ -1.28280520e-01,  -3.64606492e-02,   2.24209912e-02,
          7.13821640e-03,  -2.07659751e-02,  -4.16201875e-02,
          2.56911106e-02,   2.42589191e-02,   8.43244419e-03,
         -4.35243957e-02,  -2.83759851e-02,  -3.61949131e-02,
         -6.95616081e-02,  -1.03157386e-02,  -2.26811860e-02,
         -3.04578785e-02,   4.36899327e-02,  -6.07727468e-02,
          5.46479933e-02,   2.51510665e-02],
       [ -1.55527228e-02,  -3.83449085e-02,  -8.32839012e-02,
          1.02009503e-02,  -1.21683404e-02,   1.13357520e-02,
          7.34852441e-03,  -4.05328274e-02,  -6.27968237e-02,
         -3.20768170e-02,   7.24957436e-02,  -5.72793707e-02,
         -1.65475085e-02,   7.01669380e-02,  -2.47787889e-02,
         -1.10897273e-01,   8.17186106e-03,  -2.10946333e-02,
          4.76063564e-02,  -1.06528429e-02],
       [  4.68842424e-02,   3.40795182e-02,   8.27082917e-02,
          3.41158616e-03,  -9.78251994e-02,  -7.89818764e-02,
         -6.01301827e-02,   3.58734168e-02,  -1.43784564e-02,
          5.36722830e-03,  -6.93068877e-02,  -3.35693546e-02,
          1.26459589e-02,   3.11237313e-02,  -2.05419045e-02,
          1.08208194e-01,   3.05285957e-03,   3.59950140e-02,
          1.02190100e-01,  -2.98997946e-03],
       [ -5.21383435e-02,   4.24522161e-02,  -6.63941503e-02,
          2.80636158e-02,  -2.28412431e-02,   7.20658759e-03,
          9.07806456e-02,  -1.70488544e-02,  -2.27845218e-02,
          6.54901341e-02,   9.16016325e-02,   3.13919224e-02,
          2.58380976e-02,  -5.01810126e-02,   3.29337269e-02,
          1.66139081e-01,   7.23494068e-02,   2.45546009e-02,
         -8.65207519e-03,   2.04300057e-04],
       [  9.37416404e-02,   3.10527720e-02,  -5.23432121e-02,
         -2.67476514e-02,   6.36221319e-02,   6.19085170e-02,
         -8.48482475e-02,  -3.39137716e-03,  -1.87711995e-02,
          6.14742413e-02,   1.17143333e-01,  -4.44494709e-02,
          3.36211957e-02,  -6.17435947e-02,   6.80796653e-02,
         -1.13100916e-01,   1.84260719e-02,   2.44245138e-02,
          3.36661451e-02,   5.56515865e-02],
       [  1.49838375e-02,  -1.59175508e-02,  -6.77404031e-02,
         -2.92460117e-02,  -1.24884536e-02,   1.96570996e-02,
         -1.13999238e-02,   1.56818163e-02,  -2.96389572e-02,
         -1.39535144e-02,  -4.13973518e-02,  -6.49527386e-02,
         -5.37646487e-02,  -5.80068044e-02,  -5.92347682e-02,
          3.96030135e-02,  -7.12373480e-03,   3.02195419e-02,
          7.52669573e-02,   6.18719263e-03],
       [  6.13462692e-03,  -9.42882523e-02,  -2.14510821e-02,
          3.40714790e-02,   1.63582601e-02,  -1.10571116e-01,
         -5.10221720e-02,   4.28374438e-03,   4.53542918e-02,
          3.02373916e-02,   7.08761439e-02,   1.74431074e-02,
         -6.23417459e-03,  -4.69105653e-02,  -2.02836990e-02,
         -3.32872644e-02,   3.21221165e-02,   5.33054434e-02,
          7.44718909e-02,   5.71723469e-02],
       [  3.39290276e-02,   8.79639387e-03,   4.25666422e-02,
         -6.36353642e-02,  -6.11254424e-02,   1.04487993e-01,
         -7.23378807e-02,  -6.87555922e-03,  -7.74983391e-02,
         -4.75277863e-02,   6.82623452e-03,   1.56941358e-02,
          2.62578037e-02,  -1.41212363e-02,   3.50265242e-02,
          2.09399359e-03,   4.73808646e-02,   1.38029411e-01,
          1.37997409e-02,  -5.54965101e-02],
       [ -7.17178965e-03,  -5.69391996e-02,   7.73231909e-02,
          2.63590869e-02,   9.23254564e-02,  -9.92130637e-02,
         -3.15840915e-02,  -1.57202147e-02,   2.98578199e-02,
         -4.51041758e-02,  -3.54782902e-02,  -1.92336319e-03,
          3.78213227e-02,   2.04546563e-02,   6.03618622e-02,
         -2.35846285e-02,  -4.14595604e-02,   9.86455157e-02,
         -5.98063208e-02,  -5.97185120e-02],
       [ -8.84659067e-02,  -2.54302938e-02,   5.13172150e-02,
          1.52175114e-01,   7.42846401e-03,  -5.30608110e-02,
         -6.65307790e-02,   2.56985612e-03,  -2.40632426e-02,
          2.93223485e-02,   5.47845513e-02,  -9.43985302e-03,
         -1.63653195e-02,   2.46849209e-02,  -2.53986884e-02,
          4.74644341e-02,  -6.51072413e-02,  -1.64853353e-02,
         -6.23793192e-02,  -3.07649579e-02]], dtype=float32), array([ -2.62449030e-05,  -1.46960735e-03,   1.14323129e-03,
         1.14192744e-03,  -1.23546307e-03,  -4.56681999e-04,
        -7.34255824e-04,  -3.86691594e-04,  -1.33027311e-03,
        -2.50566838e-04,   1.16852294e-04,  -1.19496348e-04,
         1.23635889e-03,  -8.29572091e-04,   3.16039484e-04,
        -3.30452633e-04,  -2.17026070e-04,  -9.20024468e-04,
        -9.11470634e-05,   3.94371571e-04], dtype=float32)][array([[-0.03673263],
       [ 0.05267293],
       [-0.10499763],
       [-0.11049244],
       [ 0.02821696],
       [-0.00742875],
       [ 0.00546781],
       [-0.011555  ],
       [ 0.0331841 ],
       [-0.02186016],
       [-0.04957326],
       [-0.04434654],
       [-0.11045764],
       [ 0.00272843],
       [-0.06110715],
       [-0.01719807],
       [-0.02435394],
       [ 0.00785526],
       [-0.03188192],
       [-0.05878972]], dtype=float32), array([-0.06694631], dtype=float32)]