[array([[  7.17651695e-02,   8.22210163e-02,  -6.33448660e-02,
          7.68931136e-02,   6.75452799e-02,   5.05738929e-02,
         -6.37778044e-02,  -7.68717751e-02,  -1.90049075e-02,
         -7.87256435e-02,   5.68505749e-02,   5.50309308e-02,
          5.18337339e-02,   7.74231777e-02,  -7.46338218e-02,
         -8.89815092e-02,   9.14623365e-02,  -8.65351036e-02,
          2.50716787e-02,   7.02904537e-02,   6.85206056e-02,
         -1.06130928e-01,  -4.47667465e-02,   7.77487457e-02,
          7.66538531e-02,  -3.79896425e-02,   7.14807510e-02,
         -2.89106984e-02,  -6.19550645e-02,   5.49487248e-02,
         -6.10610358e-02,   8.27873796e-02,   8.05731788e-02,
          6.65915087e-02,   7.73406476e-02,   6.93892837e-02,
          9.40188542e-02,   6.55298531e-02,  -3.60940546e-02,
         -2.50983518e-03,   9.35993791e-02,   8.07425156e-02,
          1.14180252e-01,   8.13963935e-02,   6.08479604e-02,
          1.03551969e-01,  -8.46218467e-02,   1.39307985e-02,
          8.73189420e-02,  -7.66461864e-02],
       [ -1.15956642e-01,   3.37015167e-02,   7.02525377e-02,
         -4.44272235e-02,   5.94771169e-02,   5.97130449e-04,
         -1.73547808e-02,  -2.22209394e-02,   6.61450624e-02,
          1.49543183e-02,   1.21847671e-02,  -5.86595982e-02,
          3.54805738e-02,  -2.66905641e-03,  -8.90104994e-02,
         -8.63965899e-02,   1.49327498e-02,  -9.24934745e-02,
         -8.63366798e-02,  -9.92319584e-02,  -5.53254001e-02,
          1.06745213e-02,   9.40644071e-02,   2.03611758e-02,
         -5.02942968e-03,  -4.12393138e-02,  -1.91198774e-02,
         -3.00154742e-02,   2.76828539e-02,   3.86043191e-02,
          5.08087017e-02,   6.31509861e-03,  -2.35013720e-02,
         -8.79300833e-02,   3.92885180e-03,  -8.02016482e-02,
         -3.65202432e-03,  -1.24730300e-02,  -6.73925737e-03,
         -8.31576511e-02,   8.27922300e-02,   1.43470964e-03,
          2.57124789e-02,   1.10275601e-03,  -6.07219636e-02,
          6.30240664e-02,  -5.44293225e-02,  -7.65625737e-04,
         -1.19125592e-02,   3.04240058e-03],
       [ -5.55121489e-02,   2.53098309e-02,   2.55525671e-02,
          4.47991565e-02,  -4.39837575e-02,  -4.43934165e-02,
         -1.90926176e-02,  -3.69920395e-04,  -5.03051914e-02,
         -4.38437052e-02,   1.41492952e-02,   3.76456790e-02,
         -4.46546311e-03,  -2.41657551e-02,   7.07086623e-02,
          9.79822781e-03,  -4.48648371e-02,  -3.73384766e-02,
          2.76319273e-02,   9.33000669e-02,  -4.50708196e-02,
          5.95731437e-02,   1.34652451e-01,   7.57933035e-02,
         -3.13026644e-02,  -2.42329575e-02,  -5.26997782e-02,
         -1.53241400e-02,   3.33463512e-02,  -3.53536336e-03,
          6.08261023e-03,  -6.29373416e-02,  -3.77608575e-02,
          9.30936113e-02,  -1.15941770e-01,  -7.08008744e-03,
         -4.23496962e-02,  -1.58059783e-02,   7.39498287e-02,
          9.99865904e-02,  -8.95240530e-03,  -1.39424615e-02,
         -5.35935946e-02,  -1.35485262e-01,   8.76682904e-03,
          9.33637321e-02,   5.27492873e-02,  -6.53035417e-02,
         -5.50251864e-02,   2.40800604e-02],
       [  3.23852375e-02,  -1.17751949e-01,   7.02613369e-02,
         -1.23656355e-02,   6.21813163e-03,  -1.74867827e-02,
          1.19067924e-02,   4.75447252e-02,   2.05116067e-03,
          6.40204176e-02,   1.85597874e-02,   2.34194584e-02,
          5.20552509e-02,   5.25330380e-02,  -1.02083338e-03,
         -7.27545917e-02,   8.24543089e-02,  -2.79369894e-02,
         -5.86251803e-02,   3.40688340e-02,  -1.61404852e-02,
          7.43114278e-02,  -2.27787886e-02,  -1.00402735e-01,
         -1.62791833e-02,  -3.19229402e-02,  -2.68748496e-03,
         -1.57659259e-02,  -1.09519921e-02,   4.99110781e-02,
         -1.04989968e-01,  -8.36856943e-03,  -5.20554446e-02,
         -3.70705351e-02,   3.58215421e-02,   1.00155845e-01,
         -3.82317714e-02,  -2.93881204e-02,  -5.34102395e-02,
         -8.33271630e-03,   3.38790417e-02,   2.88347043e-02,
          1.46896541e-02,  -3.77783589e-02,   3.37974774e-03,
         -9.41107050e-03,   4.34925780e-02,  -2.81409025e-02,
         -3.55886034e-04,  -2.83770617e-02],
       [  9.99814793e-02,  -2.40289234e-02,   6.00828156e-02,
         -8.09247699e-03,   3.02102901e-02,  -2.47197505e-03,
         -3.53291705e-02,   4.02767919e-02,   6.54127821e-02,
          6.95720538e-02,  -2.64689643e-02,  -2.18702722e-02,
         -2.28367168e-02,   1.90198105e-02,   4.04974334e-02,
          3.95168066e-02,   2.17504962e-03,   6.87906072e-02,
         -6.84885159e-02,   1.10259252e-02,   7.40252137e-02,
          5.04400730e-02,  -6.39836043e-02,  -1.01514995e-01,
          1.11121558e-01,  -4.54907082e-02,  -1.93658620e-02,
         -2.31864899e-02,   5.17760450e-03,  -8.86494368e-02,
          3.15134152e-04,  -1.37910666e-02,  -6.55275881e-02,
          1.80346686e-02,  -2.73210201e-02,   2.86614522e-03,
         -1.02270348e-02,   4.54116575e-02,   6.24158680e-02,
          4.72185612e-02,   2.66460180e-02,  -7.23003969e-02,
          1.37734637e-02,   1.20954122e-02,   3.13152443e-03,
          1.22812577e-03,   6.12750910e-02,  -1.98298842e-02,
         -4.01057005e-02,  -5.34075946e-02],
       [  1.70050352e-03,   5.29621728e-02,   7.37073347e-02,
         -8.92706588e-03,  -4.85943668e-02,   2.21751519e-02,
         -6.52620494e-02,   5.73462918e-02,   7.70118609e-02,
          8.58725086e-02,  -4.22128513e-02,   2.28898637e-02,
         -7.09923953e-02,   2.32161656e-02,  -1.42633272e-02,
         -1.04698263e-01,   4.65116166e-02,  -2.56607309e-03,
          5.01890667e-02,  -3.01136319e-02,  -4.84695025e-02,
          3.01340502e-02,   9.75781605e-02,  -1.53666334e-02,
         -5.18424623e-02,   2.75212270e-03,  -1.81205440e-02,
         -1.51781216e-02,  -3.16920318e-02,   2.98998058e-02,
          3.96180488e-02,   8.75908136e-02,  -3.98054980e-02,
         -4.71695028e-02,   6.34848922e-02,   6.41916916e-02,
         -8.00675899e-02,  -1.23183271e-02,   4.94066924e-02,
          1.35125387e-02,  -3.84717993e-02,  -3.02680023e-02,
          7.04950765e-02,  -2.40074936e-02,   1.01747312e-01,
          5.19608743e-02,   2.44523026e-02,  -6.55212812e-03,
         -8.17974061e-02,  -3.44953202e-02],
       [ -2.52947267e-02,   5.09582758e-02,   4.32992354e-04,
          4.59454693e-02,  -4.62478101e-02,   7.02876151e-02,
          1.37414075e-02,   9.84966196e-03,   7.47320652e-02,
          1.46374188e-03,   7.17313439e-02,   7.84627125e-02,
         -1.99249610e-02,  -4.22506705e-02,  -9.84681100e-02,
         -4.18971181e-02,   9.05764010e-03,  -1.46579242e-03,
         -4.41633500e-02,  -2.46151593e-02,   5.92518225e-03,
         -7.44715482e-02,   9.03245658e-02,  -7.12799374e-03,
          1.59343313e-02,  -1.26668820e-02,  -1.29446983e-02,
          4.62929010e-02,   3.59216481e-02,   5.89895586e-04,
         -6.37242198e-02,   5.48752546e-02,  -2.23264527e-02,
         -4.97734658e-02,  -4.18436751e-02,  -5.36187142e-02,
          1.18573448e-02,  -5.62240593e-02,   2.18808604e-03,
         -1.47195272e-02,  -1.95943862e-02,  -1.17294192e-02,
         -6.05326798e-03,   3.58547345e-02,  -7.52991065e-02,
         -9.07000154e-02,   1.91434324e-02,   5.28423190e-02,
         -3.64236347e-02,  -3.36521044e-02],
       [  8.23255687e-05,  -4.75430638e-02,   4.46351282e-02,
         -3.33241234e-03,  -4.52237874e-02,  -2.99278721e-02,
          2.51729339e-02,   4.68543693e-02,   2.18405630e-02,
          9.57463011e-02,   1.94197681e-04,   9.74478759e-03,
          4.54059839e-02,   2.89653596e-02,  -1.83334425e-02,
         -3.31244245e-02,  -7.48102553e-04,   8.23281482e-02,
         -8.65317881e-02,  -6.99069500e-02,  -1.55744497e-02,
          6.44403026e-02,   1.22122234e-03,   4.68704477e-03,
          3.88391204e-02,  -3.08235809e-02,   8.05026069e-02,
         -1.85573529e-02,   8.16996321e-02,   6.08247891e-02,
          8.36521387e-02,   9.67792422e-02,  -4.44367565e-02,
         -8.77262205e-02,  -2.60146358e-03,  -7.12508112e-02,
          2.42863242e-02,  -2.07245816e-02,   4.15990464e-02,
         -1.45050129e-02,   4.87505980e-02,   3.27063687e-02,
         -4.58623804e-02,   6.10513845e-03,  -6.32403865e-02,
         -9.39230919e-02,   2.39342563e-02,   2.87154000e-02,
          1.76741257e-01,  -7.63287693e-02]], dtype=float32), array([  1.22746243e-03,   1.29109167e-03,  -6.82531798e-04,
         2.05867994e-03,   4.19502845e-04,   5.26758202e-04,
         8.03365620e-05,   1.53432935e-04,  -5.03596035e-04,
        -2.40848603e-04,   8.00402893e-04,   3.81311693e-04,
         1.79401468e-04,   2.00931798e-03,  -8.72202509e-05,
         9.62256090e-05,   1.84923701e-04,  -5.34601641e-05,
         1.20727753e-03,   6.16319478e-04,   1.56535418e-03,
        -1.72493019e-05,  -6.10434625e-04,   2.91480595e-04,
         1.23717275e-03,   3.43554129e-04,   1.16989412e-03,
         1.38935517e-04,  -8.98804748e-04,   1.01656886e-03,
        -1.52028038e-03,   1.29233958e-04,   1.35893715e-04,
         1.94311549e-04,   1.21444988e-03,   1.74047647e-03,
         7.35814610e-05,   1.14818127e-03,  -1.27154274e-03,
         2.92924058e-04,   5.87570074e-04,   3.67651723e-04,
         2.34009676e-05,   1.50626490e-03,   1.14786082e-04,
         1.05180712e-04,  -2.69889479e-05,   7.45845027e-05,
         1.45949816e-04,  -1.04593195e-03], dtype=float32)][array([[  9.13097933e-02,   9.99618694e-02,   1.13983497e-01,
          3.84851247e-02,   1.52085461e-02,   1.93429459e-03,
          3.89301479e-02,   3.66494916e-02,   1.02411889e-01,
          8.43201429e-02,   1.11405931e-01,  -1.30872633e-02,
          5.12477569e-03,   5.35020903e-02,   1.19381621e-01,
          1.11914948e-01,   1.12962067e-01,   1.44710049e-01,
          2.08268855e-02,  -9.76515189e-03],
       [  1.16382390e-01,   1.18103333e-01,   8.40670094e-02,
         -9.41659976e-03,   1.02425963e-01,   5.19621223e-02,
          3.19193155e-02,   8.84088799e-02,   5.30575328e-02,
          3.03979479e-02,   6.87838569e-02,   1.50639310e-01,
          1.55209948e-03,   1.17916390e-02,   5.21732680e-02,
          3.01113334e-02,  -1.41208072e-03,   8.08166116e-02,
          4.15596962e-02,   1.00678846e-01],
       [ -1.51742930e-02,   2.57310160e-02,  -9.32868943e-03,
         -1.83825698e-02,  -4.47895303e-02,  -7.74505809e-02,
         -1.54806832e-02,  -8.41919631e-02,  -8.70224535e-02,
         -9.07610431e-02,   1.78183746e-02,   3.22652571e-02,
         -3.62347774e-02,   3.28186005e-02,   8.13512206e-02,
         -1.73332188e-02,   3.79023924e-02,  -4.42840457e-02,
         -1.75100099e-02,  -5.29512353e-02],
       [  7.07288384e-02,   8.19421485e-02,   3.35011631e-02,
          8.84437039e-02,   1.18961528e-01,  -5.44484071e-02,
          3.40961926e-02,   5.65944873e-02,   6.64715469e-02,
          6.29008636e-02,   9.89780203e-02,   7.11856410e-02,
          1.08406646e-02,   4.74287421e-02,   8.44995305e-02,
          5.63451201e-02,   8.55090693e-02,   1.03366330e-01,
          6.94744587e-02,   1.02031358e-01],
       [  1.11266002e-01,   6.74345568e-02,   1.18047809e-02,
         -4.89321314e-02,   2.14872509e-02,   7.66864941e-02,
          5.51905520e-02,  -4.30086628e-02,   2.86493674e-02,
          3.10712843e-03,   7.22207082e-03,  -4.51995544e-02,
          6.11949824e-02,   1.27598243e-02,   2.56773327e-02,
          4.31011198e-03,   6.13856539e-02,   1.04944423e-01,
          7.34220520e-02,   1.73821840e-02],
       [  5.48730306e-02,  -1.77154802e-02,   9.60614085e-02,
         -1.97963025e-02,  -4.95927483e-02,   1.80613268e-02,
          4.01428640e-02,  -2.50553563e-02,  -2.71025933e-02,
          4.81249280e-02,   1.16914054e-02,   1.05877563e-01,
          6.06050380e-02,  -1.17165353e-02,   5.97696602e-02,
          3.48547171e-03,   3.63444239e-02,   4.97204959e-02,
          2.01878790e-02,   6.31589964e-02],
       [  4.12396714e-02,  -2.71123387e-02,  -5.80201335e-02,
         -4.14940976e-02,   5.32727912e-02,  -2.72767860e-02,
          4.12835293e-02,  -9.49709211e-03,  -2.30880007e-02,
          1.29353240e-01,   5.89242615e-02,  -5.06575033e-02,
         -1.54631259e-02,   2.98145134e-02,  -1.00681908e-01,
         -1.68162878e-05,   4.79017571e-02,  -5.33466414e-02,
          4.64535765e-02,  -1.94311924e-02],
       [  2.55579501e-02,   6.23213314e-03,  -2.40065940e-02,
         -7.53463730e-02,   4.27427925e-02,   7.78434193e-03,
          3.79772931e-02,   4.04705107e-02,   1.36927944e-02,
         -1.55338645e-02,   1.34079799e-01,  -7.36065954e-02,
          1.93991866e-02,  -2.74710148e-03,  -2.92835459e-02,
          7.99881145e-02,   6.72979951e-02,   3.40275951e-02,
          3.84387448e-02,   2.82821874e-03],
       [ -5.05832396e-03,   3.46920006e-02,   3.28643881e-02,
         -8.92830640e-02,   3.15074883e-02,   1.22793531e-03,
          7.31767789e-02,  -2.81438883e-03,   5.75968921e-02,
         -1.11105070e-02,  -1.38333067e-02,  -2.76003759e-02,
         -4.62671258e-02,   3.03512774e-02,   2.44359747e-02,
         -3.60667296e-02,  -1.12322830e-01,   6.89416453e-02,
          4.10461016e-02,  -2.69469656e-02],
       [  8.18359852e-03,   1.72085185e-02,   2.94733583e-03,
         -7.96231031e-02,  -6.21989146e-02,  -1.62719395e-02,
         -7.99761340e-02,   2.23353561e-02,  -4.75628264e-02,
         -2.08740849e-02,  -3.06374505e-02,  -2.00397857e-02,
          2.21599396e-02,  -1.30116590e-03,  -4.01845612e-02,
         -5.54100052e-02,  -1.92128886e-02,   3.24211791e-02,
         -3.98344211e-02,   9.79884621e-03],
       [  2.23592166e-02,   5.92683107e-02,  -1.95894763e-02,
         -7.64927221e-03,   7.72632938e-03,   3.90393287e-02,
          2.79376414e-02,   8.17041472e-02,  -1.48938037e-02,
          1.03628755e-01,  -5.05039701e-03,  -4.79162484e-02,
          1.61485616e-02,   5.72799891e-02,   4.56278473e-02,
          1.15323246e-01,   9.17462483e-02,   2.30117440e-02,
          5.36086261e-02,  -1.02633841e-01],
       [ -8.61284207e-04,   3.26813161e-02,  -8.02081302e-02,
          3.58236320e-02,   1.04189597e-01,   6.74972907e-02,
          6.58399165e-02,   4.54601645e-02,   7.26758465e-02,
         -4.72912341e-02,   7.32620284e-02,  -2.60019396e-02,
          5.02105840e-02,   1.04348678e-02,  -6.20238706e-02,
          4.47211154e-02,  -1.63486265e-02,   2.60923114e-02,
          9.34506357e-02,   1.05599381e-01],
       [  5.64481691e-02,  -7.01679569e-03,   1.95970349e-02,
         -1.00168856e-02,   4.99541312e-02,   4.37100492e-02,
          3.25108543e-02,   1.39078289e-01,   9.26773529e-03,
         -2.62794606e-02,   7.20139071e-02,  -7.87476599e-02,
          9.62259471e-02,   2.36634836e-02,   7.32789785e-02,
          2.25155707e-02,  -6.66362569e-02,   1.52271509e-03,
         -1.96921732e-02,  -1.31997578e-02],
       [  4.52390686e-02,   6.37281761e-02,   7.15844631e-02,
          5.65446950e-02,   5.30639403e-02,   8.13196227e-02,
          8.25080350e-02,   8.35089236e-02,   1.15692362e-01,
          1.43252656e-01,   7.86555409e-02,   2.61538550e-02,
          9.76017676e-03,   4.87805270e-02,   6.61701262e-02,
          3.24311815e-02,   8.70778859e-02,  -1.95756592e-02,
         -1.93489548e-02,   7.12350011e-02],
       [  1.27035184e-02,  -1.51758402e-04,   5.28318398e-02,
         -2.51644999e-02,  -6.18988611e-02,  -8.12514424e-02,
          4.08155173e-02,   2.35819090e-02,  -1.51799368e-02,
          3.25180888e-02,   4.64470038e-04,  -3.40937860e-02,
          1.89399477e-02,  -2.99770813e-02,  -6.52844235e-02,
          8.68584439e-02,  -1.05327880e-02,  -6.13662563e-02,
          3.67745780e-03,   8.26633256e-03],
       [  8.47495347e-02,   2.42593903e-02,   2.01805029e-02,
         -2.05633957e-02,  -2.45047491e-02,  -6.95672166e-03,
          5.16858473e-02,  -2.65003834e-02,   6.03619888e-02,
          5.22918254e-03,  -6.75385818e-02,  -2.83786207e-02,
         -1.13271149e-02,   1.78517606e-02,   7.88440108e-02,
         -3.46505903e-02,  -1.20304190e-02,   4.05446365e-02,
          6.31073713e-02,   4.19344269e-02],
       [  4.55335453e-02,   8.90664458e-02,   5.48637658e-03,
          1.13179147e-01,   1.04959063e-01,   2.98551260e-03,
          5.37023880e-02,   4.40514199e-02,   4.59499583e-02,
          8.99558663e-02,   1.24267593e-01,   4.55342494e-02,
          4.46793400e-02,  -3.29356262e-04,   1.24649778e-02,
         -8.28846544e-02,   1.78440195e-02,   8.77889395e-02,
          7.13319406e-02,   8.69870186e-02],
       [ -5.92461042e-03,  -2.45293304e-02,  -3.36359884e-03,
          2.49545183e-02,   6.75671697e-02,  -1.26626389e-02,
          4.67897952e-02,  -7.87789747e-02,  -8.49262774e-02,
         -3.58108357e-02,   7.90141672e-02,  -1.97481681e-02,
          1.71855018e-02,  -2.61668246e-02,   1.63262077e-02,
         -7.14663714e-02,   5.08606844e-02,  -6.65991679e-02,
          5.47264563e-03,  -5.52146249e-02],
       [  5.99759892e-02,  -2.60358956e-02,  -1.59197710e-02,
          3.88511121e-02,  -2.75596697e-02,   6.06258167e-03,
         -3.85897607e-02,   6.42151162e-02,   9.69955027e-02,
         -4.67651114e-02,   3.72237675e-02,   3.19361947e-02,
          4.92953435e-02,   3.97257842e-02,  -3.01277097e-02,
          1.85895211e-03,  -2.14504693e-02,   2.01140274e-03,
          9.85668376e-02,   1.02950640e-01],
       [  1.16570123e-01,   1.95358898e-02,  -3.89005952e-02,
          6.55421689e-02,   3.14416289e-02,   9.40821469e-02,
         -2.95734666e-02,   1.37053058e-01,   4.52305973e-02,
          2.59425957e-02,   8.63519385e-02,   8.20460096e-02,
          9.16217715e-02,   1.63681582e-01,   2.79481355e-02,
         -2.37764325e-02,   1.38041288e-01,   1.12572826e-01,
          4.95794415e-02,   1.24569247e-02],
       [  2.76497137e-02,   8.26304778e-03,   3.95391360e-02,
          5.09559289e-02,   4.95775156e-02,   4.77304459e-02,
          4.92357016e-02,  -1.03088021e-02,  -1.40891317e-02,
          9.86482874e-02,   8.98289159e-02,  -5.41882664e-02,
         -6.46591652e-03,   1.04515828e-01,   1.57666847e-01,
          7.96248987e-02,   6.98930621e-02,   4.48342785e-02,
          3.67489159e-02,   8.29563960e-02],
       [ -1.80314500e-02,   8.77486467e-02,   3.82148772e-02,
          2.00720727e-02,   1.10663354e-01,  -9.50493515e-02,
         -3.20570804e-02,  -9.38041508e-03,   4.06608768e-02,
         -4.28831056e-02,   1.15485964e-02,   3.54261845e-02,
         -7.20086396e-02,  -1.78470947e-02,  -6.85443655e-02,
         -9.47606266e-02,  -1.46877514e-02,  -8.17724764e-02,
          2.69888085e-03,  -2.96654496e-02],
       [  4.87915799e-02,   3.54690775e-02,  -4.29036990e-02,
         -1.71396397e-02,  -2.13950244e-03,   2.08137631e-02,
          8.73246696e-03,  -6.52305456e-03,   7.65871108e-02,
         -5.84113784e-02,  -4.11965810e-02,   9.50657874e-02,
         -9.46551263e-02,   8.07456486e-03,   5.88140152e-02,
         -6.99143112e-02,   2.11361144e-02,  -6.66520670e-02,
          2.34840382e-02,  -8.42933878e-02],
       [  2.16428898e-02,   3.18320505e-02,   5.33420183e-02,
          6.42145798e-02,  -1.90663198e-03,  -1.77253259e-03,
          1.52427750e-02,   3.70482914e-02,   5.06829144e-03,
          1.59851104e-01,   5.02477288e-02,   3.34757715e-02,
         -2.55553820e-03,  -5.42360870e-03,   1.07343718e-01,
         -2.97316723e-03,   1.00346774e-01,   2.47321613e-02,
          4.62457463e-02,   1.96332484e-02],
       [  5.13946265e-02,   1.43445313e-01,   4.19400334e-02,
          6.11690469e-02,   1.01087645e-01,   6.27191067e-02,
          5.28863678e-03,   7.60304332e-02,   4.25409488e-02,
         -5.60538471e-02,   1.12550259e-01,   9.37247053e-02,
          1.21367157e-01,   7.63896853e-02,   1.27904247e-02,
          1.67389102e-02,   4.31996770e-02,  -7.12841377e-03,
          8.23359340e-02,   5.03649004e-02],
       [ -3.01370881e-02,   2.07412001e-02,   8.18865150e-02,
          6.55197650e-02,   1.11792840e-01,  -4.41963002e-02,
         -1.59213804e-02,   7.33998716e-02,  -7.14754984e-02,
         -4.53406237e-02,  -1.29676670e-01,   1.39522329e-01,
         -6.81157829e-03,  -6.87177703e-02,   2.22216593e-03,
         -9.73616540e-03,   7.47898966e-02,   2.85862647e-02,
          4.42494042e-02,  -4.33502421e-02],
       [  8.74318406e-02,   8.56902152e-02,   1.35163162e-02,
          5.07321283e-02,   7.36418068e-02,   1.56786721e-02,
          6.90423846e-02,   7.96613395e-02,   3.57044749e-02,
          5.59405163e-02,   5.86338118e-02,   4.45893705e-02,
          5.46441087e-03,  -4.00630906e-02,   1.97511874e-02,
          2.49503087e-02,   1.47189042e-02,   4.15129736e-02,
          9.56450179e-02,   4.77402881e-02],
       [  6.10531587e-03,  -1.20771667e-02,  -8.67417753e-02,
          1.15765398e-02,   4.94908355e-03,  -2.17132717e-02,
          7.02886283e-03,   2.79876366e-02,  -5.96100930e-03,
          4.32079472e-02,  -1.20260995e-02,   1.62053816e-02,
         -3.33079211e-02,   8.75974596e-02,   3.45005915e-02,
         -3.93203273e-03,   2.46035848e-02,  -8.18631575e-02,
          4.74082790e-02,   3.37047726e-02],
       [  1.14630625e-01,  -4.76219170e-02,  -5.03234863e-02,
         -5.28051034e-02,  -6.11345544e-02,  -8.41684118e-02,
         -1.67822912e-02,  -3.79388891e-02,   2.99296435e-02,
         -5.20920828e-02,   1.09757911e-02,  -9.58598703e-02,
          1.95896327e-02,   2.07504667e-02,  -1.72338518e-03,
          6.85840100e-03,  -3.11473273e-02,  -7.94834495e-02,
          9.35347080e-02,  -3.59154046e-02],
       [ -9.83562879e-03,   9.40178260e-02,   9.59284231e-03,
          2.97440663e-02,  -1.96074303e-02,  -1.92133598e-02,
          1.92852262e-02,   7.03803673e-02,  -2.55864877e-02,
          1.81785915e-02,   8.02195668e-02,   5.61314821e-02,
          1.31548196e-01,   1.39011778e-02,   2.23812032e-02,
         -4.81959991e-02,   4.48551998e-02,   5.18537946e-02,
          3.93433422e-02,  -4.14514244e-02],
       [ -1.35610253e-01,  -6.15815185e-02,   4.11854945e-02,
         -3.42678167e-02,  -1.54035408e-02,  -2.18194686e-02,
         -1.40135214e-02,  -3.32390368e-02,  -3.47668007e-02,
          5.27525581e-02,  -1.64749250e-02,   1.25361485e-02,
         -2.06300467e-02,  -7.67730996e-02,   4.51840684e-02,
         -8.24240409e-03,   3.29116844e-02,  -2.15207823e-02,
         -7.05987066e-02,  -2.12502144e-02],
       [  3.45621444e-02,  -4.16725315e-03,  -1.87935755e-02,
          1.12564564e-01,   1.90779611e-01,   1.73856840e-02,
          2.46599540e-02,   4.64792214e-02,   3.96580957e-02,
          1.38611466e-01,  -2.85672490e-02,   1.12524163e-02,
          9.11326054e-03,  -2.89927721e-02,  -3.80112813e-03,
         -2.02172566e-02,  -4.56117503e-02,   1.00821950e-01,
          5.83230145e-02,   2.02423539e-02],
       [ -2.29689479e-02,   9.87385749e-04,   4.60500047e-02,
          3.25220488e-02,   1.48505524e-01,  -3.15892994e-02,
          5.65176494e-02,   4.22664853e-05,   5.89725822e-02,
          3.82435997e-03,  -6.48815185e-02,   4.83025163e-02,
          2.59942971e-02,  -3.11555602e-02,   9.23610851e-02,
          6.48211613e-02,   6.31790385e-02,  -1.82840988e-04,
          7.07832798e-02,   1.73597187e-01],
       [  3.98067869e-02,   3.12562543e-03,   1.17317021e-01,
          6.78731948e-02,   1.98489092e-02,   1.05617801e-02,
          1.57484580e-02,   1.75260622e-02,   4.64769155e-02,
          2.05337219e-02,   6.69658184e-02,   2.26251315e-02,
          1.90020576e-02,   2.22747843e-03,   1.07588351e-01,
          1.32690556e-02,   5.16792797e-02,  -2.45483667e-02,
          8.59068893e-03,   9.46457908e-02],
       [  1.15389757e-01,   6.71338886e-02,   5.51325418e-02,
          9.60502923e-02,   1.56638725e-03,   1.57611053e-02,
          3.58416773e-02,   5.08378632e-02,   6.23153076e-02,
          1.19359583e-01,   1.06189728e-01,   4.30954024e-02,
          9.45797712e-02,  -6.28295317e-02,   3.02591901e-02,
          4.37978283e-02,   2.92987805e-02,   5.50344847e-02,
          8.92160237e-02,  -1.87930744e-02],
       [  5.31106219e-02,   8.63121599e-02,   3.39108743e-02,
          8.66644755e-02,   3.56793366e-02,   7.69934431e-02,
         -1.51535273e-02,  -6.98885694e-02,   2.36193128e-02,
          8.53306428e-02,   1.38255030e-01,   7.34453350e-02,
          8.19728673e-02,   5.62045686e-02,   8.25770721e-02,
          9.67339873e-02,   5.65724969e-02,   8.97358265e-03,
          5.73007800e-02,   1.11851647e-01],
       [  1.22373998e-01,   1.03362761e-01,   8.82589296e-02,
          5.13523705e-02,   4.72226925e-02,  -5.36232032e-02,
          9.35570896e-02,  -9.46032479e-02,   1.14886053e-01,
          1.32727418e-02,   4.87116203e-02,   2.34214310e-03,
          1.22153550e-01,   3.39933187e-02,   8.93317387e-02,
         -3.76585871e-02,   5.67474961e-02,  -5.93966572e-03,
         -5.40176295e-02,   1.98807754e-02],
       [  4.18357849e-02,   4.72127981e-02,   2.80739628e-02,
          9.85081866e-02,   1.16109148e-01,   4.28797975e-02,
         -2.03040820e-02,   2.59329826e-02,   2.92709544e-02,
         -9.05195400e-02,   5.74186556e-02,  -2.27181315e-02,
          4.89202142e-02,  -3.18203890e-03,   1.89590156e-02,
          4.38045375e-02,   4.54858616e-02,   6.23987578e-02,
          9.77099538e-02,   1.13347672e-01],
       [  1.27563337e-02,   3.46358903e-02,   4.34728861e-02,
         -1.34034897e-03,  -1.34456297e-02,   2.57660672e-02,
         -4.06267941e-02,  -4.34047580e-02,   6.56139404e-02,
          2.54976330e-03,  -2.46745646e-02,   4.11277786e-02,
         -3.75820361e-02,  -5.27710002e-03,   5.29985270e-03,
         -9.13237780e-03,  -7.02486187e-02,  -1.92959532e-02,
         -1.54804653e-02,   2.12566853e-02],
       [  1.22561797e-01,  -8.19656625e-02,   4.22426546e-03,
         -7.62789277e-03,  -6.04882389e-02,  -5.44016846e-02,
          1.84835102e-02,   1.87885314e-02,   6.23151883e-02,
         -2.42392514e-02,  -2.55830605e-02,  -9.06541664e-03,
          1.04201473e-01,   1.04248719e-02,   5.78529164e-02,
         -5.07397065e-03,  -6.29847795e-02,   4.41982150e-02,
          6.57052323e-02,  -1.13520997e-04],
       [  1.00375786e-01,   4.50710841e-02,   3.64408381e-02,
          5.26733957e-02,   4.85830456e-02,   8.49290937e-03,
          3.78937013e-02,   9.57770050e-02,   1.96671914e-02,
          8.33373442e-02,   4.69505377e-02,   2.05969401e-02,
          1.35936113e-02,   7.36858696e-02,   7.18267336e-02,
          3.56949344e-02,   1.62527710e-01,   1.30234793e-01,
          1.38266087e-01,   5.69401644e-02],
       [  3.58689576e-02,   5.08304387e-02,   1.49601139e-02,
          7.93273151e-02,   6.60251528e-02,  -8.28675404e-02,
          5.37843779e-02,   7.08275512e-02,   1.16406634e-01,
          1.96488053e-02,   7.50569850e-02,   1.21568143e-03,
          4.04941328e-02,   8.63607216e-04,   1.18840903e-01,
          1.90327484e-02,   7.48334602e-02,   5.67787774e-02,
          8.04395303e-02,   8.15153122e-03],
       [  4.78344038e-02,   5.48024848e-02,   9.42895263e-02,
         -3.75161171e-02,   5.45602851e-02,  -1.87861547e-03,
         -1.24476841e-02,   5.87474220e-02,  -2.79189423e-02,
         -1.32867545e-02,   1.42068118e-01,   5.10491431e-02,
          9.54432786e-02,  -2.10020319e-02,   1.06419533e-01,
          9.18798074e-02,  -2.86622085e-02,   9.24290866e-02,
          4.83544953e-02,   1.32677360e-02],
       [  2.84870416e-02,   4.53793257e-02,   4.75065485e-02,
         -7.50212045e-03,   1.37962282e-01,   4.77109924e-02,
          6.79282695e-02,   9.29808021e-02,   4.31417264e-02,
          5.39674051e-02,   3.11718099e-02,  -2.09842734e-02,
          9.94657502e-02,   8.30846354e-02,   8.95126387e-02,
          8.41189101e-02,   9.54195783e-02,   1.08386405e-01,
          4.80752066e-02,   6.81000352e-02],
       [  3.31604369e-02,   3.03284102e-03,   9.83720273e-02,
          6.75897533e-03,   1.87186245e-02,  -4.62029725e-02,
         -4.39944630e-03,   1.01702526e-01,   4.24470417e-02,
          6.24208488e-02,   4.03049625e-02,   4.83050458e-02,
          1.77291911e-02,  -2.51414217e-02,   3.80164161e-02,
         -2.19548214e-02,   3.66279669e-02,   7.94083253e-02,
         -1.06768692e-02,   3.45526747e-02],
       [  1.09591112e-01,  -8.95067677e-03,  -1.03845960e-02,
          1.50109395e-01,   1.55242225e-02,   8.86126459e-02,
          1.30934969e-01,   1.72800757e-02,  -7.50064775e-02,
          6.65750802e-02,   1.03627264e-01,   3.26236375e-02,
          5.64106889e-02,  -3.97539660e-02,   6.04126155e-02,
          1.06909312e-01,   7.79014500e-03,   9.69935209e-02,
          5.14160283e-02,   6.41356036e-02],
       [ -5.91516420e-02,  -7.41249591e-04,  -2.21614558e-02,
          9.97792464e-03,  -1.69513188e-02,   4.75038998e-02,
         -1.51060522e-02,   4.04980704e-02,  -1.67727731e-02,
          6.91007897e-02,  -9.93729606e-02,   5.91120757e-02,
         -1.58260688e-02,   7.58279115e-02,  -1.83927454e-02,
         -8.81898850e-02,   1.13832377e-01,   5.70721598e-03,
         -8.33151396e-03,  -4.12786976e-02],
       [  1.64446086e-02,   8.27167407e-02,   1.05890483e-02,
          3.30330618e-02,  -9.25447866e-02,  -3.72766703e-02,
         -1.08443676e-02,  -1.48194830e-03,  -1.58892758e-02,
         -5.87935210e-04,   2.37706937e-02,   1.06104044e-02,
         -2.95428950e-02,   2.89861169e-02,   5.01784980e-02,
          1.57366488e-02,   1.30071510e-02,   9.66208950e-02,
          1.48465969e-02,  -6.30170805e-04],
       [  8.26650634e-02,   6.93792999e-02,   3.51110324e-02,
          6.53942227e-02,   2.85508763e-03,  -2.18653679e-02,
          4.63235416e-02,   7.66792223e-02,  -7.80401926e-04,
          1.19986273e-01,   1.07950166e-01,   3.11463550e-02,
         -1.53278653e-03,   7.42318854e-03,   9.76121798e-02,
          9.14031789e-02,  -5.01407459e-02,   2.21215673e-02,
         -8.57901014e-03,   4.29797880e-02],
       [ -9.80514064e-02,  -6.08238764e-02,   2.13896725e-02,
          3.51265282e-03,  -8.34377483e-03,  -7.13885238e-04,
         -6.16012029e-02,   2.84421407e-02,  -8.67739841e-02,
         -7.14461282e-02,  -2.88090445e-02,  -3.90090309e-02,
          1.48700681e-02,   2.18291860e-02,  -7.82555118e-02,
         -3.37355398e-02,   4.07571613e-04,  -5.54023962e-03,
          1.48168374e-02,  -5.66168875e-02]], dtype=float32), array([ 0.05190235,  0.05200789,  0.03818859,  0.04662609,  0.05719397,
        0.03048183,  0.05598956,  0.0428993 ,  0.03886531,  0.05688731,
        0.05015824,  0.02508979,  0.04528909,  0.027221  ,  0.05716329,
        0.04379287,  0.0462119 ,  0.04703527,  0.04786175,  0.04716322], dtype=float32)][array([[-0.65378445],
       [-0.59262788],
       [-0.47043106],
       [-0.55444384],
       [-0.63370872],
       [-0.36598936],
       [-0.53473794],
       [-0.53092974],
       [-0.47316587],
       [-0.59761286],
       [-0.68436086],
       [-0.37704933],
       [-0.54117924],
       [-0.364784  ],
       [-0.69139451],
       [-0.47121108],
       [-0.53005135],
       [-0.60902601],
       [-0.57347178],
       [-0.55815774]], dtype=float32), array([-0.88211203], dtype=float32)]