[array([[-0.07386456, -0.07520392,  0.00178872, -0.07638731, -0.01559259,
         0.10287655, -0.04573404,  0.10179149,  0.03428298,  0.00247067,
         0.01783315,  0.04380693, -0.0051199 ,  0.01802892, -0.10366914,
        -0.01111537, -0.04250024, -0.04859324,  0.00563261, -0.04776431,
        -0.04307185,  0.03229554, -0.07262864, -0.03374438,  0.0271368 ,
         0.06985784,  0.08790042,  0.02985472,  0.01099078, -0.0237717 ,
         0.02973804,  0.00397286, -0.11257163,  0.01812577, -0.06225863,
        -0.01858092, -0.02531183,  0.06053714,  0.00574559,  0.007542  ,
        -0.04242837,  0.01107148,  0.00212646,  0.0068854 , -0.01610021,
         0.01307325, -0.02483805,  0.11195198,  0.02723879, -0.02885855],
       [ 0.05220408, -0.06160287,  0.00958382, -0.02761183,  0.04976473,
        -0.05563544,  0.04478931,  0.03661321, -0.04336905, -0.03414401,
        -0.00332041,  0.09209973,  0.06167861, -0.05720974, -0.02513894,
        -0.01513965,  0.02717363, -0.10628225, -0.04944095, -0.03812829,
        -0.08078133, -0.08144179, -0.00666794,  0.00275345,  0.01801273,
         0.0982388 ,  0.06544614, -0.04564577,  0.03530647, -0.03167036,
        -0.01257092, -0.01107167,  0.02588773,  0.00313566,  0.05185151,
         0.02896218, -0.00381182,  0.07679271,  0.11187755,  0.03833238,
        -0.08661844, -0.01905759, -0.04181351, -0.01180694,  0.07126808,
         0.1268892 , -0.03693008, -0.02451406,  0.01645315,  0.01763214]], dtype=float32), array([ -1.75998448e-05,  -1.17785498e-06,   3.85167150e-05,
         6.22468497e-06,  -6.06862304e-05,  -9.95668051e-06,
         7.01718045e-06,  -4.34151616e-06,   1.71523025e-05,
         2.52394530e-05,  -9.39611982e-06,  -3.76924036e-05,
         4.34283320e-05,   1.79090275e-05,   1.09254534e-05,
        -8.84244764e-06,  -1.00741509e-05,  -4.01562966e-06,
         2.28329391e-05,  -2.09762420e-05,   1.64888760e-07,
         1.50548185e-05,  -2.25541735e-05,  -5.53676909e-05,
        -1.06677599e-05,  -3.11941512e-05,  -4.57047054e-06,
        -1.35345854e-05,   1.60679756e-05,  -1.81279283e-05,
        -1.90444771e-05,   2.03248255e-05,  -3.20001018e-05,
         2.31261783e-05,   5.62524201e-06,   2.20061538e-05,
         2.54838269e-05,   2.32965667e-05,   1.41770133e-05,
        -2.06487730e-05,  -2.21953396e-05,  -1.86075486e-05,
        -2.64202081e-05,  -4.99344351e-05,  -1.14534741e-05,
         1.25958577e-05,   2.08934416e-05,  -3.75524360e-05,
         1.97028967e-05,  -2.42401566e-05], dtype=float32)][array([[ -6.38811141e-02,  -8.11750963e-02,   3.58908363e-02,
          9.82320905e-02,   4.41562124e-02,   5.88389076e-02,
         -2.50109639e-02,   8.52875859e-02,  -1.81557983e-02,
          5.77752739e-02,   1.72247039e-03,   5.49593233e-02,
          5.52778244e-02,   1.12214675e-02,  -1.49173727e-02,
          7.66819343e-02,  -3.29091325e-02,   3.78861576e-02,
         -3.24597284e-02,   5.14127966e-03],
       [ -1.37337759e-01,   8.14851932e-03,  -6.40687486e-03,
          1.04113165e-02,   2.39777900e-02,   7.39028230e-02,
         -2.31274609e-02,   5.13027050e-02,   3.49623547e-03,
          6.60253805e-04,   1.18700992e-02,   1.15301684e-01,
         -6.64032325e-02,  -3.10228802e-02,   1.68741439e-02,
          5.80714755e-02,  -6.89214692e-02,  -3.34029235e-02,
         -7.61937872e-02,  -9.02745649e-02],
       [ -9.79131367e-03,   4.57637757e-02,   5.91103397e-02,
         -2.37013455e-02,   3.10682878e-02,  -1.84132736e-02,
         -4.99828942e-02,  -8.36166963e-02,  -2.05520615e-02,
         -5.84010631e-02,  -9.66535807e-02,   6.32712841e-02,
          6.58865198e-02,  -2.40581054e-02,  -1.12693645e-01,
         -1.79434791e-02,   1.24731712e-01,   6.15798421e-02,
         -2.14093048e-02,  -1.78027935e-02],
       [ -3.10635054e-03,   2.79043224e-02,  -5.45725645e-03,
         -1.68020017e-02,  -2.70642969e-03,   2.63939463e-02,
          1.02874331e-01,   5.31765185e-02,   2.79235337e-02,
         -6.73369318e-02,   6.45579547e-02,   2.09251866e-02,
         -4.95269597e-02,   7.64627457e-02,  -2.29605567e-02,
          1.86752547e-02,  -7.37569435e-03,   6.10024203e-03,
         -2.83791162e-02,   1.61425974e-02],
       [  3.81199308e-02,   5.97177558e-02,   7.14991800e-03,
         -2.30826379e-04,  -5.49819916e-02,   3.25017683e-02,
         -5.23627140e-02,   2.63027474e-02,  -8.98807049e-02,
          8.83239657e-02,   5.31770438e-02,   5.85999116e-02,
          1.25045730e-02,   3.42248962e-03,  -4.95640747e-02,
          1.21613499e-02,  -6.77560419e-02,   3.78754362e-02,
         -3.73098738e-02,   2.95970310e-02],
       [  1.75806284e-02,  -2.27021705e-02,   5.32279024e-03,
         -2.68305689e-02,   1.56737603e-02,   2.34517977e-02,
         -1.02031874e-02,  -3.51098329e-02,  -4.62761120e-04,
         -6.47305548e-02,  -3.43765579e-02,   8.25135969e-03,
         -1.17298447e-01,  -3.96192223e-02,   5.76892793e-02,
         -4.82172295e-02,  -6.90730885e-02,  -4.13246937e-02,
          3.94892842e-02,   1.36457291e-02],
       [ -6.52883574e-03,   5.39590269e-02,   4.40029204e-02,
         -2.37467736e-02,  -8.95592943e-02,  -4.30668145e-02,
          9.43201333e-02,   2.81812847e-02,   1.48040410e-02,
          2.67177634e-03,   4.42482457e-02,   2.23796126e-02,
         -2.63252668e-02,  -2.57252790e-02,  -8.98890477e-03,
         -5.75631158e-03,  -3.65301929e-02,  -1.13451099e-02,
         -6.64940551e-02,   2.06745379e-02],
       [ -6.11260012e-02,  -7.57640079e-02,  -6.31783605e-02,
          7.01117069e-02,   3.91859561e-03,  -4.16252501e-02,
          9.39218607e-03,  -9.62877795e-02,  -2.86430065e-02,
          9.93109588e-03,  -4.48796013e-03,   2.34017968e-02,
          1.45910783e-02,   7.47890770e-02,  -2.78672017e-02,
          1.26724746e-02,  -9.70420092e-02,  -7.32179582e-02,
         -8.98860618e-02,  -4.66691852e-02],
       [ -3.17823291e-02,   3.14686894e-02,   2.90336460e-02,
          3.83615568e-02,   1.30050674e-01,  -1.29629234e-02,
         -6.88844547e-02,  -1.93508603e-02,  -7.85799325e-02,
         -8.85212608e-03,  -7.55206645e-02,  -9.12395492e-02,
          1.71232652e-02,  -5.90602234e-02,  -1.07906330e-02,
          3.66594605e-02,   3.16321873e-03,  -4.87033743e-03,
          3.87315750e-02,  -1.74003141e-03],
       [ -1.72859745e-03,  -4.98790406e-02,   8.01708773e-02,
         -1.07031263e-01,   5.54384990e-03,  -7.90982228e-03,
         -4.79522685e-04,  -1.59146376e-02,   6.39990270e-02,
         -2.04921998e-02,  -2.86363997e-02,  -5.14859892e-03,
          7.51513569e-03,  -8.81980211e-02,   2.86661815e-02,
         -1.16480410e-03,  -5.05121239e-03,   4.87367809e-02,
         -9.14227664e-02,  -2.45274999e-03],
       [  4.54544425e-02,   4.43976559e-02,  -2.51598954e-02,
          2.10382398e-02,   1.92627814e-02,  -7.00047165e-02,
         -9.36022550e-02,   1.32598570e-02,   5.64752445e-02,
          3.75376269e-02,  -8.20641685e-03,   7.46417791e-03,
         -3.71667482e-02,   9.87112373e-02,  -3.28774154e-02,
         -1.10050365e-01,   2.21221261e-02,  -5.99333830e-02,
          1.17410533e-03,  -4.39220220e-02],
       [ -5.08022346e-02,   6.16692081e-02,  -5.48038492e-03,
          3.93395424e-02,  -4.07900810e-02,   3.52196917e-02,
          2.39330102e-02,  -5.79239205e-02,  -9.40492190e-03,
          3.56152356e-02,  -2.78102560e-03,   6.50444552e-02,
         -7.22229034e-02,  -3.58747020e-02,   7.42028356e-02,
         -2.65379213e-02,  -5.78472950e-02,   6.01721816e-02,
          2.69956253e-02,   1.07302539e-01],
       [ -6.28797635e-02,   2.52710320e-02,   7.17081577e-02,
          2.23763417e-02,  -2.96475701e-02,  -2.25532185e-02,
          3.82772908e-02,  -7.67820254e-02,   4.54581715e-02,
          1.38289835e-02,  -7.53907040e-02,  -7.39804581e-02,
         -5.34654921e-03,  -3.10317073e-02,  -6.77884603e-03,
         -5.92735521e-02,   5.32644242e-02,  -2.36863066e-02,
          5.28629646e-02,  -1.20060407e-01],
       [ -9.71898250e-03,   1.93603523e-02,   9.75386724e-02,
         -4.79304679e-02,   7.19096065e-02,  -4.20234352e-02,
          5.18659241e-02,   4.49042954e-02,   7.04463646e-02,
          3.93711813e-02,  -3.38810124e-02,  -1.24293542e-03,
          8.57723802e-02,   3.74901518e-02,  -3.57378274e-02,
         -1.63399372e-02,  -2.33176420e-03,  -7.44283646e-02,
          8.70266370e-03,   3.17541659e-02],
       [  4.67200167e-02,  -9.05753747e-02,  -3.71616408e-02,
          7.07557648e-02,   3.47530171e-02,  -7.31577398e-03,
          9.48320143e-03,  -3.48936059e-02,   1.08818658e-01,
         -3.85204554e-02,   3.76517288e-02,  -5.41087100e-03,
         -2.29272787e-02,   2.76579615e-02,  -1.15191802e-01,
         -6.41391575e-02,   3.34337428e-02,  -4.20288295e-02,
          8.34179521e-02,  -6.04574103e-03],
       [  2.10778527e-02,   2.23500114e-02,   1.77502166e-02,
          8.05224031e-02,   1.62928388e-03,   6.52523711e-02,
         -1.86604057e-02,  -6.22656234e-02,   3.27991955e-02,
         -5.13848662e-02,  -2.69438196e-02,   2.33734809e-02,
         -5.45310555e-03,  -2.20009517e-02,   2.57344823e-03,
          2.67637428e-02,  -5.96770318e-03,   8.48550647e-02,
         -4.02942896e-02,  -4.31342386e-02],
       [  3.83378007e-02,   1.49196787e-02,   9.87097248e-02,
          2.36793384e-02,   3.55010964e-02,   1.00830076e-02,
         -4.35167504e-03,   6.91971853e-02,   1.96490227e-03,
          1.10078137e-02,   3.75490007e-03,   5.38261756e-02,
         -2.60253754e-02,   2.21381728e-02,   7.97360018e-02,
         -3.34878862e-02,   1.06344074e-02,   1.03574842e-02,
         -5.05131856e-03,  -8.25039670e-02],
       [ -3.71690318e-02,   2.84771305e-02,   5.32903522e-02,
          3.85342129e-02,   2.70673595e-02,   1.04403794e-01,
          6.57299757e-02,   5.74279986e-02,   8.03430974e-02,
         -3.94232720e-02,  -1.20558133e-02,   1.11233205e-01,
         -4.03433405e-02,   4.24977541e-02,  -1.86907221e-02,
          5.15602343e-02,  -2.41544973e-02,   8.98183882e-03,
         -8.59900787e-02,   1.55219156e-02],
       [ -6.07140362e-02,  -4.80289981e-02,  -2.17978936e-03,
          1.31064691e-02,   7.56736379e-03,   2.14473214e-02,
          3.75875607e-02,   1.82252321e-02,  -8.54196027e-02,
         -1.44030442e-02,   8.62162635e-02,   2.66715931e-03,
         -1.59474963e-03,  -6.00660071e-02,   1.59025956e-02,
          6.99756527e-03,   7.19697699e-02,   1.94406882e-02,
         -8.86329785e-02,  -1.64113902e-02],
       [  3.68182873e-03,   5.78480735e-02,  -1.03392147e-01,
         -7.93696381e-03,  -2.02081334e-02,   5.54429367e-02,
         -4.44523543e-02,   5.31936213e-02,   4.65521961e-02,
          5.17042689e-02,   8.99008883e-04,   1.62221137e-02,
          2.78801098e-02,  -3.62415537e-02,  -9.18926555e-04,
          5.78752644e-02,  -5.42062614e-03,  -7.95177147e-02,
         -4.14352976e-02,   5.86744286e-02],
       [  2.54606046e-02,  -2.49927677e-02,  -7.00227777e-03,
          2.15922091e-02,   1.57142356e-02,  -1.09245414e-02,
          3.19869891e-02,  -6.00873493e-02,   4.43037972e-02,
         -5.40936738e-03,   6.21100739e-02,   3.87136899e-02,
         -1.21674128e-02,  -1.29467528e-02,  -8.82633589e-03,
          2.08515022e-02,   2.47612130e-02,   8.96657780e-02,
          1.59225985e-02,  -2.34789085e-02],
       [ -5.20665990e-03,   4.59026359e-02,   7.35427067e-02,
          3.11816260e-02,  -4.07145917e-02,  -1.84359401e-02,
          9.03295726e-02,   7.42700696e-02,  -5.60319275e-02,
          2.88111959e-02,   4.57192957e-02,   3.42212692e-02,
         -1.99154411e-02,   2.61469483e-02,  -5.00913076e-02,
         -1.49432682e-02,   5.35604693e-02,   1.88005846e-02,
         -3.86746190e-02,  -6.04107007e-02],
       [  4.93998490e-02,  -2.69366484e-02,   4.66194302e-02,
          7.91818723e-02,  -4.81319651e-02,  -5.81775568e-02,
          6.22674124e-03,   8.48518610e-02,   4.26868014e-02,
         -2.16268562e-02,   6.71640486e-02,   5.74841723e-02,
          1.32975411e-02,   1.00085191e-01,  -6.03961572e-02,
         -5.54188304e-02,  -8.53578076e-02,  -8.80043209e-03,
         -1.06373345e-02,  -3.39681618e-02],
       [ -4.09653634e-02,   7.79836029e-02,  -2.18673982e-02,
          1.86201688e-02,  -1.50951678e-02,   9.98700112e-02,
          8.66513816e-04,  -2.81029586e-02,   1.10995822e-01,
          1.25499159e-01,   6.49570748e-02,  -3.03123407e-02,
         -6.01519272e-02,   1.39125646e-03,   1.36649394e-02,
         -1.15941446e-02,  -7.20860735e-02,   2.61740144e-02,
          2.96334308e-02,   4.05487940e-02],
       [  5.40424250e-02,  -4.71493676e-02,  -5.40985959e-03,
          6.27030525e-03,   4.11657505e-02,   7.48833502e-03,
          8.48247483e-03,   1.06995374e-01,  -4.26940322e-02,
         -3.50189358e-02,   8.28004479e-02,  -6.51966706e-02,
          4.17720713e-02,  -1.94243733e-02,   6.28585070e-02,
          3.98006663e-03,  -3.71159948e-02,  -1.14508141e-02,
          2.04761475e-02,   1.05794594e-02],
       [ -2.88657076e-03,  -9.91268270e-03,  -4.47888020e-03,
          1.23220094e-01,  -3.87525931e-02,  -2.23455932e-02,
         -2.22311597e-02,   3.73172723e-02,  -5.09101637e-02,
          3.81666459e-02,   5.61318919e-02,   1.82185043e-02,
          3.77056934e-02,   3.17261145e-02,   2.18621064e-02,
         -1.15902461e-01,  -1.99642032e-02,   1.67610738e-02,
         -2.08609533e-02,   5.39865531e-02],
       [  2.15778891e-02,   3.79928388e-02,  -6.83052614e-02,
         -5.52725382e-02,   4.02470585e-03,   4.18383181e-02,
         -1.46515276e-02,   6.41085804e-02,   3.68247293e-02,
          8.71317610e-02,   4.55913097e-02,  -4.45443094e-02,
          1.23655265e-02,  -1.53942853e-01,   1.56787317e-02,
          9.26500633e-02,  -3.26014310e-02,  -4.44654152e-02,
         -2.64876746e-02,  -3.99888158e-02],
       [  4.72556148e-03,   3.72042088e-03,   8.65104645e-02,
         -1.27353184e-02,  -4.27220426e-02,  -5.85736260e-02,
         -4.54843752e-02,  -4.23438996e-02,   1.09299347e-01,
         -3.56246606e-02,   3.63039188e-02,   5.06114140e-02,
         -6.25353009e-02,   3.92888784e-02,  -8.66530240e-02,
          6.81873709e-02,  -2.27502491e-02,  -1.94269940e-02,
         -4.27474231e-02,   7.33412877e-02],
       [  2.54753828e-02,  -1.67150348e-02,  -1.30679058e-02,
         -5.78511553e-03,   7.48830736e-02,   4.21609581e-02,
         -2.20828652e-02,   1.48745729e-02,  -1.95478778e-02,
          1.73201039e-02,  -6.00328902e-03,  -7.50626251e-02,
         -4.72096391e-02,  -5.36294729e-02,  -4.12509665e-02,
          3.93398777e-02,  -2.10275240e-02,   3.97277176e-02,
         -9.30525884e-02,  -1.31568968e-01],
       [ -8.57868872e-04,  -9.26910937e-02,   3.97965349e-02,
          3.13220918e-02,  -6.72319233e-02,   4.85948026e-02,
         -2.06915382e-02,   5.23866788e-02,  -9.08558723e-03,
         -4.51748334e-02,   6.74017072e-02,   4.57879640e-02,
         -5.61506823e-02,   4.69420999e-02,  -5.97534031e-02,
          6.97633177e-02,   5.78777753e-02,   2.97919642e-02,
          5.91414645e-02,   2.58819927e-02],
       [ -2.86326148e-02,   5.07066865e-03,  -4.43401895e-02,
         -6.90923259e-02,   2.94188317e-02,  -3.08455955e-02,
         -3.23102362e-02,  -9.35481302e-03,  -3.95355709e-02,
          6.47253022e-02,   1.67245176e-02,   3.85956168e-02,
         -8.03840831e-02,  -8.51973891e-03,   8.85882694e-03,
          4.77477387e-02,  -6.62457617e-03,  -1.28678354e-02,
          1.48677275e-01,   3.57759036e-02],
       [  1.00864964e-02,  -2.31570099e-02,  -4.78049740e-02,
         -1.65190976e-02,   1.69083029e-02,  -6.01302832e-02,
          1.34790111e-02,   9.58179086e-02,   3.04320902e-02,
         -6.99752290e-03,  -3.51739936e-02,   6.54706657e-02,
          8.08214322e-02,   8.28302354e-02,  -7.85448253e-02,
         -6.48251176e-03,   1.80820264e-02,   5.27403653e-02,
          5.56149445e-02,   5.18785277e-03],
       [ -2.70339381e-02,   1.07660480e-02,  -4.21440825e-02,
          3.78033961e-03,  -9.69693512e-02,   4.48014624e-02,
         -4.54350524e-02,  -4.09284560e-03,   1.54242065e-04,
         -4.50280569e-02,   9.59681571e-02,  -1.11628894e-03,
          7.50974566e-02,   3.07097156e-02,  -4.81188819e-02,
          3.67599316e-02,  -5.57944961e-02,  -2.74207909e-02,
         -5.16308323e-02,  -1.76880024e-02],
       [ -7.15339929e-03,   2.02121846e-02,  -4.49926071e-02,
          7.85409808e-02,   9.27617960e-03,   1.17289927e-02,
          8.65357965e-02,   4.50498499e-02,   1.17356861e-02,
          2.69010738e-02,   3.23100463e-02,  -4.01551872e-02,
         -2.68711653e-02,   4.08722349e-02,  -9.59920734e-02,
         -3.76528017e-02,   8.82550254e-02,   2.32313965e-02,
         -8.54925066e-02,   6.60036728e-02],
       [  2.48322841e-02,   1.73856523e-02,  -1.60210542e-02,
         -3.03744040e-02,   9.61254239e-02,   3.99681590e-02,
          1.52160600e-02,   4.09026667e-02,   6.19868003e-03,
          2.97225602e-02,  -2.20859032e-02,   8.06389675e-02,
         -1.03152089e-01,  -7.66057521e-02,  -4.31122333e-02,
         -9.92044993e-03,   1.75823439e-02,   6.44576550e-02,
          3.56734954e-02,   6.33918354e-03],
       [ -4.91864868e-02,   3.81717496e-02,  -1.31791458e-02,
         -4.63441433e-03,   1.17761560e-01,   4.18909229e-02,
          1.75689608e-02,   1.82803292e-02,  -3.60942967e-02,
          8.28201510e-03,  -6.64450750e-02,  -1.82296056e-02,
         -4.20571454e-02,  -1.10849692e-02,   6.47616312e-02,
          3.98661336e-03,   8.06320284e-04,  -1.03667201e-02,
         -7.03634694e-02,  -4.91517298e-02],
       [  1.86783206e-02,   3.92803736e-02,  -9.40031484e-02,
          2.36530695e-02,   2.06872150e-02,  -2.94396300e-02,
          1.47544919e-02,  -3.31269316e-02,  -4.32782657e-02,
         -1.59434862e-02,  -1.06738962e-01,   4.70828302e-02,
         -8.10575783e-02,   4.20414284e-03,   3.77182886e-02,
         -2.91323140e-02,   5.77783026e-02,  -4.66217520e-03,
         -9.62680429e-02,   3.23864631e-02],
       [  2.15495359e-02,   5.56795299e-02,   9.31825265e-02,
          2.00499389e-02,   1.27322257e-01,  -3.71166244e-02,
         -1.57781299e-02,   7.36728236e-02,   5.07604443e-02,
         -5.44642136e-02,  -2.02733614e-02,   3.08734085e-03,
         -1.89346466e-02,   3.26275006e-02,  -2.50667874e-02,
          7.27739111e-02,   5.38846180e-02,   9.17937681e-02,
          4.51194644e-02,   2.14350857e-02],
       [  7.07229320e-03,  -5.41932881e-02,  -4.86366712e-02,
          7.00292140e-02,   1.11436704e-02,   1.32903969e-02,
          2.22353395e-02,   5.59266321e-02,   7.20304949e-03,
         -2.24384237e-02,   1.30091496e-02,  -4.83744591e-02,
         -1.95287410e-02,   6.04019617e-04,  -1.01200491e-03,
          2.37009898e-02,   4.38445583e-02,  -5.61097115e-02,
          1.17822587e-02,   2.47321930e-02],
       [  4.02151942e-02,   5.79327606e-02,   3.86801013e-03,
          7.52947778e-02,   7.01412112e-02,  -1.09612919e-01,
         -5.29317670e-02,   2.07555573e-02,   3.82602401e-02,
         -6.24985108e-03,   6.96460679e-02,   5.76707684e-02,
          1.72760617e-02,   3.80010009e-02,   3.79727297e-02,
          7.52421655e-03,  -1.63804591e-02,  -4.43241335e-02,
         -1.97444856e-02,   8.45982954e-02],
       [ -2.12254021e-02,   8.72967616e-02,  -4.44892496e-02,
         -1.54477824e-02,  -5.52124418e-02,   6.07981943e-02,
         -9.67240781e-02,   6.34230450e-02,   1.23372935e-01,
          1.35700786e-02,   3.61641273e-02,   5.14542684e-02,
          3.05532757e-02,   3.06475274e-02,  -8.38302672e-02,
         -3.62776667e-02,   2.54046377e-02,   8.24463367e-02,
          5.21124415e-02,  -2.65977401e-02],
       [ -9.17177349e-02,  -1.97234321e-02,  -2.04243120e-02,
          5.04102483e-02,  -7.06800027e-03,   2.29544602e-02,
         -1.09436110e-01,  -9.76219103e-02,   8.93607587e-02,
          4.19300459e-02,  -5.60675235e-03,   6.89670369e-02,
         -8.04551914e-02,   1.15859238e-02,  -3.18364017e-02,
          3.88399810e-02,   2.03020382e-03,   2.76775062e-02,
          6.83497963e-03,  -2.28323862e-02],
       [ -1.01049244e-02,   1.11196108e-01,   9.08304192e-03,
         -2.65298560e-02,   3.13232169e-02,   3.95618007e-02,
         -1.88500453e-02,   2.29960475e-02,   5.22917062e-02,
          3.48481275e-02,  -5.42703690e-03,   3.64414938e-02,
         -1.24945492e-02,   3.05013433e-02,   1.04775548e-01,
          2.36021448e-02,  -1.27009256e-02,   5.30818217e-02,
         -1.03107495e-02,   1.39087755e-02],
       [  3.58388796e-02,   3.68785076e-02,  -9.50060226e-03,
         -4.60115857e-02,  -8.63541942e-03,  -2.41962261e-02,
         -2.32940782e-02,  -4.64823805e-02,  -1.31451925e-02,
          2.28719302e-02,   8.18747878e-02,  -1.64040327e-02,
          7.68172890e-02,   3.20293270e-02,   7.93494135e-02,
          5.64949401e-02,  -7.85244182e-02,   6.75526634e-02,
         -1.96987335e-02,   8.96096453e-02],
       [  3.45171243e-03,  -2.25960333e-02,   2.81085391e-02,
         -2.95679532e-02,  -4.41163294e-02,   8.51194840e-03,
         -2.41778092e-03,   1.06278742e-02,  -8.76601487e-02,
         -2.04904731e-02,  -1.52543904e-02,   5.99664785e-02,
          3.42089422e-02,   6.43635914e-02,   2.49252990e-02,
          2.63711531e-02,   1.82537735e-02,   3.25368568e-02,
         -4.28382531e-02,   6.69887522e-03],
       [  4.82145026e-02,   7.58643523e-02,   1.28460422e-01,
          6.23687468e-02,   4.50706575e-03,   1.96317844e-02,
          9.72721055e-02,   2.68007331e-02,  -1.31176703e-03,
         -4.46801819e-02,   9.07550938e-03,  -2.88248770e-02,
          5.77689670e-02,  -1.44159952e-02,   1.81456958e-03,
         -7.51158670e-02,  -1.35358674e-02,   1.19396746e-01,
         -6.05478622e-02,  -6.04119338e-02],
       [  2.05506980e-02,  -3.30564901e-02,  -2.18933970e-02,
          2.35958155e-02,   1.01617537e-02,   2.09830869e-02,
          4.62981462e-02,   2.12296098e-02,  -2.01910455e-02,
         -4.95356098e-02,   9.43564344e-03,   4.97527272e-02,
          1.16071567e-01,  -3.88543569e-02,  -1.91995241e-02,
         -4.26088944e-02,   9.46189091e-02,   3.22669595e-02,
          1.13758454e-02,   5.94275706e-02],
       [ -9.30706225e-03,  -9.04068444e-03,  -2.72108410e-02,
          7.05356747e-02,   4.04238105e-02,   5.71468519e-03,
         -6.76457435e-02,  -5.19095846e-02,  -1.23631675e-03,
         -2.59821657e-02,   9.44506377e-02,   1.05172470e-02,
         -1.99371818e-02,   1.04532681e-01,   7.78261870e-02,
          6.31311014e-02,   1.56443249e-02,   4.68503498e-03,
          9.12761781e-03,  -4.21425840e-03],
       [ -7.00355843e-02,  -2.32135858e-02,  -1.46032069e-02,
         -5.40617183e-02,   7.41579831e-02,   1.25179924e-02,
          4.81403992e-02,   6.24816157e-02,   4.72136587e-02,
          3.07039637e-02,   3.08896992e-02,  -3.88380177e-02,
         -7.39151165e-02,   4.11328897e-02,   1.98745262e-02,
          5.91130629e-02,  -4.39435337e-03,   3.39138769e-02,
         -1.48638310e-02,  -3.39055061e-02],
       [ -8.71250033e-02,   1.93710122e-02,   2.68586855e-02,
          2.94681638e-02,   4.10408676e-02,   1.00899953e-02,
         -1.17951268e-02,  -3.33197452e-02,  -8.00279453e-02,
          4.99827266e-02,   3.13779488e-02,   7.58105665e-02,
          4.51238006e-02,   2.35419627e-02,   2.15801019e-02,
          1.03006482e-01,   5.54755814e-02,  -2.32090317e-02,
          1.93263888e-01,   3.39344516e-02]], dtype=float32), array([ -5.54407656e-04,  -1.71355408e-04,  -1.78792136e-04,
        -1.48256979e-04,   2.54174403e-04,  -7.17298419e-04,
         6.16326754e-04,   2.44802330e-04,   1.90212129e-04,
        -5.32874255e-04,  -5.35270257e-04,  -2.53097940e-04,
         2.57995398e-05,  -4.32553032e-04,  -2.37073080e-04,
        -6.45329928e-05,   6.51037437e-04,   3.67145412e-06,
        -2.19004229e-04,  -3.81090445e-04], dtype=float32)][array([[-0.03945728],
       [ 0.00989069],
       [ 0.00799752],
       [ 0.01402859],
       [ 0.05619381],
       [-0.05154828],
       [ 0.09616413],
       [ 0.06256928],
       [ 0.05522033],
       [-0.03301572],
       [-0.03082655],
       [ 0.00560508],
       [ 0.02742798],
       [-0.01975913],
       [-0.00536852],
       [ 0.02183828],
       [ 0.09989988],
       [ 0.0313908 ],
       [-0.00191573],
       [-0.01707807]], dtype=float32), array([ 0.03550531], dtype=float32)]