[array([[ 0.00735196, -0.05440111,  0.06110776,  0.08236177,  0.01715933,
        -0.02754472,  0.0017686 , -0.00764007, -0.01236564,  0.01059857,
        -0.01518694,  0.00679156, -0.07642633, -0.02235988, -0.10282571,
        -0.01311287, -0.05482944, -0.05621263, -0.02890329,  0.07161556,
         0.02053116, -0.02879897, -0.07637548,  0.03206124,  0.03185424,
         0.02288156, -0.01805993, -0.08883414, -0.07439569, -0.00064698,
        -0.00801412,  0.03348662,  0.02922693, -0.06909541,  0.00720652,
         0.00997521, -0.00856425,  0.14334945,  0.03890265, -0.06849185,
        -0.10036221,  0.04012056,  0.03505864, -0.03730968,  0.0253392 ,
        -0.00636482,  0.0444167 , -0.0419198 , -0.01678668,  0.03862033],
       [-0.03326667, -0.01453608, -0.00208041,  0.01109909, -0.02798113,
         0.02341292, -0.04410996,  0.02382663, -0.05247737,  0.02017922,
         0.05075224,  0.07354081, -0.0262566 ,  0.03802284,  0.03612341,
        -0.0126818 ,  0.02810658, -0.06572311, -0.01597622,  0.01510758,
        -0.0795872 , -0.01157151,  0.04022461,  0.01386097,  0.04684122,
         0.02252956, -0.02693157, -0.06519353, -0.019299  , -0.02129165,
        -0.00371308, -0.05589265,  0.04693745,  0.06655034, -0.04175111,
        -0.05181296,  0.05156773, -0.07779648,  0.02091665, -0.00996753,
        -0.02608311,  0.02522069, -0.03853218,  0.06063462,  0.0058855 ,
         0.02877949,  0.02774017,  0.06070611,  0.02599048,  0.01244493]], dtype=float32), array([ -4.75373736e-06,  -2.31040431e-05,   3.63105864e-05,
        -6.83505050e-07,  -1.91868785e-05,  -1.76308367e-05,
         2.71808722e-06,  -3.24418070e-05,   4.91929029e-07,
        -1.53519704e-05,  -3.79148405e-05,  -2.94742426e-06,
        -9.26826942e-06,  -2.24373562e-05,  -3.97077274e-05,
        -6.16150555e-06,  -6.67599693e-07,   1.08130225e-05,
        -3.32749041e-05,   1.53661513e-05,  -2.05175329e-05,
         5.39222492e-06,  -1.38607356e-05,  -1.94566337e-06,
         1.43662201e-05,  -4.91266746e-06,   2.01387411e-05,
         5.62051127e-07,  -6.75366346e-06,  -2.93518781e-07,
         2.00563773e-06,   9.33268802e-06,  -2.78744192e-05,
        -7.57185080e-06,  -7.45989473e-06,  -1.92340735e-06,
         2.65744529e-05,  -1.83755001e-05,  -3.33855360e-06,
        -5.63393996e-06,  -3.71179776e-05,  -1.07961423e-05,
         7.32342869e-07,  -1.47577430e-06,   1.63792010e-05,
        -9.38666290e-06,   2.68513959e-05,  -2.10388462e-05,
        -5.98611041e-06,  -5.24408642e-06], dtype=float32)][array([[  3.87296826e-02,   4.67355326e-02,   3.45048271e-02,
         -4.85448312e-04,  -4.27259021e-02,  -5.04173711e-03,
         -1.34102721e-03,   1.44239878e-02,   5.80352917e-02,
         -7.92703107e-02,   6.28361385e-03,  -6.02250509e-02,
         -4.34545539e-02,   5.91280684e-02,   2.79443022e-02,
         -2.23556496e-02,  -9.28237941e-03,  -2.01361962e-02,
         -3.42292823e-02,   5.71719110e-02],
       [  1.99004523e-02,   1.22849429e-02,  -1.74246624e-03,
         -4.33367975e-02,   5.18723242e-02,  -1.15965251e-02,
          6.74895570e-02,   3.65272500e-02,   2.72109807e-02,
          4.04483229e-02,   1.10597402e-01,  -4.52553900e-03,
          2.20315177e-02,  -8.02963972e-02,  -2.23323293e-02,
          4.56933528e-02,   9.68721211e-02,   2.19232664e-02,
          1.25838490e-02,   1.78032629e-02],
       [ -8.86559114e-03,  -3.22463065e-02,   2.86769383e-02,
         -3.39796618e-02,  -1.41984709e-02,   5.15406020e-02,
         -4.93973086e-04,   5.10431938e-02,   2.13727299e-02,
          8.40650313e-03,  -8.20329189e-02,  -8.25601667e-02,
         -4.31452058e-02,  -2.10049860e-02,   2.96851080e-02,
         -3.54687124e-02,  -7.79690370e-02,  -4.30887602e-02,
         -7.62492372e-03,   2.53338944e-02],
       [ -1.06235564e-01,   3.92775573e-02,   4.97150235e-02,
         -6.35596663e-02,   7.78921694e-02,  -7.82344937e-02,
         -6.13053469e-03,   1.77638652e-03,  -1.67511534e-02,
          3.53596061e-02,   5.46730906e-02,   3.13822515e-02,
          1.20019875e-01,  -3.17183994e-02,  -8.71758163e-03,
          3.97132570e-03,  -3.34762558e-02,  -2.77195219e-02,
          6.29176572e-02,  -1.35975955e-02],
       [ -3.31759080e-02,   6.13716468e-02,  -7.99936131e-02,
          6.15717657e-02,  -4.08412144e-02,  -4.50737868e-03,
         -2.19797939e-02,   9.32181701e-02,   8.33192319e-02,
          1.89875867e-02,   1.05235234e-01,  -6.42378256e-02,
         -2.55570114e-02,   5.59018105e-02,   1.87980346e-02,
          6.34975210e-02,   1.99048128e-02,   1.18173007e-02,
         -1.95529088e-02,   3.96659970e-02],
       [  6.64102063e-02,   3.83458287e-03,   5.31815365e-02,
          8.01724568e-02,   3.07564568e-02,  -3.13842930e-02,
         -2.28508804e-02,  -3.03361937e-02,  -6.74941987e-02,
         -1.58188399e-02,  -1.01083973e-02,   4.41678353e-02,
          6.78696334e-02,   1.16346991e-02,   2.03156061e-02,
          2.18412350e-03,   3.82470414e-02,   8.76751542e-02,
          1.59018338e-02,  -4.58454341e-02],
       [ -3.37443389e-02,   6.64208084e-02,   4.66260388e-02,
         -3.66014838e-02,   2.06887070e-02,   1.81822311e-02,
          4.51127440e-02,  -5.12527525e-02,   9.23094079e-02,
          1.29129216e-01,  -2.79921722e-02,  -1.96128022e-02,
          5.13096303e-02,   2.49016937e-02,   1.29593173e-02,
         -6.42440021e-02,  -4.52630818e-02,   1.06350230e-02,
          7.51796141e-02,  -7.46666500e-03],
       [  5.23791760e-02,  -2.52960213e-02,  -4.47226912e-02,
          4.15386545e-04,   2.35182396e-03,  -9.53973830e-02,
          9.30022299e-02,  -4.15831385e-03,   7.71647021e-02,
          5.46640679e-02,  -7.67863095e-02,  -5.92787266e-02,
          6.26068339e-02,   3.45571861e-02,  -4.20415476e-02,
          3.05308681e-02,   5.42554297e-02,   1.04033425e-01,
         -3.84627916e-02,  -1.06321640e-01],
       [  5.09762391e-02,   2.10307389e-02,  -1.60603840e-02,
         -2.51829140e-02,   3.05488780e-02,   3.20936739e-02,
         -2.59136986e-02,   3.05291023e-02,  -2.10864507e-02,
         -6.72156662e-02,  -2.49519385e-02,   3.03628966e-02,
         -2.91363653e-02,   1.94268301e-02,  -1.04692787e-01,
         -1.55106448e-02,   1.04954997e-02,   3.71905155e-02,
          2.28777695e-02,   9.74717736e-03],
       [ -6.06855601e-02,   5.25378883e-02,   6.09419458e-02,
         -4.70311455e-02,  -7.07201287e-03,  -6.64378256e-02,
          1.88179407e-02,   8.66608694e-02,  -1.32667452e-01,
         -1.32586777e-01,   5.85476905e-02,  -4.62687127e-02,
          1.42081203e-02,   2.00707447e-02,   5.42948991e-02,
          8.46895576e-02,   1.55105880e-02,  -5.68684861e-02,
         -3.48383151e-02,  -1.32450722e-02],
       [ -1.74779333e-02,   6.27468675e-02,   6.22238778e-03,
          2.28552632e-02,  -4.86841165e-02,  -7.50165060e-02,
          4.06440645e-02,  -6.51974743e-03,   5.46093390e-04,
          3.67708616e-02,   7.51798078e-02,   6.37557656e-02,
         -4.18710522e-02,   4.12254371e-02,  -5.39062824e-03,
         -4.69523594e-02,   5.11288084e-02,   2.36390587e-02,
         -1.61461215e-02,   3.11013730e-03],
       [ -4.96774353e-03,  -2.65993159e-02,  -4.79449928e-02,
         -7.56555274e-02,   5.57296444e-03,  -4.53827754e-02,
          3.61835733e-02,   5.27705997e-02,   3.69108305e-03,
         -3.58349942e-02,  -5.16368225e-02,  -1.42299244e-02,
         -1.69793531e-01,   6.01866236e-03,  -4.23269793e-02,
          4.60959710e-02,   8.08743164e-02,   2.96007586e-03,
         -5.10510290e-03,  -5.93630746e-02],
       [  3.73936221e-02,   1.36632398e-02,   5.11248186e-02,
          1.47261722e-02,  -3.01365927e-03,   8.64060894e-02,
          1.64361298e-02,  -3.63660074e-04,  -1.19171152e-02,
         -6.64817914e-02,  -8.28443468e-02,   5.31288125e-02,
          4.24880125e-02,   6.88526854e-02,   1.27380770e-02,
         -5.68410307e-02,   3.75824496e-02,  -4.28724885e-02,
         -1.56797692e-02,  -4.87809815e-02],
       [  4.94160704e-05,   7.66309723e-02,  -2.72641852e-02,
          2.18067952e-02,   2.26716306e-02,   1.53428782e-02,
         -1.05476016e-02,   1.30136572e-02,   7.50949606e-02,
         -2.29922542e-03,  -6.19621342e-03,  -2.15673074e-02,
          1.43769413e-01,   7.37564219e-03,   2.02868823e-02,
         -3.88660356e-02,   1.01190381e-01,   2.27997787e-02,
         -3.35139148e-02,   8.27178359e-02],
       [  4.51893173e-03,   1.32386178e-01,   5.11247478e-02,
         -3.80302034e-02,   5.17398827e-02,  -8.18173662e-02,
          3.22098769e-02,  -6.73076371e-03,   1.56825501e-02,
          3.05564664e-02,   5.42241186e-02,   4.42832001e-02,
         -2.65454482e-02,   4.72247303e-02,   1.25209633e-02,
         -2.46899463e-02,  -5.30261993e-02,   1.04933873e-01,
         -1.14518687e-01,  -3.40367598e-03],
       [  3.30474079e-02,  -2.06660889e-02,   3.92262638e-02,
         -1.37520656e-02,  -1.61583032e-02,  -4.66790199e-02,
          1.07378894e-02,   1.84664186e-02,  -3.61518785e-02,
         -3.11936159e-02,   5.71619757e-02,  -1.96663179e-02,
          1.84686892e-02,  -5.23352697e-02,   5.36936186e-02,
          1.36259589e-02,  -1.09388325e-02,   5.25944158e-02,
          5.90470284e-02,   4.01121303e-02],
       [  5.43943495e-02,   2.01488752e-02,   9.13801603e-03,
          2.40554400e-02,  -9.59914178e-02,   7.72593245e-02,
         -7.30970502e-02,  -8.29511415e-03,  -2.25784723e-03,
          5.28350510e-02,  -6.49172738e-02,   5.93455806e-02,
          3.81147228e-02,   3.73834111e-02,   4.41823602e-02,
         -6.64376095e-02,  -3.66227445e-03,   6.70656189e-02,
          8.01489279e-02,  -1.73435561e-04],
       [  1.48547456e-01,  -1.02716945e-01,  -2.00155154e-02,
          3.90784256e-02,  -1.08594038e-01,  -1.13958120e-01,
         -1.97397172e-02,   2.78365687e-02,   5.49562275e-02,
         -6.01068744e-03,  -5.12282886e-02,   3.97475734e-02,
         -5.26945181e-02,  -1.20741837e-01,   6.74650744e-02,
         -3.11528035e-02,  -9.44746733e-02,  -3.10723390e-02,
         -3.37627903e-02,   6.71707615e-02],
       [  2.75729373e-02,   1.99617352e-02,  -7.73345530e-02,
          1.85310165e-03,  -4.15050760e-02,  -5.30155376e-02,
         -2.61831447e-03,   4.03809361e-02,   5.72497398e-02,
         -1.79621223e-02,   8.04148689e-02,   2.93896552e-02,
         -2.62298938e-02,   2.99551301e-02,   1.74793024e-02,
         -3.72722134e-04,  -1.28298588e-02,   2.40712315e-02,
         -7.05367327e-02,  -2.52412781e-02],
       [ -7.70472586e-02,  -6.42013103e-02,   2.57134903e-03,
          1.64756142e-02,   1.10169597e-01,  -1.33942366e-02,
          4.57783267e-02,   5.37360553e-03,  -5.79040172e-03,
          2.96109021e-02,   7.68264830e-02,  -7.82850459e-02,
         -1.35375440e-01,   9.17945355e-02,  -8.52250084e-02,
          1.94715764e-02,   5.15038446e-02,   6.35023415e-02,
          4.24706601e-02,   2.92794555e-02],
       [  8.85759667e-03,   1.08943870e-02,  -6.17291033e-02,
          5.44541478e-02,  -2.33226512e-02,   8.49206969e-02,
          5.96391410e-03,   6.33692965e-02,  -8.10215808e-03,
         -2.42387168e-02,   1.54974954e-02,   4.84468453e-02,
          9.84542519e-02,  -6.65069511e-03,  -3.70995812e-02,
          4.03991062e-03,   6.98627532e-02,   1.06775714e-02,
          1.39815109e-02,   4.00115624e-02],
       [  4.93047200e-02,  -4.44241539e-02,  -2.26729959e-02,
         -3.71582508e-02,  -3.38045955e-02,   8.73796046e-02,
         -6.79773092e-03,  -5.09091318e-02,   1.45442914e-02,
         -2.48576105e-02,   3.79616842e-02,   1.11585697e-02,
          7.97317550e-03,  -5.52194901e-02,  -9.31635648e-02,
         -4.41182069e-02,   9.14060418e-03,  -3.54040451e-02,
          5.06282151e-02,  -5.46335839e-02],
       [  1.22129135e-02,  -1.37807503e-02,   2.34824326e-02,
         -8.03580955e-02,   1.17823351e-02,  -1.07622547e-02,
          1.13197818e-01,  -1.14835858e-01,   2.00273581e-02,
          1.55086182e-02,  -4.83588465e-02,  -3.78064811e-03,
         -9.27209854e-03,   5.04616238e-02,  -1.38528866e-03,
         -6.17379919e-02,   2.45261397e-02,   8.31814762e-03,
         -4.80185896e-02,  -1.91786252e-02],
       [ -5.08452579e-02,   4.39916886e-02,  -7.43128881e-02,
          1.08465804e-02,   1.21530443e-02,  -1.11079313e-01,
          4.00473140e-02,  -7.18530118e-02,  -9.46715698e-02,
         -5.64629212e-02,   6.57574274e-03,  -5.77551201e-02,
         -3.08975391e-02,   2.55171005e-02,  -4.08829302e-02,
          5.74871562e-02,  -1.38276704e-02,  -1.53333712e-02,
          3.41827683e-02,   3.26763391e-02],
       [  1.20187942e-02,   5.45109250e-02,  -8.74398276e-03,
         -3.05574387e-02,   1.00510931e-02,   4.07980289e-03,
         -1.08456519e-02,   3.19622084e-02,   5.46963401e-02,
          1.10363886e-01,  -1.17745355e-01,   1.53724998e-02,
          5.74946217e-02,  -3.35019417e-02,  -4.78383042e-02,
         -7.32087996e-03,   2.05391217e-02,  -6.04399592e-02,
          1.34754227e-02,   3.04433051e-03],
       [ -2.39915513e-02,  -5.45209609e-02,  -3.37064750e-02,
         -1.52845057e-02,  -7.31354952e-03,   6.17075339e-02,
         -2.69023646e-02,   1.30598964e-02,  -6.60776645e-02,
          6.83200210e-02,   1.19886920e-01,   8.03144276e-02,
          6.87742680e-02,   1.53233502e-02,  -3.18737701e-02,
          2.90745329e-02,  -6.88086823e-02,   8.31126347e-02,
          9.17658117e-03,   3.01462393e-02],
       [ -2.49744719e-03,  -3.20168100e-02,  -1.71604343e-02,
         -6.43981844e-02,  -7.06712902e-02,   1.52888149e-02,
          6.77307695e-03,  -1.16610594e-01,   3.08966599e-02,
         -4.03631013e-03,  -2.06736429e-03,  -1.12467431e-01,
          1.26812726e-01,  -1.11847101e-02,  -2.23458204e-02,
          6.03991151e-02,  -8.61111581e-02,  -5.34936450e-02,
          4.59762774e-02,   1.50490953e-02],
       [  3.78413908e-02,  -6.46092817e-02,  -1.28976032e-02,
         -1.54143069e-02,  -7.01367576e-03,   5.82166500e-02,
         -1.36378761e-02,   5.28447144e-02,   1.06067836e-01,
         -6.96512684e-02,   1.89857259e-02,  -3.11645530e-02,
          5.03116176e-02,   9.98508744e-03,   4.19670008e-02,
         -2.67262161e-02,  -4.18082960e-02,   1.64873581e-02,
         -9.38952435e-03,   1.82638057e-02],
       [  5.88119738e-02,  -2.82526104e-04,  -7.31800273e-02,
         -5.58015853e-02,   5.88522181e-02,  -3.47109176e-02,
         -5.39541207e-02,  -2.11140048e-02,   7.64070153e-02,
          2.49942131e-02,   7.81078935e-02,  -1.76477693e-02,
         -2.68372823e-04,   9.78444330e-03,  -7.30526149e-02,
         -2.45889463e-02,  -5.86351603e-02,   2.05116067e-02,
         -9.52078700e-02,  -1.01045907e-01],
       [  5.03778458e-02,   1.55051739e-03,  -2.24724878e-02,
         -1.56509541e-02,  -9.50199645e-03,   3.49388979e-02,
          1.63099654e-02,   2.16219015e-02,  -5.26964888e-02,
          3.63547541e-02,   7.95185193e-02,  -5.31233028e-02,
         -8.48370492e-02,  -3.67848924e-03,   1.40989199e-02,
         -1.62982177e-02,  -1.27657754e-02,   4.88311909e-02,
         -9.27196667e-02,   5.47435135e-02],
       [  1.47015760e-02,  -3.41345696e-03,  -7.32406005e-02,
         -1.36702657e-01,  -3.53792086e-02,   2.53318548e-02,
         -6.33785576e-02,   1.83525961e-02,  -1.46322744e-02,
         -8.30474030e-03,   1.38072176e-02,   4.50818017e-02,
         -1.06147323e-02,   3.17964790e-04,  -9.48986690e-03,
          8.36243946e-03,   3.50242704e-02,  -2.36169323e-02,
         -2.17555594e-02,   2.37571038e-02],
       [  2.62825168e-04,  -1.55601315e-02,  -4.77787713e-03,
         -7.10010603e-02,  -1.02210552e-01,  -4.17832583e-02,
         -2.34639961e-02,  -8.73184875e-02,  -3.28227319e-02,
         -4.26661642e-03,  -6.74607456e-02,  -3.58822495e-02,
          1.27683636e-02,  -3.68190557e-02,  -1.84096135e-02,
          1.61906481e-02,   4.12324071e-02,  -2.50111353e-02,
          6.09834976e-02,  -2.72782091e-02],
       [  7.93739334e-02,  -4.63757627e-02,   1.71942580e-02,
          3.02070193e-02,   1.00577928e-01,   2.88427062e-02,
          3.13286111e-02,   2.58034691e-02,  -1.44162569e-02,
          3.13008726e-02,   5.29739559e-02,   1.05874397e-01,
          7.31873512e-02,  -8.22999049e-03,   3.02610826e-02,
         -9.22040045e-02,   6.14565052e-02,   4.89747785e-02,
         -3.35170664e-02,  -8.53870884e-02],
       [ -9.34201386e-03,  -2.57491115e-02,  -6.03086427e-02,
          1.26445508e-02,   2.71318052e-02,   1.34481043e-02,
          5.33842773e-04,   6.63581192e-02,   5.19812480e-02,
          6.98425993e-02,  -2.17682086e-02,  -3.14909332e-02,
          6.92861676e-02,   8.32175463e-03,  -2.60329936e-02,
          6.32748231e-02,   8.56046285e-03,   1.03811845e-01,
         -1.45061361e-02,  -1.36561831e-02],
       [  1.22968825e-02,  -1.69092957e-02,  -6.05547242e-02,
          4.79051284e-02,   9.65686981e-04,   6.16241992e-02,
         -1.36289783e-02,   2.58576479e-02,   6.76478669e-02,
         -1.71401519e-02,  -5.42345867e-02,   1.40159344e-02,
          9.96822584e-03,   4.71509434e-02,  -3.18852849e-02,
         -8.38348269e-03,   6.12530783e-02,  -1.57963776e-03,
         -3.82953845e-02,  -3.00846901e-02],
       [  1.76582895e-02,   2.80104205e-02,   6.62560342e-03,
         -1.85670587e-03,   6.55325502e-02,   5.27265221e-02,
         -6.34973273e-02,   1.59050394e-02,  -3.06959394e-02,
          4.11149822e-02,   3.37107554e-02,   2.31621228e-02,
         -1.02553368e-02,   1.63473990e-02,  -3.97645589e-03,
          8.41176063e-02,   2.07851473e-02,   6.91244975e-02,
         -4.88735512e-02,  -5.02104312e-02],
       [ -4.37579006e-02,  -3.74285132e-02,   5.63495886e-03,
          4.36323211e-02,  -3.74562084e-03,  -5.17342463e-02,
         -7.75001496e-02,   3.79488356e-02,   4.96175652e-03,
         -1.36141842e-02,   4.27813418e-02,  -2.16524024e-02,
         -3.29019036e-03,  -1.46681583e-02,   3.87835652e-02,
         -6.57332316e-02,  -8.73687565e-02,  -6.92670047e-02,
          4.04598676e-02,   3.79507095e-02],
       [  2.28258017e-02,  -2.64323745e-02,   5.60311526e-02,
         -2.04215739e-02,  -6.55275807e-02,   3.26283574e-02,
         -5.17109409e-02,   3.44572999e-02,   1.69129856e-02,
         -6.23997934e-02,   1.56273201e-01,   2.56732274e-02,
          8.98906812e-02,   9.06510428e-02,   1.33507112e-02,
         -6.20852225e-02,  -1.62232225e-03,   3.62865021e-03,
          2.36858353e-02,   3.03976797e-02],
       [  2.41750889e-02,  -2.23224028e-03,   9.80254412e-02,
         -9.20832250e-03,  -3.98563184e-02,  -5.73169207e-03,
          3.50796133e-02,  -8.29100981e-02,   9.17269588e-02,
          1.18577518e-02,  -7.73019493e-02,   9.52351466e-03,
          3.07023562e-02,  -3.77655625e-02,   7.47948606e-03,
          4.97853085e-02,   7.84887895e-02,  -9.38195214e-02,
         -3.42810266e-02,  -5.11167385e-02],
       [ -3.92124541e-02,   3.27809229e-02,   2.04830524e-02,
         -2.44987174e-03,  -2.26455647e-02,  -3.62824909e-02,
          1.25648737e-01,   3.01568303e-03,  -1.50347622e-02,
          1.98865794e-02,  -7.29159415e-02,   1.31053366e-02,
         -4.50008214e-02,  -4.49371114e-02,   6.35560369e-03,
          2.43862881e-03,   7.18627451e-03,  -5.67225218e-02,
         -8.04409757e-03,   6.68028891e-02],
       [  6.18940638e-03,  -2.73578111e-02,  -1.09042205e-01,
         -6.47847801e-02,  -3.38821672e-02,   9.04981792e-02,
          8.69495720e-02,   6.95948442e-03,  -6.56924844e-02,
          4.22105007e-02,   1.45238757e-01,   7.94680715e-02,
          5.10489289e-03,  -1.58255547e-02,  -1.06214881e-02,
         -1.56835571e-01,  -5.26464777e-04,   6.48254827e-02,
          1.79133043e-02,   5.17363800e-03],
       [ -1.99026335e-02,  -4.15863991e-02,  -4.64907922e-02,
          6.62170053e-02,   7.86718633e-03,  -2.47727539e-02,
         -3.27341259e-02,   4.58982028e-03,  -2.30054464e-02,
          2.76891682e-02,   4.70442064e-02,   1.06929019e-01,
          2.47793701e-02,  -6.29277783e-04,  -4.52577509e-02,
          2.34772637e-02,   9.41094290e-03,  -3.99620906e-02,
         -3.22478749e-02,  -6.83597252e-02],
       [  1.96652804e-02,   1.83672626e-02,   4.43717092e-03,
          4.32370007e-02,   6.80684159e-03,   2.50353832e-02,
         -4.66958582e-02,  -5.31789027e-02,   8.01044777e-02,
         -4.86348942e-02,  -1.65351592e-02,   1.24398321e-02,
         -6.10492453e-02,   2.08422728e-03,   6.89700916e-02,
          1.73900858e-04,  -9.01609566e-03,   2.39003096e-02,
         -2.75001954e-02,   2.52654981e-02],
       [  3.50514054e-02,   4.73300405e-02,   8.58012773e-03,
         -7.81498998e-02,  -9.86145064e-03,  -1.21673029e-02,
         -1.46328183e-02,   7.38831609e-02,  -5.49471192e-02,
         -3.62957269e-02,  -2.21607480e-02,  -3.02299787e-03,
          2.67027002e-02,  -2.71256529e-02,   1.52436569e-02,
         -3.83634120e-02,  -3.50086056e-02,  -2.57941652e-02,
          1.43680200e-02,  -4.30610403e-02],
       [ -3.86844063e-03,  -2.45473604e-03,  -5.01594022e-02,
          8.65154937e-02,   2.64475606e-02,   8.13855380e-02,
          2.00383626e-02,  -3.65622528e-02,   5.16688935e-02,
         -3.14307921e-02,   4.71476838e-02,  -7.85102844e-02,
         -8.90667811e-02,  -1.02944486e-02,   1.74501743e-02,
          4.16775346e-02,  -9.46534052e-03,  -5.76303527e-02,
          1.07120223e-01,  -2.12784875e-02],
       [  8.99211764e-02,   5.11640646e-02,   6.31144270e-02,
          5.36031574e-02,  -7.36804232e-02,  -1.21133844e-03,
         -4.38412800e-02,  -6.45567626e-02,  -1.63405277e-02,
         -2.24393490e-03,  -3.48569043e-02,   4.11647595e-02,
          1.02652190e-02,   1.49034606e-02,   6.68300539e-02,
         -8.97700619e-03,  -1.31069403e-02,  -2.31343005e-02,
         -3.41954753e-02,  -5.36945798e-02],
       [ -3.54523845e-02,   1.71298590e-02,  -6.84803864e-03,
          5.93035556e-02,  -3.93595500e-03,   9.72547606e-02,
         -6.60497397e-02,  -1.76641811e-02,  -3.13740633e-02,
          5.58396056e-02,  -2.52462160e-02,   2.13137548e-02,
         -7.03472495e-02,   3.16070132e-02,  -5.35529165e-04,
          2.63264067e-02,   2.16871761e-02,  -4.85894457e-02,
          1.34678092e-02,   2.68188547e-02],
       [  3.75180878e-02,   2.23423447e-02,  -3.73916291e-02,
          3.74573469e-02,  -6.22276179e-02,   5.23210550e-03,
         -2.43290327e-02,  -1.62844229e-02,   3.10593215e-03,
          4.32403162e-02,   6.69003651e-02,   5.45117073e-02,
          6.31822273e-02,   2.27240734e-02,  -3.60075273e-02,
         -4.94375415e-02,  -2.61780228e-02,   2.82838056e-03,
         -1.12277940e-01,   2.14316379e-02],
       [  3.17105055e-02,   4.06252630e-02,  -4.38727997e-02,
         -7.27483863e-03,   7.62744173e-02,  -9.08307284e-02,
         -1.03749353e-02,   4.22276072e-02,  -6.00256622e-02,
         -3.37267816e-02,  -1.23677984e-01,   2.13392321e-02,
          7.90449306e-02,   1.52310925e-02,   3.48956846e-02,
          1.15365200e-02,  -4.14281152e-02,   5.12313247e-02,
         -5.65714203e-02,   3.71339452e-03],
       [  4.15575169e-02,   6.03931434e-02,   5.68698719e-02,
          2.45470013e-02,  -1.85996946e-02,  -1.44080501e-02,
          1.08490311e-01,  -5.40258437e-02,  -4.10346761e-02,
         -3.24375406e-02,  -2.23065689e-02,  -3.23019959e-02,
         -2.08698027e-03,  -4.54561319e-03,   5.68887740e-02,
         -2.41053011e-03,  -3.84152010e-02,  -5.32894209e-02,
          2.51722429e-03,   7.15923607e-02]], dtype=float32), array([ -3.34526667e-05,  -4.39085154e-04,   1.50456050e-04,
        -7.22829864e-05,   3.29536560e-04,   2.02928481e-04,
        -5.92696597e-04,  -8.90197989e-05,  -1.66234560e-04,
         2.65050097e-04,  -3.57016979e-04,  -4.29535663e-04,
        -2.37354456e-04,  -9.92206842e-05,  -1.11882444e-04,
         1.53156379e-05,  -3.19168292e-04,  -4.14937211e-04,
         1.93868895e-04,   2.86887574e-04], dtype=float32)][array([[ 0.03592239],
       [-0.03560304],
       [ 0.05159918],
       [ 0.01656832],
       [ 0.08092032],
       [ 0.06253826],
       [-0.0599027 ],
       [ 0.01795681],
       [ 0.00846238],
       [ 0.07399236],
       [-0.02270081],
       [-0.03420858],
       [-0.00262899],
       [ 0.01641951],
       [ 0.01339102],
       [ 0.02960558],
       [-0.01889943],
       [-0.03064506],
       [ 0.05847992],
       [ 0.07498439]], dtype=float32), array([ 0.02545862], dtype=float32)]