[array([[  9.63968690e-03,  -7.36971870e-02,   3.93232927e-02,
          8.66636708e-02,   2.62840576e-02,  -3.22555266e-02,
         -3.31220813e-02,   5.87326586e-02,   1.35075515e-02,
          1.53725687e-02,  -4.50937562e-02,  -1.74840409e-02,
          4.32344489e-02,   5.62244616e-02,   3.50343399e-02,
         -9.39887986e-02,   6.26448244e-02,  -1.15541348e-04,
         -8.73788435e-04,   2.97055636e-02,   7.81163499e-02,
          2.11480092e-02,  -5.63237742e-02,  -9.82852653e-02,
          6.22249022e-03,   4.33609225e-02,  -2.48300955e-02,
          5.51987961e-02,  -3.12752686e-02,  -8.52392018e-02,
         -4.87221917e-03,  -5.96304536e-02,   1.49521148e-02,
         -8.03830549e-02,   1.01619409e-02,   2.94592883e-02,
         -1.78278238e-02,   4.24563251e-02,  -1.45341158e-02,
          2.18081083e-02,  -1.56445615e-02,  -4.24292460e-02,
         -2.21753251e-02,  -3.40805128e-02,   7.40100890e-02,
          1.10033723e-02,   1.64233763e-02,   3.13200317e-02,
         -6.22360548e-03,  -1.06087408e-03],
       [ -2.88887229e-02,   3.66999283e-02,  -4.94239433e-03,
         -3.61067466e-02,   4.31998000e-02,  -1.45197306e-02,
          7.36132041e-02,   2.47978121e-02,  -1.07827209e-01,
         -3.60276215e-02,  -3.29713188e-02,  -1.27600273e-03,
          1.07435517e-01,  -1.79319736e-02,   7.66192302e-02,
         -1.65948775e-02,  -2.89825499e-02,  -6.09570881e-03,
          5.48480041e-02,   4.18161266e-02,  -9.36236884e-03,
         -9.01029557e-02,   2.89317127e-02,   8.07319134e-02,
          8.33687093e-03,  -9.33023077e-03,   2.79258993e-02,
         -1.54923717e-03,   5.33390343e-02,   8.82281587e-02,
         -1.95613154e-03,  -5.07148765e-02,   6.46433756e-02,
          6.11659996e-02,  -1.67584810e-02,  -6.45689806e-03,
          1.35954516e-02,   4.40822095e-02,   1.09078586e-01,
          7.99055398e-03,  -9.05658081e-02,   3.35592180e-02,
          9.98599902e-02,   3.78624313e-02,  -2.11470816e-02,
         -5.39844632e-02,   2.95529757e-02,   1.09093515e-02,
          2.62560435e-02,  -8.55640098e-02],
       [ -3.07380557e-02,   5.40457852e-02,   9.38222930e-02,
          8.94305930e-02,  -5.15759774e-02,  -4.20403183e-02,
          1.67223401e-02,   2.98463088e-02,   5.72984619e-03,
         -7.75065348e-02,   1.45171685e-02,  -3.26530598e-02,
         -4.66832183e-02,   4.21366282e-02,  -3.02242935e-02,
          1.60215404e-02,   3.53278518e-02,  -6.15309849e-02,
          2.59842779e-02,   1.29658775e-02,   3.60021442e-02,
         -2.28822809e-02,   1.67581905e-02,   1.00697093e-01,
         -2.22734716e-02,  -3.42395604e-02,   2.87865344e-02,
         -1.18282530e-02,   2.05098670e-02,   5.47531433e-02,
         -1.03776805e-01,   4.00515310e-02,  -9.43939015e-03,
         -1.84813999e-02,   2.66793221e-02,  -1.20612402e-02,
         -1.18266955e-01,  -2.13447791e-02,   2.36198655e-03,
         -3.40254866e-02,  -5.31286411e-02,   7.76931271e-02,
         -7.87290409e-02,  -7.48121664e-02,  -4.22275700e-02,
         -1.34906722e-02,  -9.30059627e-02,   3.79223231e-04,
         -1.41065866e-02,  -1.03582226e-01],
       [  2.83927023e-02,   1.01694874e-02,  -1.22793652e-01,
         -8.27428233e-03,  -6.25486150e-02,  -1.51396710e-02,
         -6.06756471e-02,  -6.52776882e-02,   1.22580929e-02,
         -2.78904056e-03,  -1.43058812e-02,   3.76049280e-02,
         -6.94895685e-02,   4.35354263e-02,   9.41669121e-02,
          5.00206947e-02,  -9.52660479e-03,  -6.23581707e-02,
         -5.21864416e-03,   7.11016729e-02,   9.83468890e-02,
          5.49219735e-02,  -1.32430410e-02,   5.09123169e-02,
         -3.92618887e-02,  -9.22565162e-03,  -7.57567585e-03,
         -1.19610783e-02,   4.04684916e-02,  -4.79857624e-02,
         -4.63361852e-02,   9.40397661e-03,   8.50561485e-02,
          3.81224677e-02,   2.32797246e-02,   6.18021153e-02,
         -4.89955060e-02,  -7.21983835e-02,   4.75513898e-02,
         -5.35666198e-03,  -2.68706674e-04,   8.22597072e-02,
         -6.69939667e-02,  -7.62234628e-02,  -3.03749181e-03,
          7.15515167e-02,   4.13419232e-02,   3.38773848e-03,
         -5.47171012e-02,   1.63588300e-02]], dtype=float32), array([ 0.,  0.,  0.,  0.,  0.,  0.,  0.,  0.,  0.,  0.,  0.,  0.,  0.,
        0.,  0.,  0.,  0.,  0.,  0.,  0.,  0.,  0.,  0.,  0.,  0.,  0.,
        0.,  0.,  0.,  0.,  0.,  0.,  0.,  0.,  0.,  0.,  0.,  0.,  0.,
        0.,  0.,  0.,  0.,  0.,  0.,  0.,  0.,  0.,  0.,  0.], dtype=float32)][array([[  3.67725007e-02,  -8.59521851e-02,  -1.11072799e-02,
          4.50204238e-02,  -5.29073586e-04,  -4.88788821e-02,
          1.02462076e-01,  -2.01101117e-02,  -7.00983778e-03,
          9.03983563e-02,  -8.16366598e-02,  -9.30038020e-02,
         -4.80439253e-02,  -6.70835227e-02,   1.15781171e-04,
         -1.32747099e-01,  -6.40359297e-02,   4.28389348e-02,
          3.00017446e-02,  -7.31152669e-03],
       [  3.77592482e-02,   2.25355607e-02,  -5.93415014e-02,
         -2.72938069e-02,   5.92024513e-02,  -6.82776747e-03,
          1.80515386e-02,   4.39691879e-02,  -4.64683510e-02,
         -1.12766353e-02,  -3.63577008e-02,   9.44719836e-02,
          5.61272874e-02,   5.85979484e-02,   2.72884276e-02,
          8.36097077e-02,  -5.08185886e-02,  -8.51227939e-02,
          1.41252819e-02,   3.18982862e-02],
       [  8.69078711e-02,  -1.19134538e-01,   3.39749157e-02,
          4.47218725e-03,   8.44381284e-03,  -8.44234675e-02,
          5.40835559e-02,   8.69835541e-03,  -1.50618432e-02,
         -1.54711278e-02,   1.32077057e-02,  -5.83150685e-02,
         -4.18040436e-03,  -1.86377894e-02,   6.02482352e-03,
          7.71389380e-02,   6.96950778e-03,  -5.47226006e-03,
          5.11075333e-02,   1.12615742e-01],
       [ -3.30690332e-02,   1.87723283e-02,   6.58189654e-02,
          8.19635466e-02,  -7.94985890e-03,  -8.84496793e-02,
         -1.11297645e-01,  -5.74539183e-03,   3.96903530e-02,
         -4.33515571e-03,  -3.58711230e-03,   5.49594052e-02,
          1.60260051e-02,   5.72765544e-02,   2.76786252e-03,
         -1.43559119e-02,   8.67106020e-03,   1.84576418e-02,
          1.50769455e-02,   7.50882030e-02],
       [ -3.39474492e-02,   7.61334300e-02,  -5.13049483e-04,
          2.92290598e-02,  -3.34705561e-02,  -2.48745978e-02,
         -1.35622164e-02,  -1.06969059e-01,  -2.31875498e-02,
          5.60205579e-02,  -5.75901046e-02,  -5.89773757e-03,
         -2.09709089e-02,  -1.80483386e-02,   6.50307164e-02,
         -1.77217320e-01,   2.61558872e-02,   1.38761075e-02,
         -2.16407292e-02,  -4.22707051e-02],
       [ -8.38387944e-03,  -3.47092673e-02,  -6.73903748e-02,
         -2.00854354e-02,   1.48998701e-03,  -7.14100078e-02,
         -2.65184287e-02,  -2.01266240e-02,   6.37114644e-02,
          6.79405555e-02,  -2.22184639e-02,  -1.46141602e-02,
         -8.83281827e-02,  -3.51873897e-02,  -5.05958386e-02,
          5.60399704e-02,   8.27663541e-02,   4.97320779e-02,
          2.54059285e-02,   5.16792899e-03],
       [  1.09589152e-01,   1.36723563e-01,  -9.41261556e-03,
         -1.24447897e-01,   1.37294028e-02,   5.86995780e-02,
          2.49170270e-02,  -1.00088321e-01,  -7.30297193e-02,
          5.64550224e-04,   1.60824522e-04,  -4.17353027e-02,
         -5.98789416e-02,   4.66305465e-02,  -4.33534309e-02,
         -6.03772402e-02,   1.05789332e-02,  -9.39120874e-02,
         -6.64444491e-02,  -7.55938366e-02],
       [  6.59358874e-02,  -1.57920178e-02,   3.10607534e-02,
         -6.27586385e-03,   4.94244397e-02,   1.93367507e-02,
         -4.40162458e-02,  -3.92432027e-02,  -1.01825766e-01,
         -2.75720414e-02,  -5.93355969e-02,   3.55103309e-03,
          8.36194493e-03,  -8.57892260e-02,  -5.52739203e-02,
          1.05236389e-01,   1.96547266e-02,   3.13049788e-03,
          4.83852662e-02,   3.70984972e-02],
       [ -4.91276048e-02,   3.03636696e-02,  -9.52139273e-02,
          5.53623326e-02,   7.65998214e-02,   7.33963996e-02,
         -5.32737561e-02,  -6.42150789e-02,   1.01289943e-01,
          4.60392423e-03,   1.21983290e-01,   6.15818091e-02,
         -4.76277098e-02,  -3.54630128e-02,  -1.01235285e-02,
          4.14270908e-02,   1.20196668e-02,  -4.10026824e-03,
         -5.83430715e-02,  -2.72380020e-02],
       [  7.17000589e-02,  -1.03370647e-03,  -5.71158305e-02,
         -7.09772110e-03,  -8.56959668e-04,  -5.15222624e-02,
          4.91885878e-02,   6.37500957e-02,  -7.00154528e-02,
         -2.16596927e-02,   1.84188057e-02,   1.76694896e-02,
          4.17563180e-03,  -3.06201186e-02,   1.69822481e-02,
         -7.25145862e-02,   1.42734675e-02,  -9.54671111e-03,
          3.18936855e-02,  -1.65561996e-02],
       [  4.98264916e-02,   1.30025139e-02,   3.96631137e-02,
          8.44388679e-02,  -9.10175685e-03,   1.75137445e-02,
         -1.92265343e-02,   1.77784339e-02,   9.44660790e-03,
          2.64554825e-02,  -1.29173128e-02,   7.02637285e-02,
         -4.56579439e-02,  -6.91265687e-02,   3.21816467e-02,
         -1.37484670e-02,   2.03485675e-02,   3.13307308e-02,
          1.46101033e-02,   5.05954809e-02],
       [ -3.76300588e-02,  -6.35108277e-02,   2.57676542e-02,
          4.76684101e-04,  -6.67249504e-03,  -2.42422502e-02,
         -1.54774217e-02,   5.50924335e-03,   3.20734717e-02,
          4.89259697e-02,   7.13775381e-02,  -8.61948058e-02,
          1.86882820e-02,   2.89617237e-02,   8.16659350e-03,
         -3.66996899e-02,  -2.30204687e-02,  -4.88345884e-02,
         -3.63397901e-03,   1.71503015e-02],
       [ -3.21263894e-02,  -5.79481013e-02,  -4.98006493e-03,
         -1.09334610e-01,   2.92350492e-03,   1.09698139e-01,
         -7.42854401e-02,   5.99590726e-02,  -7.94885904e-02,
         -4.66805371e-03,  -5.42483442e-02,   6.72950447e-02,
          8.80169403e-03,  -4.02204953e-02,  -5.42303687e-03,
         -1.46071479e-01,   1.27781779e-02,   1.22371176e-03,
          5.52970059e-02,   3.24026607e-02],
       [ -6.01054318e-02,   6.96654767e-02,   8.57316479e-02,
          5.01275137e-02,   7.18950061e-03,   6.69747442e-02,
          5.19103706e-02,  -3.33817676e-04,  -1.36785898e-02,
          2.58598905e-02,  -4.84165065e-02,  -2.31810063e-02,
         -1.36850346e-02,   2.18619611e-02,   2.60026585e-02,
         -4.97333109e-02,   3.09635848e-02,  -3.32844667e-02,
          2.74562696e-03,  -6.41943961e-02],
       [ -5.02213612e-02,   3.30393459e-03,   1.46212652e-02,
          6.65969867e-03,   3.88284563e-03,  -1.92863848e-02,
          6.03950024e-02,  -3.53131406e-02,   4.79910113e-02,
          4.00895886e-02,  -1.09939333e-02,  -4.54896949e-02,
         -1.57802850e-02,   2.20798831e-02,  -9.19696596e-03,
         -4.72705849e-02,   7.15533039e-03,   1.52448192e-02,
         -6.65820017e-02,  -6.84415922e-02],
       [ -2.41348874e-02,   1.56327095e-02,   8.83380696e-02,
          6.19246475e-02,  -5.91606610e-02,   7.69960135e-02,
         -2.53628381e-02,   1.95800606e-02,  -3.18008177e-02,
         -3.09727024e-02,  -4.48821895e-02,   1.24727622e-01,
         -2.12215967e-02,  -3.92772369e-02,  -1.25514492e-01,
          4.64937501e-02,  -1.97702330e-02,   4.01048250e-02,
          3.10393572e-02,   4.45518047e-02],
       [ -5.93423238e-03,  -6.01020455e-02,  -6.02324866e-02,
         -1.36671498e-01,   8.70607793e-03,   3.03658675e-02,
          1.86045188e-02,   1.99145079e-02,   8.16231892e-02,
         -2.93974616e-02,   4.71802540e-02,  -3.91926020e-02,
          4.84408922e-02,  -9.42285433e-02,  -1.68985482e-02,
         -2.05451604e-02,  -2.00912710e-02,  -3.67884934e-02,
          6.11491092e-02,  -4.03858302e-03],
       [  3.53101119e-02,  -2.13302802e-02,   8.04204792e-02,
         -2.50015259e-02,   4.51404862e-02,   7.15616196e-02,
          5.95086887e-02,  -4.93947752e-02,  -2.31924001e-03,
         -8.83644633e-03,  -8.16846564e-02,  -2.00799461e-02,
          2.33291369e-02,   1.09642837e-02,   4.08828706e-02,
          1.28801344e-02,   7.03398958e-02,   3.24400254e-02,
          6.70132339e-02,  -5.13407253e-02],
       [ -5.01501821e-02,  -4.26395200e-02,  -1.66044664e-02,
         -1.14043355e-01,  -1.19582057e-01,  -1.30212596e-02,
          8.26393291e-02,  -3.50697003e-02,  -2.44492311e-02,
         -2.46721674e-02,   6.85485229e-02,   2.77384762e-02,
          1.68187972e-02,  -2.51714773e-02,   2.03299429e-02,
          4.26543504e-02,   1.87210944e-02,   4.54874635e-02,
         -1.40544130e-02,   7.15294108e-02],
       [  1.54245449e-02,  -3.28997523e-03,  -3.07986420e-02,
          7.26125911e-02,   1.02098219e-01,  -6.49555847e-02,
         -2.89783087e-02,   1.41044278e-02,   9.05032642e-03,
          5.14003038e-02,  -4.18987051e-02,   1.06475987e-02,
          7.08988344e-04,   2.57035289e-02,   5.03783636e-02,
         -9.53610241e-03,   2.99798753e-02,  -2.21284349e-02,
         -9.35868546e-02,  -1.31194396e-02],
       [ -1.67964492e-02,   6.00517802e-02,   2.98175719e-02,
          4.09429036e-02,  -1.14842420e-02,   3.53013421e-03,
         -3.89503054e-02,  -2.72852778e-02,  -1.69730093e-02,
          5.29819634e-04,   5.90639412e-02,   5.24155013e-02,
         -9.31950565e-03,  -8.55586752e-02,  -2.94537526e-02,
          4.01231609e-02,  -5.11173904e-02,   2.47538015e-02,
         -3.11640985e-02,   3.14584002e-02],
       [ -1.60214808e-02,   4.77407454e-03,   2.84394268e-02,
          1.29612789e-01,  -6.12792447e-02,   1.15908338e-02,
          1.25618344e-02,  -1.79508759e-03,  -6.98697492e-02,
         -4.21875448e-04,  -3.38504724e-02,  -9.30540916e-03,
         -4.96076196e-02,  -5.79699166e-02,  -2.24448238e-02,
         -4.75952327e-02,   2.74782791e-03,  -1.21347010e-01,
          7.43409712e-03,  -5.75532131e-02],
       [ -2.87303217e-02,   4.60471511e-02,  -3.57774012e-02,
         -6.11679852e-02,   5.28801866e-02,   3.62390839e-02,
         -1.91220921e-02,   9.31640621e-03,  -2.32319981e-02,
          9.85368621e-03,  -3.82948928e-02,  -4.12251893e-03,
          4.49736603e-02,   1.31601570e-02,   8.87932777e-02,
         -2.03394499e-02,   5.92084713e-02,   3.26683722e-03,
         -3.61178368e-02,   9.00635049e-02],
       [ -3.10024470e-02,   1.10011008e-02,   8.18970278e-02,
         -8.25257506e-04,  -7.63287693e-02,   6.23815469e-02,
          7.08758226e-03,  -1.07849769e-01,  -6.45861626e-02,
          5.12294583e-02,  -4.41184565e-02,  -9.98733491e-02,
         -8.29220489e-02,   1.68954916e-02,   4.87495512e-02,
         -8.27247426e-02,  -3.35619487e-02,  -3.81279960e-02,
         -1.00775501e-02,  -9.57534462e-02],
       [ -1.11265719e-01,  -5.29381167e-03,   4.83456217e-02,
          3.42633836e-02,  -9.34324786e-02,   2.12786496e-02,
          4.91372608e-02,  -4.04736809e-02,  -9.59743634e-02,
          1.90065410e-02,  -3.52796614e-02,   4.25758734e-02,
          2.16492862e-02,   3.52417901e-02,  -6.63451105e-03,
          4.60849255e-02,  -3.49044725e-02,  -2.92769521e-02,
         -4.08545397e-02,  -8.91396776e-03],
       [ -2.76088696e-02,  -6.06728457e-02,  -1.05653629e-02,
          2.38500815e-02,   3.95313837e-02,  -4.30104248e-02,
          5.50155044e-02,   6.26926571e-02,  -3.30251120e-02,
          7.82261565e-02,  -5.99675179e-02,   1.13186697e-02,
         -2.14102920e-02,  -3.13570462e-02,  -5.96875437e-02,
          4.63115604e-04,   4.39363420e-02,  -3.89328972e-02,
         -6.57637641e-02,  -4.08388041e-02],
       [  9.85512063e-02,   4.00854507e-03,  -7.14721009e-02,
         -4.03416343e-02,   2.10099551e-03,   2.13319566e-02,
          7.68946204e-03,  -1.61456689e-02,  -4.32243459e-02,
          3.42001091e-03,  -2.10758857e-02,   1.01556771e-01,
          3.38055156e-02,   8.41133296e-02,   2.42825057e-02,
          6.39941990e-02,  -9.92837995e-02,   1.64988695e-03,
          3.41419131e-02,   4.99831652e-03],
       [ -3.72905321e-02,   2.73565389e-02,   4.33146320e-02,
         -1.59952939e-02,   5.89276068e-02,  -1.32342428e-02,
          8.47972557e-02,  -1.69749521e-02,   7.21102804e-02,
          5.79042919e-02,  -3.76495235e-02,  -9.31235775e-02,
         -4.18029018e-02,   6.22324236e-02,   1.39684035e-02,
          4.28869836e-02,  -2.10442971e-02,   4.42345999e-02,
         -6.54984936e-02,   1.93406289e-04],
       [ -2.21475288e-02,  -2.66477857e-02,   6.01244234e-02,
         -1.09188452e-01,   3.03613301e-02,  -4.88704396e-03,
         -1.07677281e-01,  -3.43058743e-02,   6.40594363e-02,
          8.55708495e-03,  -6.21465640e-03,  -1.99517719e-02,
         -3.72197069e-02,  -2.21378412e-02,   6.11138903e-02,
          3.26831522e-03,   8.13446641e-02,   4.23113182e-02,
         -3.97700630e-02,   3.59829590e-02],
       [  5.68001084e-02,  -1.74564924e-02,  -2.73160916e-02,
          4.44822153e-03,   1.04109846e-01,   9.87302512e-02,
         -5.58140688e-02,   1.48611395e-02,   2.30152979e-02,
         -2.50474866e-02,   3.38319205e-02,  -3.75930481e-02,
          8.71036053e-02,  -8.14026445e-02,  -8.64894912e-02,
          7.64462491e-03,  -4.74749915e-02,  -3.75035182e-02,
         -6.91250572e-03,   3.63945030e-02],
       [  1.11771755e-01,  -1.24574369e-02,  -3.14998552e-02,
          6.30730987e-02,   7.40709975e-02,  -8.31687066e-04,
          4.35802117e-02,   1.38602545e-02,   1.49227949e-02,
         -9.57086161e-02,  -4.37362231e-02,  -7.02718794e-02,
          5.32135181e-02,   3.39814536e-02,   4.77008037e-02,
          4.67222258e-02,   3.39610986e-02,   1.61927920e-02,
         -4.16694842e-02,  -9.13619623e-02],
       [  1.32288234e-02,   4.88616042e-02,   9.58825350e-02,
         -3.88471521e-02,   8.11737031e-02,  -8.88266787e-02,
          6.40637204e-02,  -5.57519570e-02,   4.51671109e-02,
         -1.02067012e-02,  -2.49514077e-02,  -2.04688068e-02,
         -6.76261708e-02,  -4.28352468e-02,  -1.21161260e-01,
         -6.37707040e-02,  -3.57427495e-03,   8.91112760e-02,
          1.08950190e-01,   4.12753075e-02],
       [ -4.71070893e-02,  -3.29923555e-02,  -2.07640771e-02,
          9.69795510e-02,  -5.46418838e-02,   1.86113771e-02,
          1.79495476e-02,   1.51946070e-02,   1.77578032e-02,
         -1.11639813e-01,   1.67654213e-02,   3.69829498e-02,
         -2.55401284e-02,  -2.53732335e-02,  -5.63045219e-02,
          3.09511106e-02,  -2.85326745e-02,   1.34602264e-02,
          8.61456022e-02,  -7.83170667e-03],
       [ -6.17268793e-02,  -5.86462580e-02,  -3.68180573e-02,
         -1.69648661e-03,   2.63803694e-02,  -7.11602867e-02,
         -1.01778312e-02,   3.98939196e-03,   5.04318550e-02,
          8.74646455e-02,   6.85224161e-02,  -3.16906944e-02,
          2.61380058e-02,  -3.35086341e-04,  -2.30302382e-02,
          5.42229526e-02,  -1.00944657e-02,   2.55855615e-03,
          4.75883260e-02,   4.88285087e-02],
       [  3.77418511e-02,  -2.37638019e-02,   2.73281019e-02,
          8.84670764e-03,   1.49067789e-02,  -9.69539136e-02,
          1.24897230e-02,  -1.17885426e-01,   9.20634493e-02,
          9.34571996e-02,   5.97002544e-03,  -3.50716822e-02,
         -3.88379209e-02,   1.43178897e-02,   1.65279172e-02,
          4.62230248e-03,   5.83696924e-02,  -8.96583423e-02,
          5.43372743e-02,  -1.11346558e-01],
       [ -3.94755118e-02,   4.11565006e-02,  -1.39952023e-02,
          2.65248958e-02,   1.35181053e-02,   8.75970945e-02,
         -2.24811751e-02,   4.68322635e-03,   1.60380267e-02,
          4.00869846e-02,  -2.09666006e-02,  -1.63379088e-02,
          2.33886540e-02,   6.25672564e-02,   3.05625238e-02,
         -1.07962331e-02,  -4.19911966e-02,   8.25918540e-02,
          2.73925308e-02,   4.81143855e-02],
       [ -3.40124266e-03,   4.44012992e-02,  -5.83023988e-02,
          6.35930002e-02,   5.22695445e-02,   4.09844369e-02,
          1.83561146e-02,   2.93076821e-02,   3.57732177e-02,
          1.39271142e-02,  -3.06240143e-03,   2.80667446e-03,
         -4.29036580e-02,  -4.51248847e-02,  -8.88782181e-03,
         -4.79638111e-04,  -9.43499282e-02,   4.69837822e-02,
          4.07423303e-02,   3.16240313e-03],
       [ -2.06206441e-02,  -7.48421475e-02,   2.54936256e-02,
          5.59368134e-02,  -1.69899855e-02,  -1.03643060e-01,
          1.87463816e-02,  -7.69804940e-02,  -1.32388085e-01,
         -6.28898591e-02,  -9.67534706e-02,   6.54338971e-02,
          3.06015853e-02,   7.64440745e-03,  -1.61707848e-02,
         -2.78599244e-02,  -4.89694625e-02,   2.13951487e-02,
         -8.68840329e-03,  -1.90350786e-03],
       [  8.01137760e-02,   1.44112436e-02,   2.10892502e-02,
          1.59560796e-02,  -9.09368042e-03,  -5.34823611e-02,
          8.00296962e-02,   1.73611175e-02,   2.90581342e-02,
          4.74269651e-02,  -6.72539622e-02,   5.89280156e-03,
         -5.16628586e-02,  -5.47293387e-02,  -2.09388975e-03,
         -6.52625179e-03,   1.32680520e-01,  -2.93760151e-02,
          2.35992987e-02,   1.10322936e-02],
       [ -4.89792638e-02,  -4.95684706e-02,   2.01344546e-02,
          1.14639439e-01,   1.19289160e-01,   3.70864980e-02,
         -9.99361929e-03,   6.08654507e-02,   1.26026047e-03,
         -8.52262080e-02,   9.98129323e-03,  -5.01495264e-02,
          6.06370866e-02,  -4.51405048e-02,  -2.81614345e-02,
          2.68407017e-02,  -5.69505505e-02,   3.50613869e-03,
         -1.39203118e-02,   2.16196459e-02],
       [ -3.34860906e-02,   5.51683269e-02,   2.14711949e-02,
          4.44289707e-02,  -3.92935090e-02,  -1.31066954e-02,
          2.15920079e-02,   9.02721807e-02,   3.95307429e-02,
         -5.59031905e-05,  -8.97488464e-03,  -1.21344402e-02,
          8.10882077e-03,   4.52094786e-02,   1.91588961e-02,
          7.61442212e-03,  -5.40784188e-02,  -8.35775118e-03,
         -5.83623648e-02,  -8.97428244e-02],
       [  1.04784556e-02,   4.38552909e-02,   2.08540615e-02,
          9.06334221e-02,   6.64067194e-02,  -2.47415751e-02,
         -6.11179732e-02,   1.10944419e-03,  -4.63676117e-02,
         -8.93562660e-03,   7.85874948e-02,  -2.34891325e-02,
         -5.66782709e-03,   4.58630025e-02,  -7.55056962e-02,
          3.47238593e-02,  -3.54493819e-02,   1.00973465e-01,
         -5.90083972e-02,  -8.42286646e-02],
       [ -3.08637172e-02,  -2.51696296e-02,  -1.84639636e-02,
          8.15152153e-02,  -4.34247665e-02,  -1.61455255e-02,
         -8.98204185e-03,   5.44022722e-03,   4.10605483e-02,
         -1.50429476e-02,   1.14481822e-02,  -2.24034172e-02,
          2.38055252e-02,   1.68779511e-02,  -3.67583595e-02,
         -4.00429294e-02,   7.44540710e-03,  -5.99819124e-02,
         -1.66525133e-02,  -2.55908817e-02],
       [  1.21777570e-02,   2.12615337e-02,   4.15158831e-02,
          4.81299907e-02,   7.00984672e-02,  -4.98541184e-02,
         -8.85978248e-03,   3.06141116e-02,  -4.97086309e-02,
          3.11388425e-03,   3.70590435e-03,   1.53972404e-02,
          2.29325462e-02,  -6.36967942e-02,   7.53501728e-02,
          2.30995044e-02,  -3.88710350e-02,  -3.90966721e-02,
         -2.48445827e-03,  -3.16264890e-02],
       [ -2.26159804e-02,  -1.47297150e-02,   7.79458508e-02,
          6.64055645e-02,   2.65698936e-02,   1.66573916e-02,
         -4.49344888e-02,  -5.48655279e-02,   6.86710179e-02,
         -3.98687571e-02,   3.98736820e-02,   1.78585332e-02,
          4.11610323e-04,   3.39023806e-02,  -7.67968176e-03,
         -1.87641650e-03,  -4.69463021e-02,  -3.42265926e-02,
          4.58103940e-02,   2.81005204e-02],
       [ -3.64877358e-02,  -3.36073712e-02,   2.91669704e-02,
          6.22628331e-02,   1.02764433e-02,  -6.14327863e-02,
          8.00688937e-03,  -1.77522001e-04,  -2.83665638e-02,
         -6.82528615e-02,  -6.56013489e-02,   1.28970239e-02,
          2.45808195e-02,   8.07521194e-02,  -1.01346197e-02,
          6.47237822e-02,  -2.74240468e-02,  -6.77169440e-03,
          6.88463170e-03,   2.21758392e-02],
       [  8.29205662e-03,  -5.50632272e-03,  -2.45749280e-02,
         -4.87173423e-02,   6.96629658e-02,   5.86278215e-02,
         -2.20162757e-02,   1.29370485e-02,   4.67033237e-02,
         -3.69996876e-02,   2.64437292e-02,  -5.52963614e-02,
         -5.29546700e-02,  -2.46257223e-02,   6.56220615e-02,
          2.21714610e-03,  -2.44517662e-02,  -1.28493309e-02,
         -7.22025856e-02,  -2.44980771e-02],
       [  6.33158311e-02,   2.05738209e-02,  -5.24930134e-02,
          6.57111332e-02,   2.76733972e-02,   1.47115309e-02,
         -5.11145853e-02,   7.71052018e-03,  -8.57317969e-02,
          9.61844251e-02,   4.63808849e-02,  -6.44360259e-02,
          9.57817435e-02,  -3.97184491e-02,  -3.04668285e-02,
         -7.27748126e-03,  -5.90261593e-02,  -1.91632453e-02,
         -3.26257832e-02,  -5.08487597e-02],
       [ -6.47770390e-02,   1.86903086e-02,  -6.86721597e-03,
          1.12452827e-01,   1.73031464e-02,  -1.48909334e-02,
          5.58242761e-02,  -2.53905505e-02,   3.86575386e-02,
         -9.44275334e-02,  -5.52767329e-02,   4.61709462e-02,
         -4.77599911e-02,  -5.32136858e-02,   3.50933895e-02,
          4.13573571e-02,  -2.81273630e-02,  -7.55806193e-02,
         -4.85961139e-02,   2.87348982e-02],
       [  4.38732244e-02,  -5.81352599e-02,  -3.75483297e-02,
          2.86105853e-02,   4.18589525e-02,  -7.59027153e-02,
         -4.36162017e-02,   5.37443645e-02,  -3.07583455e-02,
         -1.90181509e-02,  -7.07785017e-04,   6.66785240e-03,
          1.11255161e-01,   5.99882565e-02,   4.83550243e-02,
         -6.85949549e-02,   8.00428465e-02,   1.58650726e-02,
         -2.02393234e-02,   2.29570698e-02]], dtype=float32), array([ 0.,  0.,  0.,  0.,  0.,  0.,  0.,  0.,  0.,  0.,  0.,  0.,  0.,
        0.,  0.,  0.,  0.,  0.,  0.,  0.], dtype=float32)][array([[-0.00482946],
       [-0.04991713],
       [ 0.06239703],
       [ 0.07918634],
       [ 0.06446666],
       [-0.01691514],
       [-0.01769026],
       [-0.04163141],
       [-0.00014885],
       [ 0.02188634],
       [ 0.0115217 ],
       [ 0.0093888 ],
       [ 0.06755599],
       [ 0.04710002],
       [ 0.03951574],
       [-0.03091549],
       [-0.03306046],
       [-0.01573627],
       [-0.0901454 ],
       [-0.00086631]], dtype=float32), array([ 0.], dtype=float32)]