[array([[-0.03357196, -0.00406312, -0.02399954, -0.02430686,  0.02276269,
         0.08583164,  0.04312005, -0.0048384 , -0.00434485, -0.06327079,
        -0.04739269,  0.0299731 ,  0.02020756,  0.00631173,  0.05437911,
        -0.02799281, -0.0149628 , -0.02783944,  0.01672739, -0.06678562,
        -0.03738276, -0.02548174,  0.05227144,  0.04071431,  0.01715449,
        -0.00076568, -0.0066135 , -0.0022945 ,  0.02309113,  0.0247419 ,
        -0.05315446, -0.06100493,  0.01626228,  0.01203687, -0.09995034,
         0.07248555,  0.0022993 ,  0.01236617,  0.00645405,  0.00569135,
         0.0059355 , -0.02040194, -0.00174881, -0.12194713, -0.02525528,
         0.0685896 , -0.01974365,  0.05420188,  0.038939  , -0.03530374],
       [ 0.00482948,  0.01900827, -0.00691062,  0.02463259, -0.07512014,
         0.04542533,  0.04719593, -0.03605294, -0.00287877, -0.02457602,
        -0.02057293,  0.03973395,  0.03109696, -0.00643014,  0.02102279,
         0.00856908, -0.046     , -0.14453731, -0.00447872,  0.00589123,
         0.04872241,  0.04053136,  0.01003399,  0.05695082, -0.06217606,
        -0.00395375,  0.01964951, -0.03731422, -0.0153414 , -0.11152052,
        -0.05219206, -0.05732329, -0.06280041, -0.02459205, -0.09444675,
        -0.01211653,  0.0701761 , -0.01106784, -0.02839726, -0.01225645,
        -0.01458715,  0.06264127,  0.05826918,  0.03214438,  0.06058423,
        -0.09720572,  0.03448887,  0.00398192, -0.04363121,  0.00139567],
       [-0.02219537, -0.0877101 ,  0.0454041 , -0.03329909, -0.0706989 ,
         0.02661487, -0.0423762 , -0.0359241 ,  0.10425527,  0.06600937,
         0.11903187,  0.01150435,  0.01384127, -0.01091915,  0.05941794,
        -0.09124818,  0.05447235, -0.08349176,  0.02188586, -0.02543469,
        -0.00791471, -0.01629295, -0.06261526,  0.03640118, -0.06175194,
         0.11354434,  0.02901616,  0.02456058, -0.0798464 , -0.01990934,
         0.0397052 ,  0.02705151, -0.01987392,  0.03230454, -0.04948832,
         0.03024732, -0.09847038, -0.00122937,  0.01420669,  0.00371879,
        -0.03436468, -0.02304851, -0.03362332, -0.04295691,  0.00526628,
        -0.04249851, -0.00321612,  0.01608044, -0.03943587, -0.02761495],
       [ 0.06584804, -0.0464768 ,  0.0287467 , -0.08672304, -0.00931448,
         0.03145101,  0.09994575, -0.0114958 ,  0.14967945, -0.0283899 ,
         0.12293278,  0.00309449, -0.01315894,  0.04793551,  0.05756593,
        -0.03492131,  0.00885864,  0.05461359,  0.0767411 ,  0.01440595,
        -0.07794598,  0.04596954,  0.034924  ,  0.04306207, -0.04996085,
         0.04475378, -0.00292766,  0.03133947,  0.09875403,  0.01182276,
        -0.0151175 ,  0.03097353,  0.06593808, -0.05256147,  0.04275238,
         0.05230355,  0.06172439, -0.00560834,  0.10665762,  0.05099425,
        -0.06705403, -0.03271637, -0.04464794,  0.01719984,  0.07131073,
         0.02547648, -0.11480011,  0.02374325,  0.02327792, -0.06219683],
       [-0.04061214,  0.01632436,  0.00081076, -0.03284767, -0.00179906,
        -0.02321872,  0.0360288 , -0.05189341, -0.00722349, -0.01884903,
         0.01879881,  0.02309975, -0.04092555,  0.07819779,  0.02060105,
        -0.02288151, -0.07947513,  0.01059772,  0.01380119,  0.04963138,
         0.03004569,  0.05900899,  0.0883387 ,  0.01037162, -0.03599797,
         0.02722383, -0.03506811,  0.01658505, -0.01175626,  0.01962025,
         0.04627075,  0.01584285, -0.07485529, -0.04080869,  0.06604953,
         0.00402877,  0.04821693,  0.04821163,  0.00491806, -0.01682313,
         0.01580146, -0.03636837,  0.08499011,  0.03035564, -0.05599373,
        -0.00042488,  0.04940857,  0.01211263,  0.09154714,  0.04322971],
       [ 0.02334653,  0.04652844,  0.007688  , -0.02924921, -0.02677279,
        -0.02113627, -0.02446847,  0.03560248,  0.00676221, -0.00674108,
         0.08880007,  0.08065338, -0.08384915, -0.03369696,  0.01433071,
         0.03389456,  0.08771867, -0.03844223, -0.0161017 , -0.08810993,
         0.03189961, -0.10706601, -0.06046274, -0.09881969, -0.01680513,
        -0.08841437, -0.01420851,  0.0578813 ,  0.0133043 , -0.08779243,
         0.006356  ,  0.00286238,  0.02013416, -0.01864223,  0.08069428,
        -0.10470553, -0.07135903,  0.06919011, -0.06489181, -0.02618504,
         0.03182966,  0.04478317, -0.0425582 , -0.00989697, -0.08733711,
        -0.0122961 ,  0.04425254, -0.03662228, -0.00725494, -0.03626539],
       [ 0.01669799, -0.02154432, -0.00218004,  0.0803193 , -0.0395149 ,
         0.03127169, -0.06760047,  0.03595847, -0.03112305, -0.0260419 ,
         0.03397865,  0.05134121,  0.05363666, -0.07610242,  0.0809358 ,
         0.0643438 ,  0.12533645, -0.07908075, -0.0911123 , -0.04989048,
        -0.11215179, -0.00858459, -0.07954563, -0.03773343,  0.0372014 ,
         0.04182539, -0.01861067, -0.02667145, -0.06497239,  0.0300714 ,
        -0.03201973,  0.02639509, -0.08058403,  0.00099736,  0.0420915 ,
         0.03855211, -0.02879064, -0.02757523, -0.02624073,  0.00921218,
        -0.05147211, -0.00893341,  0.04513427, -0.10673679, -0.05009361,
         0.0184288 ,  0.06501178,  0.0210787 ,  0.03350486,  0.00674689],
       [-0.04214869, -0.04773281,  0.05004634, -0.00172938,  0.04788738,
         0.0249793 , -0.09392046,  0.02208412, -0.10548326, -0.05261971,
        -0.02643759,  0.05430565,  0.08990807,  0.03857047,  0.07227995,
        -0.0147022 ,  0.01343973,  0.01143719,  0.09828596,  0.00238427,
        -0.01235381,  0.01432677,  0.03907844, -0.04730331,  0.01631713,
         0.03948933,  0.01426303, -0.01988943, -0.0100068 ,  0.10790771,
         0.02142412,  0.04717278, -0.05568627, -0.01027408, -0.04013171,
        -0.02463226,  0.08045221, -0.0661897 , -0.02552168, -0.03267106,
        -0.03007249,  0.01668878, -0.1136279 , -0.00027354,  0.01709823,
        -0.00336679, -0.04079495,  0.05826536, -0.00821498, -0.04088392]], dtype=float32), array([ 0.,  0.,  0.,  0.,  0.,  0.,  0.,  0.,  0.,  0.,  0.,  0.,  0.,
        0.,  0.,  0.,  0.,  0.,  0.,  0.,  0.,  0.,  0.,  0.,  0.,  0.,
        0.,  0.,  0.,  0.,  0.,  0.,  0.,  0.,  0.,  0.,  0.,  0.,  0.,
        0.,  0.,  0.,  0.,  0.,  0.,  0.,  0.,  0.,  0.,  0.], dtype=float32)][array([[  6.76627532e-02,   1.03049725e-02,  -5.67585044e-02,
         -2.72942521e-02,   2.75131851e-03,   6.97100256e-03,
          3.23028192e-02,  -3.19258235e-02,   1.04867863e-02,
         -4.21339236e-02,  -9.20139179e-02,  -1.30480891e-02,
          2.86059808e-02,   6.78603491e-03,  -4.16389219e-02,
          3.16829830e-02,   1.15744462e-02,  -9.38040242e-02,
          1.03536643e-01,   1.38428127e-02],
       [  8.16432685e-02,  -6.34768680e-02,  -5.16908132e-02,
         -1.86650511e-02,  -2.99979299e-02,  -8.20263699e-02,
         -2.45129485e-02,  -3.45186889e-02,   7.14485794e-02,
          4.41516601e-02,   7.50030056e-02,  -3.35481800e-02,
          4.41465639e-02,   6.75472245e-02,  -2.85826344e-03,
         -3.13867666e-02,  -5.37198000e-02,  -4.64903601e-02,
          4.56474833e-02,   1.22161647e-02],
       [  5.07733636e-02,  -2.55093332e-02,   3.49751264e-02,
          1.04440443e-01,  -1.93613786e-02,   7.99806714e-02,
          1.44614251e-02,  -3.10320910e-02,   3.36853117e-02,
         -5.90171330e-02,  -1.18518151e-01,   5.30542694e-02,
          4.99847233e-02,  -4.32835035e-02,  -6.08504377e-02,
         -1.65400710e-02,   1.11136556e-01,  -8.13885555e-02,
         -8.74183550e-02,   3.64842191e-02],
       [ -6.72361180e-02,   2.47177295e-02,   7.48256668e-02,
         -2.06922982e-02,   6.22410141e-02,  -5.70975430e-02,
         -2.39151879e-03,   1.03502624e-01,   5.74765392e-02,
         -7.21107200e-02,   1.40600922e-02,  -3.61647718e-02,
         -4.27026264e-02,   4.33399826e-02,  -6.86887354e-02,
          4.58741002e-03,  -3.65780555e-02,  -3.47086526e-02,
         -4.68416791e-03,   1.40655208e-02],
       [ -2.83224117e-02,   3.95208271e-03,   5.30782416e-02,
          3.71727310e-02,   9.35842656e-03,   5.39991856e-02,
          8.04882944e-02,   2.97349063e-04,   1.90312769e-02,
         -2.12418288e-02,   2.04236899e-02,   1.14806108e-01,
          4.68805730e-02,   4.25195135e-02,  -1.24395050e-01,
          6.14791475e-02,   1.39806140e-03,   1.44854588e-02,
          7.53282234e-02,   4.79406565e-02],
       [ -1.55717405e-02,  -1.99148227e-02,  -4.89635281e-02,
         -8.49700943e-02,  -3.70771438e-02,  -2.47691553e-02,
         -6.94046393e-02,  -6.75506133e-04,   7.32697500e-03,
          6.15293272e-02,   1.13033717e-02,   2.54851971e-02,
         -4.18946408e-02,   1.41202305e-02,  -4.82330509e-02,
          3.92140560e-02,   1.17717078e-02,   8.96807201e-03,
          1.61089264e-02,  -4.43768948e-02],
       [ -2.81314887e-02,   5.90313934e-02,   1.32734952e-02,
          3.09086330e-02,  -8.23104903e-02,  -2.56734174e-02,
          1.10298254e-01,   5.80958743e-03,   6.36131093e-02,
          3.04349302e-03,  -8.41168240e-02,  -6.44852221e-02,
         -3.89804021e-02,   4.15242426e-02,  -4.80346344e-02,
          2.31618993e-02,  -6.51910296e-03,  -4.08086143e-02,
          2.21120613e-03,  -5.07546263e-03],
       [ -9.26345885e-02,  -3.00795734e-02,   2.88534164e-02,
          3.89592312e-02,  -6.59564957e-02,   5.10580353e-02,
         -5.28340600e-02,  -3.41415964e-03,   4.45152186e-02,
          8.22122395e-02,   5.56890341e-03,  -2.44929809e-02,
         -2.89701223e-02,  -5.72451353e-02,   3.14502977e-02,
         -1.94142535e-02,  -6.79553375e-02,   2.72389036e-03,
          2.05655373e-03,   5.65330759e-02],
       [  1.29801277e-02,   4.59093712e-02,   3.94593738e-02,
         -2.58878525e-02,  -6.03324957e-02,  -8.71973336e-02,
          3.57865877e-02,  -7.76612386e-03,  -6.04287460e-02,
          4.61142622e-02,   1.47450849e-01,  -5.22941761e-02,
         -1.44223711e-02,   2.38616895e-02,   1.08012475e-01,
          9.91745815e-02,  -2.91304360e-03,  -2.62285564e-02,
          3.60245071e-02,  -7.19501972e-02],
       [ -5.93502335e-02,  -7.91012775e-03,  -1.37498021e-01,
         -3.88433714e-03,  -9.21023488e-02,   4.37175855e-02,
          1.65567808e-02,  -5.34614325e-02,   1.95266064e-02,
          3.02408612e-03,  -6.68945387e-02,   2.64107492e-02,
          4.59365360e-02,  -4.00777012e-02,  -7.32075796e-02,
          5.28198741e-02,   3.67913507e-02,   1.46313533e-02,
         -4.15900871e-02,   1.65867843e-02],
       [ -3.41468165e-03,  -2.12687831e-02,   4.66800667e-02,
         -2.89350878e-02,  -8.73011872e-02,   2.22146567e-02,
         -2.39388179e-02,  -5.05533908e-03,   1.52413314e-02,
         -2.00011730e-02,   9.41789001e-02,  -5.65672107e-02,
         -1.37784900e-02,   4.62075397e-02,  -7.61200488e-02,
         -5.25084026e-02,  -2.64618243e-03,   3.35450359e-02,
         -1.67277865e-02,  -3.97838727e-02],
       [ -7.41396844e-03,  -4.46087010e-02,  -2.66313832e-02,
         -5.55268712e-02,   8.36706609e-02,   1.09404288e-01,
         -3.16090994e-02,   1.43350875e-02,  -1.58497002e-02,
         -6.56796619e-03,  -2.73275916e-02,  -5.78575023e-02,
          9.03818663e-03,  -7.60864541e-02,  -1.29701465e-01,
          4.88386815e-03,  -2.68869251e-02,  -1.55375302e-02,
         -9.51976702e-02,  -2.54543475e-03],
       [ -4.62911539e-02,  -8.12396966e-03,  -6.97406381e-02,
          4.97749411e-02,   5.16857877e-02,   3.67670357e-02,
          1.34239569e-02,   4.49867509e-02,  -9.21165645e-02,
          1.89803559e-02,  -2.50150748e-02,  -3.70790772e-02,
         -6.05883300e-02,  -7.47818127e-03,   1.56604555e-02,
         -5.56506813e-02,  -8.71634204e-03,   5.00571989e-02,
         -1.30687207e-02,  -5.01784869e-02],
       [ -9.97112691e-03,  -7.27444608e-03,  -1.06853740e-02,
          3.08237206e-02,  -1.32136960e-02,   3.79769430e-02,
          1.34656159e-02,  -6.95771128e-02,  -1.65238942e-03,
         -8.65851622e-03,   4.68957387e-02,   5.83534949e-02,
         -9.15629715e-02,  -3.73115949e-02,   2.49717236e-02,
         -2.85484921e-02,  -2.81209331e-02,   1.06651185e-03,
         -2.33931001e-02,   1.53587302e-02],
       [  2.02828180e-02,  -4.60647531e-02,  -6.82178214e-02,
          1.30143587e-03,  -4.44464646e-02,  -6.34503597e-03,
          1.17807966e-02,  -8.34417567e-02,   3.13251391e-02,
          7.28602037e-02,  -4.87732999e-02,   2.60942429e-02,
          3.60984132e-02,   2.64240516e-05,  -3.33040208e-02,
          2.47795638e-02,   4.02291678e-02,   6.46202192e-02,
          4.90538590e-03,  -5.31983376e-02],
       [ -3.38679068e-02,  -2.76269373e-02,   2.48292163e-02,
         -5.06985188e-02,   8.19539055e-02,  -1.03504099e-01,
          3.05957943e-02,   2.68128105e-02,  -5.95537126e-02,
          1.57702714e-02,  -6.01571612e-02,   4.47663525e-03,
          2.19905451e-02,  -1.77497342e-02,  -4.21182485e-03,
         -2.25955918e-02,  -2.44215932e-02,  -2.09375750e-02,
         -2.30311844e-02,  -5.19093759e-02],
       [ -2.27059312e-02,  -1.59204248e-02,   6.14358746e-02,
          5.83673306e-02,  -7.25499094e-02,   2.74835713e-02,
          1.35676959e-03,   8.90151039e-02,   2.19607856e-02,
          1.84224267e-03,   1.52399307e-02,   2.43852232e-02,
         -3.46495323e-02,  -8.64710584e-02,   3.63151319e-02,
          1.25477584e-02,   1.41689777e-02,  -2.75902394e-02,
         -1.38442917e-02,   1.86734204e-03],
       [ -1.87150072e-02,   1.83240008e-02,   3.99336293e-02,
          4.15972285e-02,  -9.05373693e-03,  -7.07946345e-02,
         -3.51810642e-03,  -2.54717078e-02,   9.15373936e-02,
          5.70304766e-02,   5.30365482e-02,   1.57880913e-02,
         -5.87680452e-02,   6.50849789e-02,  -6.51424825e-02,
         -3.38124298e-02,  -7.92103484e-02,   8.52421597e-02,
          1.06385108e-02,   5.06383181e-02],
       [  1.35893375e-02,   2.71626748e-02,   1.49661852e-02,
         -1.47096463e-03,   4.51876335e-02,   4.04469445e-02,
          3.93079929e-02,  -8.42823647e-03,   5.94434105e-02,
         -3.09698377e-03,  -7.93656483e-02,  -3.82371549e-03,
          6.60317987e-02,  -4.67458330e-02,  -8.39647129e-02,
         -4.84355800e-02,  -3.81450094e-02,  -7.29396800e-03,
          5.66319115e-02,   4.39477190e-02],
       [  4.02889140e-02,  -1.36766568e-01,  -3.92055605e-03,
         -6.92504644e-02,   1.63614936e-02,  -5.85594168e-03,
          1.75134148e-02,   9.36141089e-02,  -4.68846895e-02,
         -3.74119240e-03,   1.30343154e-01,   1.95757151e-02,
         -3.03742327e-02,   9.77450311e-02,   6.93628415e-02,
          3.74047421e-02,  -7.02919811e-03,  -6.48421515e-03,
         -1.20652001e-02,  -6.90249843e-04],
       [  3.58451791e-02,  -6.35910556e-02,   4.46286285e-03,
          7.04402197e-03,   1.01569906e-01,  -7.44633086e-04,
          7.81101873e-03,  -9.98430848e-02,  -1.76862236e-02,
          1.32428212e-02,  -2.48068031e-02,   1.60306301e-02,
         -8.27356949e-02,   5.07000349e-02,   6.32474339e-03,
          1.00290757e-02,  -5.36973253e-02,  -2.01446954e-02,
         -8.83683935e-02,  -1.73937064e-02],
       [ -4.89279144e-02,   1.40064195e-01,  -9.05929040e-03,
         -3.83321545e-04,  -5.07315099e-02,   6.86666146e-02,
          2.76653767e-02,  -8.32802802e-02,  -1.34623259e-01,
         -1.41239781e-02,  -5.91045208e-02,  -6.19806424e-02,
         -1.70219894e-02,  -1.05636939e-03,  -1.15221657e-01,
         -5.28642908e-02,   4.44136634e-02,  -5.20258807e-02,
          8.92971978e-02,   6.29871413e-02],
       [ -2.79528443e-02,   2.74092257e-02,  -5.18326759e-02,
          3.25814039e-02,   9.39675793e-02,  -6.89168125e-02,
          4.73046489e-02,   4.30532992e-02,   2.03654654e-02,
         -7.74209807e-03,   2.89176442e-02,   5.21006621e-03,
         -4.83590104e-02,   1.12045808e-02,  -6.41136384e-03,
         -1.74889248e-02,   1.31896874e-02,  -4.15613279e-02,
         -7.31824338e-02,  -7.79917836e-02],
       [  5.52153066e-02,  -3.63583826e-02,  -1.57200634e-01,
         -9.80991754e-04,   4.08552866e-03,   9.67488512e-02,
         -4.22368720e-02,   2.67199315e-02,   2.16843914e-02,
         -4.52397354e-02,  -1.89432576e-02,  -5.10319462e-03,
         -5.44934273e-02,   8.66726786e-02,   2.63853576e-02,
          7.19923005e-02,   4.62545939e-02,   4.62290980e-02,
          8.82968958e-03,   1.64426919e-02],
       [ -4.91469316e-02,  -5.51159568e-02,   2.21493505e-02,
         -2.05502901e-02,   3.97337303e-02,   5.60145155e-02,
         -4.40101288e-02,   4.45110053e-02,  -5.38898520e-02,
         -1.87113918e-02,  -3.19371419e-03,  -2.82797944e-02,
         -3.83904353e-02,   5.89747541e-02,  -4.57853787e-02,
          5.29701374e-02,   9.73171555e-03,   1.11412248e-02,
         -9.08394158e-02,  -5.87146692e-02],
       [ -6.52203662e-03,  -6.47552088e-02,  -3.90629424e-03,
          2.97738742e-02,  -3.64603214e-02,  -1.09246252e-02,
          2.12874413e-02,   1.21158518e-01,   1.21280027e-03,
          9.48711559e-02,  -1.00699463e-03,   4.52870093e-02,
         -4.60144542e-02,   2.74546947e-02,  -4.73177917e-02,
         -1.57514624e-02,  -7.11861823e-04,   6.06327355e-02,
         -1.41840829e-02,   4.99709956e-02],
       [  7.03586265e-02,  -2.12159529e-02,   9.92737114e-02,
          1.23816051e-01,   6.87436247e-03,   6.07694825e-03,
         -3.27404141e-02,  -4.13486026e-02,  -1.68427993e-02,
          1.24600176e-02,   3.11223418e-02,  -6.92177340e-02,
         -1.35085106e-01,  -5.22767678e-02,   8.11441988e-02,
         -6.07675388e-02,   1.27703836e-02,   8.46427213e-03,
         -1.59014890e-03,   3.90792340e-02],
       [  5.82811348e-02,   3.81333008e-02,   5.16554192e-02,
          9.31002479e-03,  -3.67727019e-02,  -2.65688039e-02,
          4.98982742e-02,   2.95779109e-03,   2.02087983e-02,
          4.75840876e-03,  -2.03411561e-03,   4.07910673e-03,
          3.49809825e-02,   6.07602559e-02,   2.92965081e-02,
         -2.87791491e-02,   6.70975223e-02,  -4.76231938e-03,
          4.64018472e-02,  -2.74641197e-02],
       [  1.12935882e-02,   3.36766988e-02,  -6.71909889e-03,
          8.40338133e-03,   8.31477270e-02,   7.00511560e-02,
         -8.55951086e-02,  -8.73992126e-03,   5.68807079e-03,
          1.92843396e-02,   6.06848970e-02,   4.37133713e-03,
          3.17900889e-02,  -3.70234661e-02,  -6.87648878e-02,
         -8.46366957e-02,   3.29456143e-02,  -1.59833021e-02,
          5.89566771e-03,  -6.60385787e-02],
       [ -1.21622123e-01,   8.04351792e-02,   2.93740886e-04,
         -6.46945031e-04,  -2.65663154e-02,  -1.09904753e-02,
         -3.53868045e-02,  -4.80302721e-02,   4.02805097e-02,
          7.05166906e-03,  -3.81663367e-02,  -2.77617481e-02,
         -7.15908185e-02,   1.30987931e-02,  -9.60151316e-04,
         -1.00591183e-01,   5.63510060e-02,   2.26918305e-03,
         -3.71312955e-03,   1.25620320e-01],
       [  7.60868713e-02,  -4.17431584e-03,  -2.78399084e-02,
         -2.54906751e-02,  -8.24834928e-02,   4.90302686e-03,
          6.54806569e-02,  -1.39883775e-02,   1.33378789e-01,
          3.80986594e-02,   4.89982730e-03,  -5.31835444e-02,
         -8.22969303e-02,  -1.03441216e-01,  -6.24497235e-02,
          1.53216049e-02,  -3.33382897e-02,   5.56953810e-02,
          3.54209319e-02,   4.34835143e-02],
       [  5.20009696e-02,  -1.76471956e-02,   2.94497665e-02,
         -4.80992272e-02,  -1.70344189e-02,  -6.99043423e-02,
          8.80122259e-02,  -6.75489530e-02,   2.09159385e-02,
          4.28350680e-02,  -1.01780314e-02,   4.37125787e-02,
         -1.91905219e-02,  -2.03219224e-02,   4.57269652e-03,
         -6.31366894e-02,   9.26910341e-03,  -6.31106738e-03,
         -5.94810629e-03,   1.01805627e-01],
       [ -1.97763331e-02,  -9.42419991e-02,  -1.23673551e-01,
          2.73638070e-02,   1.65339038e-02,   3.05720512e-02,
          1.02263942e-01,  -3.71882617e-02,   6.34216964e-02,
         -6.00487255e-02,   1.16202105e-02,  -2.63309665e-02,
         -8.46355781e-02,   7.27961510e-02,  -5.05598672e-02,
         -3.88077162e-02,   2.31211030e-04,   1.64146014e-02,
          1.23972399e-02,  -1.09001197e-01],
       [  9.37372819e-03,  -7.31641427e-03,  -3.40203345e-02,
         -4.64025736e-02,   2.37345975e-02,   1.24272466e-01,
         -6.27056584e-02,  -2.94812806e-02,   6.40161261e-02,
         -8.98379553e-03,  -3.56860757e-02,   5.92960976e-02,
         -5.64339720e-02,  -8.25356971e-03,  -3.03377640e-02,
          2.58632060e-02,  -6.21989071e-02,   9.67491325e-03,
          6.35322481e-02,   7.04736859e-02],
       [  8.88778195e-02,   3.64374071e-02,   1.42501090e-02,
         -1.57635752e-02,   7.41215423e-03,  -4.67751883e-02,
          1.03576807e-02,   2.26483848e-02,  -1.21107430e-03,
         -8.87466874e-03,   1.03281334e-01,   6.69064298e-02,
          1.35010621e-02,   1.64723396e-02,  -1.40956491e-01,
          2.43872106e-02,   1.74320396e-02,  -8.84731580e-03,
          4.97386651e-03,   4.10603508e-02],
       [  1.35268262e-02,  -6.83102086e-02,   6.03831187e-02,
          5.32689057e-02,  -1.02745825e-02,  -7.46974489e-03,
         -9.41194445e-02,   4.59719747e-02,  -2.30654236e-02,
          1.36486236e-02,  -2.61241887e-02,   2.81422324e-02,
          5.21258218e-03,  -1.66519657e-02,  -4.60719578e-02,
          4.88167666e-02,  -2.95455586e-02,   4.84568030e-02,
          5.59062026e-02,   8.60145837e-02],
       [  4.89531755e-02,  -6.67664334e-02,   3.56914774e-02,
          8.52482021e-02,   3.88973840e-02,  -1.50460958e-01,
         -6.85040504e-02,  -4.20167856e-02,  -4.93257344e-02,
          3.22579290e-03,  -6.31055534e-02,   1.28607629e-02,
         -9.05092731e-02,   1.05044608e-04,  -4.38564382e-02,
          8.60328376e-02,   3.21406312e-02,   5.19775450e-02,
          3.44318599e-02,   7.80278221e-02],
       [  2.48481371e-02,   1.03022330e-01,   6.35479316e-02,
         -2.33120676e-02,   8.44875872e-02,   2.51007769e-02,
         -8.39484055e-05,  -1.79286171e-02,   4.13288325e-02,
         -6.20568683e-03,  -3.03734699e-03,  -1.01093447e-03,
         -5.21999896e-02,   2.55256947e-02,  -4.97516207e-02,
          1.03362285e-01,   1.30206272e-01,   1.32273464e-02,
         -1.17340662e-01,  -2.02357676e-02],
       [  2.08492260e-02,   3.55093144e-02,  -2.50607133e-02,
         -4.89517972e-02,   1.94353312e-02,  -9.47614312e-02,
         -5.61700650e-02,  -1.10942304e-01,   5.91976121e-02,
         -9.73561332e-02,  -4.44120243e-02,  -8.14233199e-02,
         -4.62484173e-02,  -1.02331631e-01,   7.81854019e-02,
          4.69755009e-02,  -8.25173110e-02,   1.99630577e-02,
         -3.22590843e-02,   4.14665043e-03],
       [  7.11556012e-03,  -3.00280955e-02,  -6.21666983e-02,
         -1.25377169e-02,  -4.03892323e-02,  -1.15226306e-01,
         -2.26232894e-02,  -5.90586253e-02,  -2.49777385e-03,
         -8.00573081e-02,   4.12918217e-02,   3.10923252e-02,
         -2.50663310e-02,  -1.17398977e-01,  -1.00822551e-02,
          6.30969629e-02,  -2.62639951e-02,  -3.98157649e-02,
          4.22223844e-02,  -1.19002499e-02],
       [  5.51298587e-03,  -6.01052456e-02,  -2.89721992e-02,
         -6.61592633e-02,  -3.26649807e-02,   4.06368785e-02,
         -3.25582884e-02,  -1.53806200e-02,  -3.10939010e-02,
         -5.35587966e-03,   9.53852851e-03,  -7.78860077e-02,
          1.82314578e-03,   3.39633748e-02,   5.70519529e-02,
          9.36566480e-03,  -5.40025793e-02,  -6.16496280e-02,
          9.63702127e-02,  -6.36672303e-02],
       [  2.50002351e-02,  -3.11341789e-02,  -5.53264916e-02,
         -9.94754732e-02,  -8.61537457e-02,   3.30092758e-02,
         -1.74876563e-02,  -2.46167649e-02,   2.88485941e-02,
          4.08689938e-02,   1.18539138e-02,   2.77725440e-02,
         -7.54034379e-03,   4.73211594e-02,  -1.87094938e-02,
          1.15889065e-01,   3.78528647e-02,  -5.56455087e-03,
          4.81151305e-02,   2.90505178e-02],
       [  4.49649757e-03,  -7.22046643e-02,  -5.21931238e-02,
          2.94180512e-02,  -2.52855178e-02,  -2.34524067e-02,
         -3.89634483e-02,  -1.83311757e-02,   2.77338810e-02,
         -7.96624944e-02,   1.09540164e-01,  -6.10398536e-04,
         -9.90636870e-02,   4.78743529e-03,  -7.57929981e-02,
         -1.03693351e-03,  -1.77848118e-03,   2.91697960e-02,
          3.52771692e-02,   3.15883569e-02],
       [ -1.62428282e-02,  -1.72993038e-02,   3.37067656e-02,
         -4.21312340e-02,  -1.21756233e-02,  -7.53970742e-02,
          9.40833315e-02,  -5.55221029e-02,   1.02619782e-01,
          8.76857247e-03,  -1.26262233e-02,   7.84538407e-03,
         -5.85827604e-02,   1.65951159e-02,   3.02455369e-02,
          2.94192182e-03,   2.09144913e-02,  -1.74210202e-02,
         -2.53243949e-02,  -3.63987461e-02],
       [  3.77169698e-02,   4.49891575e-02,   1.51562337e-02,
         -2.07849480e-02,  -4.82051708e-02,  -4.98956218e-02,
          3.01571023e-02,   7.06936643e-02,  -6.79131318e-03,
          1.91034731e-02,  -1.88393630e-02,   2.35816594e-02,
         -2.77980100e-02,   3.51074785e-02,   2.53544212e-03,
         -1.13477707e-01,  -2.27793641e-02,   2.26226896e-02,
          5.68612013e-03,   2.29911748e-02],
       [  4.14674245e-02,   3.93695682e-02,  -6.64638076e-03,
         -1.19252903e-02,  -6.21767296e-03,  -1.23914247e-02,
          5.02852090e-02,  -2.86194384e-02,  -1.84441432e-02,
         -8.57816041e-02,   1.60911996e-02,  -6.71240035e-03,
          2.63899509e-02,   1.58773083e-02,  -7.00655505e-02,
         -2.16951780e-03,   4.12661731e-02,  -1.05564691e-01,
          4.61988635e-02,   2.77794991e-02],
       [ -3.57852019e-02,  -7.28502497e-02,   7.33299479e-02,
          8.28924552e-02,   2.90922616e-02,   3.23298685e-02,
         -3.87318991e-02,  -5.57455122e-02,  -2.30128486e-02,
          5.72535805e-02,   7.13156313e-02,  -5.14659584e-02,
          2.73783002e-02,   1.08431894e-02,   1.09578660e-02,
          1.42819260e-03,   8.40242505e-02,  -5.96100688e-02,
          1.84382126e-02,   8.17797706e-02],
       [ -9.22422633e-02,   1.52819008e-02,  -9.99885984e-03,
          8.66141692e-02,  -4.50490564e-02,  -2.36375257e-02,
          6.81689009e-02,   9.00373235e-02,   1.44435335e-02,
          4.36674654e-02,   2.81951223e-02,  -1.94003414e-02,
         -3.23757418e-02,   3.55068222e-02,  -2.80533191e-02,
          4.06300426e-02,  -8.13253224e-02,  -3.79806273e-02,
          1.09486394e-01,  -2.60373857e-02],
       [  4.69675474e-03,  -1.78667493e-02,  -1.19780423e-02,
          1.17655195e-01,  -6.30751699e-02,   3.30018625e-02,
         -5.18910848e-02,  -8.77232570e-03,   7.79147213e-03,
         -3.64950262e-02,  -4.08372320e-02,  -3.76726091e-02,
          6.78475946e-02,  -7.16394708e-02,  -2.26982664e-02,
          1.82841800e-03,   1.20399445e-02,   8.97190496e-02,
         -1.07607678e-01,  -3.48512046e-02],
       [  2.41298974e-02,  -9.59444270e-02,  -2.13714559e-02,
         -1.09260909e-01,   5.78125007e-02,   1.70672610e-02,
         -6.36531860e-02,  -4.56823967e-02,   9.54825711e-03,
          2.39542332e-02,   1.63911711e-02,   8.06774385e-03,
          3.86482403e-02,   5.74793778e-02,  -8.33491143e-03,
          5.36311083e-02,   4.58057933e-02,  -6.05620118e-03,
          2.77335532e-02,   3.71562620e-03]], dtype=float32), array([ 0.,  0.,  0.,  0.,  0.,  0.,  0.,  0.,  0.,  0.,  0.,  0.,  0.,
        0.,  0.,  0.,  0.,  0.,  0.,  0.], dtype=float32)][array([[-0.00236619],
       [ 0.10362728],
       [ 0.00683727],
       [ 0.067431  ],
       [ 0.0159866 ],
       [-0.05122223],
       [-0.07397442],
       [-0.07123826],
       [ 0.05359067],
       [-0.05038266],
       [-0.04761217],
       [-0.00037459],
       [ 0.04575593],
       [ 0.08778485],
       [ 0.00428923],
       [ 0.03162424],
       [ 0.05517601],
       [ 0.0484141 ],
       [ 0.01885085],
       [-0.01668382]], dtype=float32), array([ 0.], dtype=float32)]