[array([[  3.28622051e-02,   1.90450170e-04,   5.87821789e-02,
          3.09370994e-03,  -1.27937002e-02,  -2.17829216e-02,
         -5.73307164e-02,   7.99836870e-03,   2.70473994e-02,
          7.77313625e-03,  -1.83657219e-03,  -6.97382838e-02,
         -2.71844249e-02,   1.09562119e-02,  -5.17356656e-02,
          4.07420192e-03,   2.58678533e-02,   3.86256352e-02,
          1.04194945e-02,  -3.22932154e-02,   8.00426956e-03,
         -5.67439869e-02,   8.05833265e-02,  -5.81062995e-02,
         -3.29256244e-03,   2.21662503e-02,   5.24095781e-02,
         -6.10502064e-02,  -6.41185418e-02,  -6.72205091e-02,
         -5.28960302e-02,  -1.18311320e-03,  -3.78382653e-02,
         -5.23434877e-02,  -1.98892113e-02,  -5.33119850e-02,
          3.20946835e-02,   4.02665958e-02,   5.17557077e-02,
          5.54158958e-03,  -8.78259838e-02,   7.82591030e-02,
         -8.88003502e-03,  -3.65679823e-02,   3.07089686e-02,
         -6.57322258e-02,  -1.91794580e-03,  -2.65529137e-02,
         -5.50355688e-02,   1.88217796e-02],
       [ -7.43986890e-02,   2.20000427e-02,   4.31500152e-02,
         -4.61018346e-02,   5.66497445e-03,   3.78920101e-02,
         -3.62006552e-03,   3.32438238e-02,  -4.83592711e-02,
         -8.88889554e-05,   4.04433860e-03,  -2.24694647e-02,
         -5.96874617e-02,   3.80994640e-02,  -5.48417568e-02,
          3.59647945e-02,   2.57822704e-02,  -6.01174608e-02,
         -2.74595767e-02,   4.69741924e-03,  -3.86420488e-02,
          7.81859681e-02,   3.07620261e-02,   1.90916415e-02,
          1.67282876e-02,   7.79704144e-03,   4.03568447e-02,
          5.93952602e-03,   9.13512241e-03,  -2.31979266e-02,
         -4.71841311e-03,  -7.54122734e-02,  -3.10789980e-02,
          9.95361153e-03,   1.71237346e-03,  -3.26535888e-02,
         -3.28158140e-02,  -6.98869070e-03,  -1.03228770e-01,
         -3.60048227e-02,   7.77190644e-03,   4.23742868e-02,
         -1.09858764e-03,  -3.88485938e-02,   5.30126803e-02,
          8.02577939e-03,  -4.28093923e-03,  -1.05228294e-02,
          4.72098738e-02,   5.44629879e-02],
       [  4.49755974e-02,  -1.50488736e-02,   2.25452762e-02,
         -7.44027346e-02,  -3.90405878e-02,  -5.49210906e-02,
          1.09411571e-02,   1.96373439e-03,  -1.34574268e-02,
          3.34419124e-02,  -3.61175835e-02,  -6.15074597e-02,
         -8.59397929e-04,   1.84785929e-02,  -2.84284558e-02,
         -4.48552445e-02,   1.64396353e-02,   8.48251060e-02,
         -5.99514656e-02,  -1.93320364e-02,   8.01013336e-02,
         -5.18607199e-02,  -4.41042744e-02,  -9.60786417e-02,
         -2.39379015e-02,  -3.21181561e-03,   1.05296439e-02,
          1.17879640e-02,  -3.12110782e-02,  -3.92828621e-02,
         -6.44502938e-02,  -2.75657000e-03,  -5.57458885e-02,
         -8.45910087e-02,  -1.63199694e-03,  -3.38261537e-02,
          4.29832675e-02,  -4.22117207e-03,   3.51267792e-02,
         -2.14366298e-02,   2.66318349e-03,   2.36353055e-02,
         -2.91104447e-02,   2.94989478e-02,  -4.74121235e-03,
         -5.76443747e-02,  -1.20040379e-01,  -6.63391277e-02,
          9.20240209e-03,  -1.32837286e-02],
       [  6.72931075e-02,   4.22254540e-02,   4.65686107e-03,
         -1.23361247e-02,  -5.34249619e-02,   6.60232976e-02,
          1.84743498e-02,  -3.08979694e-02,  -9.78203025e-04,
          2.20088903e-02,   5.31883352e-02,  -4.07645218e-02,
         -4.30483297e-02,   1.25248684e-02,   4.67364453e-02,
          1.88848432e-02,   4.22261946e-04,  -4.97644544e-02,
          4.13823454e-03,   8.24453458e-02,   7.06224889e-02,
          2.46424470e-02,   8.19671676e-02,   5.05563585e-05,
         -1.75314490e-03,   4.68352996e-02,   6.71442552e-03,
          2.19806116e-02,   3.14000510e-02,  -3.56494705e-03,
          7.40582794e-02,  -7.07514137e-02,  -1.31067306e-01,
         -2.33485550e-02,   2.90433802e-02,   3.49523015e-02,
          6.02860041e-02,   3.45861726e-02,  -4.47737388e-02,
          3.44167762e-02,  -7.90469255e-03,   2.64802319e-03,
          6.71447664e-02,   3.62943821e-02,  -3.09910160e-03,
          4.82280776e-02,  -2.67916848e-03,  -1.31454980e-02,
         -1.59942135e-02,  -5.59612326e-02],
       [  2.87467595e-02,   2.93218326e-02,   3.76628935e-02,
          2.47017238e-02,   7.35601550e-03,   4.72292043e-02,
          4.19586860e-02,  -4.18073647e-02,   3.31928059e-02,
         -4.37975824e-02,   3.01789790e-02,  -6.91945199e-03,
         -2.73295734e-02,  -2.07209066e-02,  -3.85027342e-02,
         -2.85807047e-02,   1.42867165e-02,   6.95687672e-03,
         -5.03957346e-02,   1.22113395e-02,  -5.08166151e-03,
         -2.82114744e-02,  -2.78177746e-02,  -2.15936955e-02,
          2.28768717e-02,  -7.48053659e-03,  -1.08254693e-01,
         -9.73268598e-03,  -3.86298751e-04,  -2.10804958e-02,
         -1.25274703e-01,   1.87291612e-03,   1.26164434e-02,
         -2.11886019e-02,   1.78361870e-02,   3.77558218e-03,
         -1.33118946e-02,   7.77540207e-02,   3.89058813e-02,
          3.09563968e-02,   1.28163816e-02,  -9.84957889e-02,
          1.63600799e-02,   9.30158719e-02,   1.65086277e-02,
         -5.42660542e-02,  -4.21476439e-02,  -4.66343611e-02,
          4.18518260e-02,  -7.61449395e-04],
       [  5.89222312e-02,   2.31054891e-03,  -3.90770845e-02,
         -3.28206383e-02,   2.61082593e-02,  -1.36582507e-02,
         -6.19598888e-02,   4.99091297e-02,  -4.82789017e-02,
         -1.72237288e-02,   1.88742895e-02,   7.33955279e-02,
         -3.79395708e-02,   1.99521314e-02,  -1.62460711e-02,
         -7.14081526e-02,  -7.46676838e-03,  -3.36835207e-03,
          1.90047082e-02,   6.42586872e-02,   4.02898788e-02,
          1.99915306e-03,  -2.62937378e-02,   1.29336165e-02,
         -1.33254966e-02,   8.60671327e-02,  -3.82031761e-02,
         -9.71474126e-02,  -9.42692682e-02,   3.96999530e-03,
          2.54393425e-02,   8.92672222e-03,  -6.76607788e-02,
          2.92900391e-02,  -8.79846066e-02,   1.70451161e-02,
         -5.18866070e-02,  -8.27683136e-03,   3.67793329e-02,
          6.83366135e-02,   1.06428377e-01,   9.99149904e-02,
         -5.02681918e-02,  -6.86034411e-02,   1.07492907e-02,
         -2.64771585e-03,  -1.74077731e-02,  -5.04806936e-02,
         -5.15096262e-02,  -3.02111488e-02],
       [  8.43428075e-02,   4.68000285e-02,   1.29585369e-02,
          4.43608575e-02,  -8.57928395e-03,   5.13053015e-02,
          3.48009616e-02,  -1.81103144e-02,  -5.93104167e-03,
         -6.71918839e-02,  -8.07239395e-03,   2.39889435e-02,
         -9.33851302e-02,  -2.42043193e-02,  -3.20991874e-02,
         -6.85621500e-02,   2.74124686e-02,   4.57684956e-02,
          9.53814834e-02,   2.66680936e-03,  -4.44267914e-02,
         -2.25801468e-02,   1.33313552e-01,   5.28647788e-02,
         -4.06597229e-03,  -2.95710061e-02,   4.96467482e-03,
          1.15893625e-01,  -9.29541141e-02,  -1.05727753e-02,
          6.07899316e-02,  -5.97956553e-02,  -9.96841677e-03,
          4.49431799e-02,   3.94012732e-03,   8.46590698e-02,
          1.04633626e-02,  -2.12298818e-02,  -7.99994078e-03,
          1.91405676e-02,  -4.05651256e-02,  -3.37030105e-02,
          2.68902574e-02,   6.03070147e-02,  -1.19626801e-02,
          3.39949653e-02,  -2.97093000e-02,  -5.59688769e-02,
         -5.19131906e-02,   3.04772742e-02],
       [  8.67412686e-02,  -3.06700710e-02,  -4.35856124e-03,
         -8.02145526e-02,  -6.28069490e-02,  -3.35052386e-02,
          2.70245480e-03,  -1.09265268e-01,  -1.44161275e-02,
         -3.89447697e-02,  -5.53721786e-02,  -4.27397899e-02,
         -6.45473739e-03,   6.91458732e-02,  -1.30666539e-01,
         -1.59830395e-02,  -1.26868352e-01,  -2.38604401e-03,
          3.01649012e-02,  -4.97422591e-02,   5.76263070e-02,
          2.71122251e-02,   5.51992320e-02,   2.72002909e-02,
         -1.14178681e-03,  -5.23331575e-02,  -1.51523082e-02,
         -7.25344643e-02,  -4.70183156e-02,   3.67282890e-02,
          4.47675623e-02,   1.52631611e-01,   3.73570970e-03,
          8.89217257e-02,  -2.11125985e-02,  -2.32699066e-02,
          8.17465112e-02,   2.88077984e-02,  -1.73206236e-02,
         -4.47185189e-02,  -6.50978610e-02,   5.41924313e-02,
         -4.58523259e-02,   4.12178524e-02,  -5.84347025e-02,
          1.07579462e-01,   4.78026420e-02,   1.57873274e-03,
          2.65131183e-02,   3.09963059e-02]], dtype=float32), array([ 0.,  0.,  0.,  0.,  0.,  0.,  0.,  0.,  0.,  0.,  0.,  0.,  0.,
        0.,  0.,  0.,  0.,  0.,  0.,  0.,  0.,  0.,  0.,  0.,  0.,  0.,
        0.,  0.,  0.,  0.,  0.,  0.,  0.,  0.,  0.,  0.,  0.,  0.,  0.,
        0.,  0.,  0.,  0.,  0.,  0.,  0.,  0.,  0.,  0.,  0.], dtype=float32)][array([[  7.60180876e-02,  -3.47557329e-02,   6.65690824e-02,
          8.34445953e-02,  -7.72223994e-02,  -2.66244113e-02,
          6.64822087e-02,  -5.03487699e-02,  -8.80611315e-02,
         -2.32115369e-02,   6.13307441e-03,   2.36359220e-02,
         -6.53445581e-03,  -4.20146137e-02,   8.28848705e-02,
          1.22296549e-01,   8.82462636e-02,  -3.20595019e-02,
         -1.84929799e-02,   1.16088942e-01],
       [  9.92413028e-04,  -4.01130579e-02,   1.12461485e-02,
         -3.53833549e-02,   5.62050045e-02,  -2.11923271e-02,
          5.31176999e-02,   1.12329898e-02,   5.44027388e-02,
         -4.00039740e-02,   2.60506701e-02,  -5.58066666e-02,
          1.25272378e-01,  -1.18723951e-01,   5.98347262e-02,
          5.75532988e-02,   7.20191747e-02,   1.63745822e-03,
         -7.52986893e-02,   5.47000021e-03],
       [ -6.15882054e-02,   6.53558895e-02,   4.70478199e-07,
          7.96092749e-02,   2.19267234e-02,  -1.84971020e-02,
         -7.15737566e-02,   1.57989170e-02,   1.23861022e-02,
          3.09052747e-02,  -4.56798896e-02,   9.63672772e-02,
         -8.12638551e-02,   1.15784004e-01,   3.85561772e-02,
          3.95734273e-02,   1.16083577e-01,   1.02519570e-02,
         -8.76447633e-02,  -1.50044980e-02],
       [  1.10676400e-02,   3.24208811e-02,  -2.45114621e-02,
         -1.28334286e-02,  -4.44790460e-02,  -1.98917203e-02,
          3.26043111e-03,  -3.84895466e-02,   5.57629466e-02,
         -2.66820975e-02,  -6.24477081e-02,  -5.25832362e-02,
         -4.55546156e-02,   4.42245156e-02,   2.53370907e-02,
          7.25239143e-02,  -4.48139496e-02,  -5.80411218e-03,
         -7.95168504e-02,  -1.56802312e-01],
       [ -9.81904790e-02,   4.02280241e-02,   2.74526817e-03,
         -8.97445902e-02,  -2.50095166e-02,   8.00550822e-03,
         -1.05858408e-01,  -4.73593548e-02,   3.17790769e-02,
         -5.55718653e-02,  -1.04424423e-02,   4.93834838e-02,
          4.91890088e-02,   2.36024912e-02,  -2.63335202e-02,
         -3.95634165e-03,   7.50673041e-02,  -6.52981326e-02,
         -3.31339799e-02,   1.10469960e-01],
       [ -2.59799641e-02,  -6.64489940e-02,  -1.01897322e-01,
          2.51814112e-04,  -5.98764084e-02,  -2.19506025e-02,
          7.85396155e-03,  -1.00991304e-03,  -4.19431962e-02,
         -2.45332462e-03,  -5.05331419e-02,  -3.10618673e-02,
          9.84433293e-02,   4.97670397e-02,  -1.11097947e-01,
          8.23324546e-02,  -6.45760223e-02,  -6.44959584e-02,
          5.37365340e-02,   2.47065630e-02],
       [ -3.31664942e-02,  -3.99847422e-03,   4.54580151e-02,
          2.89475415e-02,  -1.09532252e-02,   4.86362837e-02,
         -1.59754649e-01,   1.64428353e-03,  -5.62949590e-02,
          6.88532218e-02,   7.17601622e-04,   5.41690104e-02,
         -9.69517305e-02,   1.38582243e-02,  -4.35501374e-02,
         -9.83813405e-02,  -3.14304456e-02,  -1.52162192e-02,
         -2.83455173e-03,  -2.60573216e-02],
       [  5.89587577e-02,   2.34993566e-02,   9.91396829e-02,
         -6.47056056e-03,   4.39917296e-02,   6.09379113e-02,
         -1.10626988e-01,   3.59684490e-02,  -9.46584418e-02,
         -3.70766446e-02,   4.21528034e-02,  -1.34083284e-02,
         -2.55360045e-02,  -3.95251177e-02,   9.07724164e-03,
          8.11388046e-02,   2.17009168e-02,   4.79518361e-02,
          4.26839218e-02,   2.27563661e-02],
       [  6.71011433e-02,   4.52941097e-02,   3.52447443e-02,
          1.36809889e-02,  -3.80861014e-02,   3.62095200e-02,
         -4.05935384e-03,   8.89429897e-02,   7.47816339e-02,
         -3.43069844e-02,   3.85892056e-02,   1.85686145e-02,
         -1.00527061e-02,   5.27024530e-02,  -8.32971931e-03,
         -1.71449371e-02,  -1.18734889e-01,  -3.69339297e-03,
         -4.70860023e-03,  -4.12755683e-02],
       [ -5.19289263e-02,  -2.99420487e-02,   1.76027827e-02,
          1.79947186e-02,   3.85784395e-02,   5.81538193e-02,
          1.25348747e-01,  -5.11431275e-03,  -1.24729156e-01,
         -1.25367437e-02,   4.34606429e-03,   3.02279275e-02,
          1.47467423e-02,   1.28910691e-02,   6.33309036e-02,
          5.83623610e-02,   9.95340496e-02,   1.10934369e-01,
         -3.16552483e-02,   2.48324648e-02],
       [ -1.82635710e-02,   6.51222840e-02,   3.47987227e-02,
          4.07454967e-02,  -2.28017475e-02,  -4.56605628e-02,
          1.83383077e-02,   3.52411182e-04,  -5.43819256e-02,
         -1.23082399e-02,  -1.44540817e-02,   2.95425206e-02,
         -7.05569843e-03,   2.28540762e-03,   3.34572196e-02,
          9.82192010e-02,   6.20455109e-02,   4.66133319e-02,
         -1.08083598e-01,   1.80937704e-02],
       [  2.04371717e-02,  -2.12823339e-02,   9.36768577e-02,
         -5.66555448e-02,  -5.52942753e-02,   4.36955504e-02,
          4.33892719e-02,   3.05052903e-02,   5.23838699e-02,
          7.93483406e-02,   1.31919146e-01,  -7.53658963e-03,
         -3.20501882e-03,  -4.67708595e-02,   4.80783209e-02,
          1.13557354e-02,   3.60879302e-02,  -5.57178445e-02,
         -5.04711941e-02,   6.89823329e-02],
       [  1.02605201e-01,  -1.26699314e-01,  -1.95001215e-02,
         -1.48929628e-02,  -2.67322212e-02,   4.57737744e-02,
          1.32777467e-02,  -4.87245768e-02,   2.46872455e-02,
         -3.58661488e-02,   1.80296097e-02,  -2.08920836e-02,
         -7.11139962e-02,  -3.27322893e-02,  -8.34016800e-02,
          2.97597479e-02,   2.92774737e-02,   3.88392285e-02,
         -7.47486800e-02,  -6.62150607e-02],
       [ -8.30342695e-02,  -1.22947386e-02,   6.34397520e-03,
          1.19792812e-01,   1.36744305e-02,   3.53514180e-02,
          2.52876766e-02,  -7.56511465e-02,   6.11858070e-02,
         -7.43468245e-03,   4.24451195e-02,  -3.13190483e-02,
         -6.57547861e-02,   2.88776904e-02,  -1.21271041e-04,
          1.27171455e-02,  -1.38894934e-02,  -1.60872880e-02,
          2.35433113e-02,   2.95578944e-03],
       [  9.36330035e-02,   5.55614121e-02,   3.52951959e-02,
          1.66521745e-03,  -5.61102713e-03,   3.02684959e-03,
         -2.05134302e-02,   9.43316147e-02,   7.62542104e-03,
         -4.46605124e-02,  -1.56038171e-02,   1.60899051e-02,
         -1.70484092e-02,   3.10003553e-02,   5.67829497e-02,
         -1.19061908e-02,   1.23216063e-02,  -5.17451949e-02,
          1.22832200e-02,   5.54459579e-02],
       [ -6.74675852e-02,  -9.32130497e-03,   5.12348004e-02,
         -1.01370038e-02,   4.50728275e-02,  -2.19796393e-02,
         -4.73018475e-02,   9.02964547e-02,   1.24991134e-01,
         -1.83238443e-02,   9.89236869e-03,   7.39810616e-02,
          6.19728640e-02,  -7.66362473e-02,  -1.13544380e-02,
         -5.50613180e-02,   1.04559638e-01,  -6.53991615e-03,
         -3.94741856e-02,   9.19486210e-02],
       [ -4.31944840e-02,  -3.59352678e-02,  -7.35039786e-02,
          1.78918615e-02,   5.03743105e-02,  -4.24299799e-02,
         -5.21004163e-02,   9.94974002e-02,  -1.34350704e-02,
          2.99451109e-02,   1.16275102e-02,  -9.56609771e-02,
          1.23370886e-01,   2.18517656e-04,  -1.76949464e-02,
         -1.01395017e-02,  -2.04880200e-02,   4.78321314e-02,
         -4.28046845e-02,   2.49653845e-03],
       [ -5.19701047e-03,  -3.21679078e-02,  -4.06604744e-02,
          7.85593987e-02,   4.63130465e-03,  -2.03362517e-02,
         -2.50027757e-02,  -1.23890555e-02,   7.66086876e-02,
          8.01177993e-02,   2.73810364e-02,   3.20351124e-02,
         -3.92355694e-04,   4.96090092e-02,   6.81006990e-04,
          2.65920665e-02,   9.44791734e-02,   5.58984354e-02,
         -4.97501604e-02,   1.88530162e-02],
       [ -1.51306363e-02,   7.14659616e-02,  -2.23379303e-03,
          3.10653243e-02,   8.34647864e-02,  -8.10316484e-03,
          1.20525318e-03,  -5.86082451e-02,   1.15526788e-01,
         -4.76897508e-02,   1.97160468e-02,   8.70885104e-02,
          4.96200062e-02,   2.09986400e-02,   2.16820445e-02,
          4.30347724e-03,  -2.46181432e-02,   6.73756972e-02,
          7.09448382e-02,  -2.15239208e-02],
       [  6.49826461e-03,  -7.73528740e-02,   6.68602064e-02,
          4.52714376e-02,   8.49105697e-03,  -4.73928228e-02,
          2.64960323e-02,  -1.02156783e-02,  -5.18972278e-02,
          7.99392536e-02,   3.17172706e-03,  -1.69645697e-02,
          1.19277969e-01,   2.80990005e-02,  -9.55154821e-02,
          2.99307797e-02,   7.75341913e-02,  -5.02760783e-02,
         -2.82185432e-02,  -8.15722793e-02],
       [  2.19854284e-02,  -2.65300032e-02,  -2.18372308e-02,
         -1.19599644e-02,   1.56115284e-02,  -9.82620753e-03,
          1.68476850e-02,  -3.72666568e-02,  -3.21603902e-02,
          2.79016849e-02,   7.94551671e-02,   4.04963791e-02,
         -2.52266508e-02,   1.82933398e-02,   2.37374380e-02,
         -1.10677078e-01,   6.05347939e-02,  -5.15038287e-03,
         -6.86192373e-03,   2.46709026e-02],
       [ -7.32011870e-02,   2.30827685e-02,  -2.52087358e-02,
          4.27876487e-02,  -6.18029721e-02,  -2.33057160e-02,
         -3.64867821e-02,  -3.92646380e-02,   9.15261265e-03,
         -6.44981861e-02,  -1.35935144e-02,  -1.97506268e-02,
         -1.05343824e-02,   9.45088360e-03,   6.51418120e-02,
          1.19751794e-02,   3.20472866e-02,  -2.48489026e-02,
         -1.13170378e-01,   3.28562297e-02],
       [  6.03838675e-02,   3.61048207e-02,  -1.06827996e-03,
          1.75484009e-02,  -9.34021373e-04,  -2.79102027e-02,
         -1.64963380e-02,  -1.83112975e-02,  -3.24169137e-02,
         -1.90412011e-02,   9.26967245e-03,  -1.02424107e-01,
         -3.71838957e-02,   2.08834535e-04,  -1.06724560e-01,
          5.75373061e-02,   9.39757004e-03,  -3.89243253e-02,
         -8.08758214e-02,   6.56642094e-02],
       [ -1.49197653e-02,   3.88664715e-02,  -9.48381498e-02,
          3.66876014e-02,   1.26541838e-01,   4.25047576e-02,
          2.07065623e-02,   4.23742272e-02,  -4.45008501e-02,
         -7.10402429e-02,  -8.16077590e-02,   1.04973070e-01,
          1.84504259e-02,   9.22953710e-02,  -4.11355570e-02,
          3.93256433e-02,   2.80878190e-02,   4.39455220e-03,
          2.04594117e-02,   1.08474744e-02],
       [  4.77401800e-02,   2.53494885e-02,  -8.94791558e-02,
          1.17867412e-02,   3.17960121e-02,  -5.19966260e-02,
         -1.01339892e-01,  -4.41416837e-02,   3.46683562e-02,
          2.24145725e-02,   3.82857434e-02,   2.07941583e-03,
         -3.09859049e-02,  -4.97978851e-02,  -2.54715830e-02,
          3.52253579e-02,  -1.98509116e-02,   3.64471637e-02,
          1.04166485e-01,   1.20148296e-02],
       [  3.75973135e-02,  -1.04357235e-01,   1.50165213e-02,
         -1.88172441e-02,   3.31598930e-02,   1.64480936e-02,
          3.70323076e-03,  -4.28146385e-02,   3.14626209e-02,
          5.91438729e-03,  -6.40980825e-02,  -2.42579691e-02,
         -1.54286623e-02,   2.28782352e-02,  -1.45218438e-02,
         -5.19164763e-02,  -4.26091366e-02,   5.42797633e-02,
          3.62550132e-02,   1.68564152e-02],
       [ -2.00511348e-02,   9.22127143e-02,  -7.16316188e-03,
          1.73132475e-02,   2.73180660e-02,   6.83205714e-03,
         -9.98856407e-03,  -9.15826336e-02,  -1.01534417e-02,
         -1.60095673e-02,  -2.81864796e-02,  -2.16572452e-02,
         -6.25888631e-02,  -8.31278786e-03,  -3.91709022e-02,
         -1.40135303e-01,  -8.81273206e-03,  -5.64563973e-03,
         -3.45287323e-02,  -6.67079240e-02],
       [  3.12066060e-02,  -3.06147188e-02,   3.96118201e-02,
         -2.21612882e-02,   2.26567667e-02,  -3.50128114e-02,
          6.42566606e-02,   4.09563147e-02,   3.62234116e-02,
          2.42456272e-02,   1.13634251e-01,   2.94442121e-02,
          1.08728647e-01,  -4.23291288e-02,   3.29099526e-03,
         -1.22044375e-03,  -2.21606363e-02,   5.10127805e-02,
         -2.44723540e-02,  -3.86578143e-02],
       [ -1.39733246e-02,   1.64544601e-02,  -6.47733212e-02,
          5.39441667e-02,  -6.67801499e-02,   6.69259287e-04,
          2.33033746e-02,  -4.77988869e-02,   3.45482342e-02,
         -5.87069802e-02,   3.90167385e-02,   1.48824519e-02,
          1.24812543e-01,  -3.01896166e-02,   4.31507677e-02,
          1.90025885e-02,  -3.12716067e-02,  -7.28993267e-02,
          7.63750300e-02,  -9.59281251e-02],
       [ -7.97359869e-02,   5.20699099e-02,  -6.15643151e-02,
          1.17277252e-02,  -4.31048945e-02,  -4.88718897e-02,
         -4.26185550e-03,   4.46784385e-02,   2.83989962e-02,
          1.04585020e-02,   2.82234680e-02,  -3.27482149e-02,
          1.03430860e-01,   4.38487716e-02,  -1.74608398e-02,
         -8.41021072e-03,   1.31293684e-02,   1.75125580e-02,
         -3.72449048e-02,  -4.84119840e-02],
       [  2.20128819e-02,  -4.47931774e-02,  -2.99790478e-03,
          7.03753680e-02,   7.07766041e-03,  -1.35633340e-02,
         -3.81869636e-02,   2.79769041e-02,   3.22591551e-02,
          8.11815728e-03,   2.15160977e-02,   6.25752211e-02,
         -5.81764653e-02,   1.07830511e-02,   3.98878269e-02,
          6.47036210e-02,   1.83934288e-03,  -4.89244238e-03,
         -4.89089563e-02,   3.14720124e-02],
       [ -2.01217718e-02,   1.84201729e-02,  -4.50791977e-02,
         -1.27957603e-02,   2.70824321e-02,   1.99186765e-02,
         -8.91307369e-03,   2.97934301e-02,  -5.70426285e-02,
          1.01882152e-01,  -2.11313535e-02,  -8.12553465e-02,
         -1.77591946e-02,   8.20667855e-03,  -6.20484017e-02,
         -1.59252677e-02,   3.73068415e-02,  -6.92158146e-03,
         -4.18978371e-03,  -6.17510937e-02],
       [ -4.63837795e-02,   3.24216895e-02,  -1.17648132e-02,
          2.41358243e-02,  -5.14321327e-02,   6.96403459e-02,
          4.88717146e-02,  -3.52198407e-02,   9.52745676e-02,
         -4.27695410e-03,  -1.76983457e-02,  -3.37598324e-02,
          9.40597989e-03,  -5.26650809e-02,   7.30042858e-03,
          7.86544085e-02,   7.06385002e-02,  -3.40181142e-02,
         -8.42562970e-03,   4.79031121e-03],
       [ -7.70804733e-02,  -1.99679527e-02,   1.63433014e-03,
          2.23791990e-02,   4.59148921e-02,   2.26468663e-03,
         -4.11691107e-02,  -8.60732049e-03,  -1.90650206e-02,
         -3.02046146e-02,  -1.01219200e-01,   3.89998741e-02,
         -8.39894339e-02,   4.59559709e-02,  -1.06879491e-02,
         -1.92003045e-02,  -7.12316409e-02,  -7.50950575e-02,
          1.28541991e-01,   1.11000173e-01],
       [  2.29922798e-03,  -2.32322887e-02,   2.98219062e-02,
         -3.48672792e-02,  -9.86858383e-02,   1.23530254e-02,
         -2.38001179e-02,  -3.66590433e-02,  -1.37123037e-02,
         -8.78336094e-03,   6.15389347e-02,  -8.40636268e-02,
          5.15570529e-02,   1.39608895e-02,   5.40188653e-03,
         -6.07788824e-02,   3.91836604e-03,   7.83139169e-02,
         -7.60068512e-03,   9.16501582e-02],
       [ -3.14691029e-02,  -1.08310223e-01,  -2.72062067e-02,
         -3.35456766e-02,  -3.76635343e-02,  -3.02615259e-02,
          4.97277677e-02,   4.48465496e-02,   9.21126008e-02,
         -1.47039564e-02,   4.84385565e-02,  -3.02833896e-02,
          1.13052791e-02,   5.30809909e-03,  -9.04776156e-02,
         -1.12413494e-02,   2.92522609e-02,  -1.95096864e-03,
          1.91541072e-02,   6.71721026e-02],
       [  2.92064133e-03,  -5.52688800e-02,   1.99000048e-03,
          7.16928616e-02,   8.00774619e-02,   1.32278204e-02,
         -5.58988750e-02,  -7.28588924e-02,   2.73129139e-02,
          5.85024199e-03,  -4.21143956e-02,  -1.84116606e-02,
          2.49170084e-02,  -4.08147834e-02,  -4.35055904e-02,
          4.46518643e-05,   1.38095422e-02,   5.29016741e-02,
          3.66764665e-02,   1.54169474e-03],
       [ -3.44629698e-02,  -7.38880336e-02,  -4.77208756e-02,
          9.10697728e-02,   5.86223006e-02,   7.06253061e-03,
          1.07824147e-01,  -2.01685280e-02,  -7.96298012e-02,
          6.89802831e-03,  -1.46741373e-02,  -7.75686651e-02,
          2.30768565e-02,   6.08606003e-02,   2.29104664e-02,
          6.64008856e-02,  -4.42772284e-02,   2.68797278e-02,
          1.57892127e-02,  -3.03762686e-02],
       [ -1.64667405e-02,  -1.20768035e-02,   4.33726572e-02,
         -2.48239134e-02,   7.57044042e-03,  -1.06763065e-01,
         -7.68405572e-02,   5.69571443e-02,   3.51867415e-02,
          2.18707751e-02,   1.70601474e-03,   1.67326294e-02,
         -3.19571942e-02,   5.68806939e-02,   7.27087185e-02,
          4.86267246e-02,   6.26237178e-03,  -4.34343815e-02,
          7.59139881e-02,   9.99384560e-03],
       [  5.10936510e-03,  -2.92722825e-02,  -2.84063704e-02,
          1.45117939e-02,   8.55155289e-02,   6.97259605e-03,
         -5.39997332e-02,  -7.11286888e-02,   2.02009385e-03,
         -1.88954640e-02,   7.70275388e-03,   1.41534850e-01,
          5.08697107e-02,   3.79142910e-02,  -8.81509110e-02,
         -1.55478762e-02,  -5.74167371e-02,   2.70613283e-02,
          1.88124292e-02,   5.55450022e-02],
       [ -9.40436125e-02,  -2.23151557e-02,   3.85074802e-02,
          4.75278907e-02,  -2.83116344e-02,  -1.64865982e-02,
          1.39500707e-01,  -7.14877024e-02,   7.70142600e-02,
          2.45078467e-02,  -1.17768086e-02,   2.15214342e-02,
         -7.81217664e-02,  -9.19472501e-02,  -4.20535430e-02,
         -1.96559150e-02,   9.96846333e-03,   1.70110613e-02,
          6.34678006e-02,   5.91337755e-02],
       [  6.30607409e-03,  -8.51223990e-02,  -1.14100194e-02,
         -1.25762066e-02,  -5.36154322e-02,   3.49178128e-02,
          5.10234013e-02,   3.51247229e-02,  -2.40389165e-02,
          2.60725226e-02,   4.13026568e-03,  -7.01575726e-02,
          3.80438380e-02,   8.32350478e-02,  -1.65827740e-02,
          2.23371643e-03,  -8.85489210e-02,  -1.96444988e-02,
         -2.02316437e-02,  -1.31628234e-02],
       [  2.04278696e-02,   9.84472185e-02,  -4.15176675e-02,
          5.63075431e-02,  -9.46343970e-03,  -6.54306412e-02,
          2.11557411e-02,  -6.58590645e-02,   2.38168836e-02,
          2.32305918e-02,   9.83562227e-03,  -4.89341207e-02,
         -1.66638549e-02,  -6.07955549e-03,  -6.14128215e-03,
          2.57063564e-02,  -7.78579935e-02,   2.89861765e-03,
          3.75052877e-02,   3.97103978e-03],
       [ -8.49941522e-02,   4.28927466e-02,   7.66078755e-02,
         -5.67131042e-02,  -3.17259207e-02,  -1.76242869e-02,
         -8.11602399e-02,   5.50402217e-02,  -4.67568748e-02,
         -2.93071512e-02,   4.50733863e-02,  -8.00983608e-02,
          1.55862486e-02,  -1.18794339e-02,   5.41494898e-02,
         -4.93967757e-02,   6.89798081e-03,   6.50923923e-02,
          2.38084029e-02,   4.43023024e-03],
       [  3.74382399e-02,  -4.23853695e-02,   1.48035094e-01,
          5.69557734e-02,   2.97098747e-03,  -1.75593998e-02,
         -7.29623064e-02,  -6.99044243e-02,  -9.86436661e-03,
          5.10018170e-02,  -3.11390813e-02,   5.27304113e-02,
         -4.12203036e-02,  -9.70464796e-02,   9.49062109e-02,
         -1.82833709e-03,  -6.02640258e-03,   8.19214713e-03,
         -3.54906777e-03,  -1.13413885e-01],
       [  1.72180831e-02,  -1.94016229e-02,   1.36486832e-02,
         -4.33915257e-02,  -3.36994566e-02,  -3.08700632e-02,
          6.29521459e-02,  -6.79839344e-04,   2.20237281e-02,
          1.29294500e-01,  -6.05002604e-02,   4.12367992e-02,
          1.67923495e-02,   9.12974328e-02,   5.09774461e-02,
          1.19219925e-02,  -6.69897869e-02,   7.46229291e-03,
         -8.11602473e-02,  -5.72665036e-02],
       [  1.28422920e-02,   2.11556107e-02,   1.94556806e-02,
          5.59737459e-02,   3.20116319e-02,   1.18420301e-02,
         -5.16254008e-02,  -6.23523109e-02,  -5.04920371e-02,
          5.96617535e-02,   2.09085625e-02,   1.20535545e-01,
          8.79819971e-03,  -9.90681872e-02,  -5.78330038e-03,
          4.62183021e-02,  -9.53372568e-02,   4.74826731e-02,
         -2.87608709e-02,  -8.28659311e-02],
       [ -5.29219024e-02,   2.37939507e-02,  -1.11946659e-02,
          4.41364311e-02,  -1.28890812e-01,  -8.78820047e-02,
         -9.04370856e-04,  -7.43462890e-02,   1.52929025e-02,
          7.43577033e-02,  -2.83921808e-02,   1.02572791e-01,
         -6.80581853e-02,  -6.01503253e-02,   5.32770865e-02,
          7.13135973e-02,  -7.70941973e-02,  -2.75764223e-02,
          1.63320135e-02,  -6.03693500e-02],
       [  1.59023609e-02,   3.14701386e-02,  -1.22263720e-02,
         -1.52829010e-02,   1.49154244e-02,  -8.44401494e-03,
         -1.25759635e-02,   7.76832476e-02,  -6.81165978e-03,
          1.55259985e-02,   2.91696079e-02,  -3.75786773e-03,
         -1.62612256e-02,   9.77712218e-03,   8.74062534e-03,
         -4.42794487e-02,   9.69743505e-02,  -3.31498496e-02,
          1.42112495e-02,   1.55055122e-02],
       [  3.63099538e-02,   4.24000286e-02,   2.18062066e-02,
          1.48274256e-02,  -1.26465280e-02,  -2.29556710e-02,
         -2.01380532e-03,   4.15033214e-02,  -7.71128898e-03,
         -8.99764970e-02,   5.30716889e-02,   1.66313928e-02,
          2.80519277e-02,  -2.93574240e-02,  -4.71704490e-02,
         -5.31549715e-02,  -8.49987753e-03,  -4.83820662e-02,
         -2.49861926e-02,  -1.57735329e-02]], dtype=float32), array([ 0.,  0.,  0.,  0.,  0.,  0.,  0.,  0.,  0.,  0.,  0.,  0.,  0.,
        0.,  0.,  0.,  0.,  0.,  0.,  0.], dtype=float32)][array([[-0.00614251],
       [ 0.06323053],
       [-0.02853313],
       [ 0.02800794],
       [ 0.03090053],
       [-0.05360568],
       [-0.09017568],
       [-0.00082728],
       [-0.08223376],
       [ 0.09777184],
       [ 0.09994221],
       [-0.02757795],
       [ 0.00588584],
       [ 0.14139082],
       [-0.00527112],
       [ 0.02144173],
       [-0.07771024],
       [ 0.05613346],
       [-0.03068003],
       [-0.00342791]], dtype=float32), array([ 0.], dtype=float32)]