[array([[  2.05701832e-02,  -5.11755561e-03,   5.06780259e-02,
         -6.91339821e-02,   5.39814085e-02,   4.08430807e-02,
          7.36999586e-02,   2.77582929e-03,  -2.98245139e-02,
         -6.09253161e-02,  -5.08045545e-03,   2.14054734e-02,
          5.08856252e-02,   6.06635883e-02,   2.73727439e-02,
          1.46293551e-01,   2.21509393e-02,   5.30704018e-03,
          5.87575026e-02,  -3.19489539e-02,  -1.58890150e-02,
         -2.05273945e-02,  -1.54872267e-02,  -2.20988188e-02,
         -6.44680331e-05,   3.84498411e-03,   6.88978424e-03,
         -4.51735919e-03,   1.27105380e-03,   1.64127693e-01,
         -1.10059850e-01,   4.94881347e-02,   1.11223385e-01,
         -8.21401626e-02,   6.86745048e-02,   8.44857469e-02,
         -4.22667414e-02,  -3.94073874e-03,  -1.15281828e-02,
         -3.18726175e-03,  -2.43229531e-02,   3.13493311e-02,
         -2.17106100e-02,  -4.43327054e-02,   4.73363586e-02,
          1.03087418e-01,   8.14680289e-03,   8.42817202e-02,
         -9.05318856e-02,  -1.70109130e-03],
       [ -2.61355955e-02,   3.64120714e-02,  -7.10699987e-03,
          3.40419263e-02,   8.36066976e-02,  -1.12686165e-01,
          1.76667608e-02,   2.00309069e-03,  -4.81479727e-02,
         -3.02882176e-02,  -9.35243294e-02,   4.90446799e-02,
          7.83458874e-02,   8.41353983e-02,  -2.94555575e-02,
          2.70670839e-02,  -3.21933031e-02,  -2.31051049e-03,
         -2.57459581e-02,  -9.23804753e-03,  -3.04658506e-02,
          4.02689762e-02,  -1.21087380e-01,   8.80484562e-03,
          7.68932933e-03,  -5.24591208e-02,  -3.00739203e-02,
          1.50119159e-02,  -2.78437207e-03,   6.21916447e-03,
          7.28848279e-02,   1.62493810e-02,   4.94389944e-02,
         -1.25313960e-02,   4.11748253e-02,  -8.42274949e-02,
         -3.49448323e-02,  -2.09361892e-02,   4.90217768e-02,
         -4.28013764e-02,  -4.85039018e-02,   1.44355455e-02,
          4.53502312e-02,  -6.02966286e-02,  -9.88471955e-02,
         -4.97359484e-02,   2.26706900e-02,  -5.50890826e-02,
          6.57197535e-02,   2.60555465e-02]], dtype=float32), array([ -6.61108425e-05,  -9.42898550e-05,  -8.32120131e-05,
        -1.07617314e-04,  -5.43150236e-05,   6.10704883e-05,
        -1.06943326e-05,  -3.07445553e-05,  -4.15770737e-05,
        -3.45899243e-05,   5.59454929e-05,  -1.16634685e-04,
         2.89614072e-05,  -1.05053055e-04,   2.91900506e-05,
        -8.67692725e-05,   2.42240585e-05,  -6.56137126e-05,
        -1.38749992e-05,   1.83008615e-05,  -2.25787844e-05,
         3.97445037e-05,   1.03570083e-05,   2.24898340e-05,
         6.98771255e-05,  -6.79657478e-06,  -2.83936370e-05,
         9.09086884e-06,   9.16021872e-06,  -1.96879264e-05,
         7.50204636e-05,  -4.56464804e-05,   2.11618335e-05,
         6.76051059e-05,   4.73425025e-05,   5.96025311e-05,
        -3.69002300e-05,   8.48267348e-07,   2.98134764e-05,
         6.00159728e-05,   2.92070526e-05,   8.41147266e-05,
         7.40579853e-05,  -1.23070349e-05,  -2.73301030e-05,
        -1.52484918e-05,   1.54347927e-05,   2.82898745e-05,
         4.50929147e-05,  -3.30861694e-05], dtype=float32)][array([[ -6.31759241e-02,  -8.97092670e-02,  -4.24651876e-02,
         -2.50114296e-02,  -9.67440754e-02,   7.59394765e-02,
         -9.16338712e-02,   1.78823434e-02,   7.00626746e-02,
         -2.57882625e-02,   1.86960436e-02,  -2.38877386e-02,
         -5.73009066e-02,   5.78356646e-02,  -1.06742764e-02,
          1.07322656e-01,  -4.22594361e-02,   3.74866873e-02,
          1.08325839e-01,  -2.15899721e-02],
       [ -3.42820212e-02,   4.39192131e-02,   6.35548458e-02,
          3.05359643e-02,   7.56754214e-03,   1.77429058e-02,
          2.01151036e-02,  -3.74703668e-02,  -6.11952357e-02,
          7.80307651e-02,   1.18902527e-01,  -3.40191796e-02,
         -1.01588488e-01,   4.17938083e-02,  -6.50516003e-02,
          4.95904721e-02,  -2.39778515e-02,  -2.86773331e-02,
         -7.49981683e-03,  -8.56992032e-04],
       [ -1.10529862e-01,   3.32565233e-02,   8.20036978e-02,
          9.84990075e-02,   2.61911396e-02,   8.66723210e-02,
          6.12169225e-03,  -7.11781755e-02,  -8.73617008e-02,
          7.77555183e-02,  -5.23365736e-02,  -2.06064396e-02,
          7.88036287e-02,   6.30041510e-02,  -3.46102528e-02,
          4.53205518e-02,  -6.80664703e-02,   3.47193852e-02,
         -1.19810933e-02,  -1.25056030e-02],
       [  1.41492262e-02,   3.16771329e-03,  -3.63769382e-02,
          1.04469068e-01,   9.07033011e-02,   8.64433199e-02,
         -2.46870965e-02,  -6.88981488e-02,  -6.18475080e-02,
         -1.58086326e-02,  -9.62993503e-03,   1.73838716e-02,
         -4.93417680e-02,   4.71135527e-02,  -3.42208035e-02,
         -1.50147928e-02,   6.86529875e-02,   2.32555103e-02,
          1.14652608e-03,   2.55264360e-02],
       [ -3.52892056e-02,   1.00270500e-02,   5.51906712e-02,
         -1.06605016e-01,  -2.18112841e-02,   2.52836756e-02,
          2.04411093e-02,  -4.36562579e-03,  -2.10277364e-02,
         -4.71199341e-02,   2.69296635e-02,  -7.32612656e-03,
          5.84015017e-03,   1.40614295e-02,  -8.66500214e-02,
          4.61201519e-02,  -2.31102705e-02,   3.11135203e-02,
         -4.55320859e-03,   6.82324171e-02],
       [ -7.15371594e-02,   4.54989932e-02,  -1.54166475e-01,
         -1.75745133e-02,   4.17060070e-02,  -7.51955733e-02,
          1.13388635e-02,  -4.41072173e-02,   2.97096036e-02,
         -6.76914603e-02,   8.45123678e-02,   7.27224024e-03,
          3.40149254e-02,  -3.67632508e-02,   1.09948449e-01,
         -9.28921700e-02,   3.53589305e-04,   4.27340418e-02,
          3.23943831e-02,   2.64256205e-02],
       [  9.69452132e-03,  -9.07713920e-02,   1.96781904e-02,
          7.59808645e-02,  -1.60968974e-02,   5.75385727e-02,
         -5.84721528e-02,  -3.74569781e-02,  -4.39940281e-02,
         -2.27456866e-03,  -2.39584465e-02,  -5.04437797e-02,
         -6.12776652e-02,   1.15415198e-03,  -2.48287142e-05,
         -9.11042467e-02,   3.43473554e-02,   9.24566202e-03,
         -1.64738931e-02,   6.94153365e-03],
       [  3.26469913e-02,   2.05821507e-02,  -3.48756388e-02,
         -4.92102932e-03,   9.39398929e-02,   2.29167715e-02,
          9.65980515e-02,   4.65149013e-03,   6.44689873e-02,
         -6.49931207e-02,   2.96058767e-02,  -3.86656784e-02,
         -5.73887900e-02,   2.60423347e-02,   3.08441296e-02,
          1.09336592e-01,  -4.29510772e-02,   2.04853043e-02,
          1.54827330e-02,  -2.66782157e-02],
       [ -1.60266802e-01,   2.68514659e-02,   8.90957788e-02,
          1.41979530e-01,  -2.21625157e-02,  -6.47174865e-02,
          3.63275521e-02,   1.01236969e-01,   2.16363091e-02,
          5.64901456e-02,  -5.11224009e-02,  -2.95823626e-02,
         -1.98901594e-02,   5.93542159e-02,   4.14033718e-02,
         -3.46493945e-02,   8.58630538e-02,   7.69823194e-02,
         -3.66669591e-03,   3.36078145e-02],
       [  3.74746211e-02,   4.44015414e-02,   8.54933355e-03,
          1.14738949e-01,   3.53147015e-02,   2.98683755e-02,
         -7.13660419e-02,  -5.73793016e-02,  -2.60799881e-02,
          5.60283177e-02,   5.20769842e-02,   9.36240212e-06,
         -2.02740412e-02,  -3.12639028e-02,   2.04852726e-02,
          4.36331481e-02,   5.10085374e-02,  -2.82928143e-02,
          4.44584750e-02,  -7.40319416e-02],
       [ -6.88285455e-02,   3.74299288e-03,   4.11105230e-02,
         -6.12839498e-02,  -5.01485765e-02,   1.76299196e-02,
          8.30936655e-02,  -1.16688468e-01,  -7.89460018e-02,
         -7.93966725e-02,   4.36640754e-02,  -5.31715415e-02,
          8.24611485e-02,  -7.39997923e-02,   6.21579550e-02,
          4.90784869e-02,  -1.91705674e-02,   6.23966120e-02,
         -8.62419531e-02,  -1.99328158e-02],
       [ -3.39648314e-02,   1.27454245e-04,  -2.50870846e-02,
          3.06193251e-02,   4.56882678e-02,   6.08112924e-02,
          8.00731257e-02,  -1.33035230e-02,   3.02318223e-02,
         -2.06142422e-02,   1.42176673e-02,  -4.85151596e-02,
         -1.88832893e-03,   7.04756528e-02,  -5.03777973e-02,
          2.55376212e-02,  -9.24341322e-04,  -3.37702855e-02,
          4.14091609e-02,   1.02583729e-01],
       [ -9.96549241e-03,  -1.72910411e-02,  -1.10315308e-02,
         -5.75577840e-02,  -5.05836643e-02,  -4.77025658e-02,
          1.01278529e-01,  -7.23947883e-02,   7.90192410e-02,
          4.22652345e-03,  -4.74721491e-02,  -2.02135239e-02,
         -7.46366829e-02,  -8.92140903e-03,   3.76511626e-02,
         -7.77857602e-02,  -8.39617625e-02,  -5.00671333e-03,
          2.57153735e-02,  -1.61900800e-02],
       [ -1.03620008e-01,   2.60790754e-02,   1.54141840e-02,
         -9.52640269e-03,   1.17468117e-02,  -5.86919626e-03,
         -3.98907028e-02,   1.52635854e-02,  -5.34548610e-02,
         -4.32606116e-02,  -1.24383671e-02,   3.69666703e-02,
         -2.24069450e-02,  -1.35685699e-02,  -6.94304034e-02,
         -6.51409570e-03,   2.30130497e-02,  -6.38083518e-02,
          1.37575902e-02,   1.18684344e-01],
       [  5.66066056e-02,   1.46772079e-02,   1.12973727e-01,
         -3.71746682e-02,   3.56431901e-02,   2.75074281e-02,
         -7.89420307e-02,   4.46886010e-02,   3.29294279e-02,
         -3.00198863e-03,   2.71043442e-02,  -1.61262825e-02,
         -1.32333143e-02,  -5.94758354e-02,   3.70966271e-02,
          1.25582591e-02,  -1.19482521e-02,   3.12129091e-02,
         -1.08182065e-01,   5.43109216e-02],
       [ -6.76256344e-02,  -5.17477691e-02,  -1.02361225e-01,
         -1.00831557e-02,   2.81103496e-02,   5.34929261e-02,
          4.70348597e-02,  -5.51512279e-02,   6.56246580e-03,
         -1.00323558e-02,  -1.96429305e-02,   4.06347029e-02,
         -3.57926898e-02,  -5.10753170e-02,   3.85825261e-02,
          8.42627659e-02,   2.05152575e-02,   2.19461843e-02,
         -1.96968317e-02,  -2.27669370e-03],
       [  8.93252715e-03,  -1.63472327e-03,   5.91492690e-02,
          8.18650797e-02,  -3.43379937e-02,   1.45027777e-02,
         -8.83204341e-02,  -6.87459260e-02,  -2.23212875e-02,
         -4.19435017e-02,  -8.49115700e-02,   5.10223508e-02,
         -2.38412097e-02,  -6.83216844e-03,  -3.43026742e-02,
         -6.71762303e-02,   2.67915241e-02,   2.76897307e-02,
         -4.40754704e-02,  -7.00101629e-02],
       [ -1.62805449e-02,   3.91579233e-02,  -5.35239838e-02,
          1.05938494e-01,   5.63153438e-02,  -6.43154830e-02,
         -3.83841991e-02,  -8.34215283e-02,  -2.60741804e-02,
         -9.57543701e-02,   2.87396386e-02,   2.17014793e-02,
         -5.81452288e-02,  -3.39694582e-02,  -7.11134344e-04,
          5.88867739e-02,  -5.38306832e-02,  -8.71885493e-02,
          4.38068993e-02,   3.17573994e-02],
       [ -1.34980977e-02,  -2.46403795e-02,  -1.46270897e-02,
         -1.89302992e-02,  -1.12322187e-02,  -2.54596807e-02,
         -6.37367442e-02,   9.03706402e-02,  -6.42501414e-02,
          9.65548679e-02,   2.45113764e-02,  -9.42503102e-03,
          6.68887561e-03,  -2.29237992e-02,  -7.61302486e-02,
          5.25651686e-02,  -3.05315126e-02,  -4.32909168e-02,
          9.81167704e-03,  -1.23742102e-02],
       [ -4.79659438e-02,   1.14966087e-01,   3.04771438e-02,
         -4.85709496e-02,  -9.04156491e-02,  -4.07546153e-03,
          5.70381321e-02,  -3.51815335e-02,   5.40503126e-04,
          1.96623933e-02,   8.71052593e-03,  -4.84945364e-02,
         -2.53073759e-02,   1.50787495e-02,   5.35753295e-02,
          1.14230148e-01,   3.38001223e-03,   2.95769218e-02,
          1.21328961e-02,  -9.68023539e-02],
       [ -2.91410983e-02,  -1.02334581e-01,   1.21373072e-01,
         -1.02777906e-01,  -7.69157559e-02,  -4.77510914e-02,
         -7.07031339e-02,   1.82733517e-02,   1.23987071e-01,
         -4.57427204e-02,  -2.30802000e-02,  -5.03788888e-02,
         -7.83675313e-02,   2.33074483e-02,  -9.77732707e-03,
          2.28604004e-02,   9.76782851e-03,  -1.32251182e-03,
          9.39331483e-03,   3.89384143e-02],
       [  5.72174266e-02,  -5.89054078e-02,   4.91702445e-02,
          2.98515465e-02,  -4.40930203e-02,  -7.80545687e-03,
          6.94767805e-03,  -3.74188498e-02,   1.00339852e-01,
         -6.09352998e-03,  -4.12949435e-02,  -1.35945994e-02,
          4.73526269e-02,   1.04639558e-02,  -1.66496783e-02,
         -2.02899165e-02,   3.62382941e-02,   1.08877253e-02,
         -4.11249623e-02,  -4.13488746e-02],
       [  9.39445719e-02,  -4.37237248e-02,  -2.24280823e-02,
         -4.93620895e-02,   5.45079559e-02,  -6.31274329e-03,
         -1.28939208e-02,  -7.51938391e-03,   3.43607105e-02,
          2.92129442e-02,  -3.97676528e-02,  -3.25656310e-02,
          3.23986262e-02,   2.52139824e-03,  -6.86758608e-02,
         -3.50410491e-02,   2.72104237e-03,   4.70955484e-03,
          1.93427447e-02,  -1.03156008e-02],
       [ -9.87767950e-02,  -2.86163650e-02,   3.81298773e-02,
          2.25519221e-02,  -1.13049336e-03,  -2.43625250e-02,
          2.50268597e-02,   3.92607152e-02,  -9.31329876e-02,
         -7.59565160e-02,   1.04251895e-02,  -7.95156658e-02,
          1.07539934e-03,   2.56277799e-05,  -2.02297070e-03,
         -9.76685137e-02,   1.72362775e-02,  -5.15318178e-02,
          5.48428204e-03,   5.23683354e-02],
       [  4.89351042e-02,   5.34805283e-03,  -1.98173281e-02,
         -2.08021831e-02,   1.52287334e-02,   2.91646831e-02,
          4.72936220e-02,   2.82315165e-02,  -4.41765897e-02,
          7.69262901e-03,   2.65652761e-02,   1.44788884e-02,
          8.23442452e-03,  -9.50091779e-02,  -2.45997775e-03,
         -8.57808962e-02,  -1.13573938e-03,   3.29774432e-02,
         -7.09965006e-02,   1.44863618e-03],
       [ -5.88184819e-02,  -4.32937779e-02,  -1.23634273e-02,
         -1.70642883e-02,   1.73299629e-02,  -1.17632840e-02,
          5.54372258e-02,   4.43414450e-02,  -5.76184802e-02,
          4.84388769e-02,  -2.46407632e-02,  -1.70349311e-02,
         -3.65476534e-02,  -6.09751269e-02,  -4.67274487e-02,
         -6.38222545e-02,   7.71865994e-02,   8.99225194e-03,
         -4.51589823e-02,  -1.41115813e-02],
       [ -1.43874651e-02,   4.02369685e-02,   1.85204782e-02,
         -2.13240762e-03,  -3.83429043e-02,   8.30675534e-04,
          3.42917256e-03,   1.88444252e-03,   4.28095087e-02,
          5.37513904e-02,   4.16020751e-02,  -1.35683324e-02,
          6.22663535e-02,  -1.98790487e-02,   1.01129198e-03,
          1.54740680e-02,  -2.22789850e-02,   9.71225873e-02,
          3.53003405e-02,   8.61268044e-02],
       [  5.58813149e-03,   3.25267985e-02,   1.49960751e-02,
          3.87226455e-02,  -1.82472654e-02,   7.41826603e-03,
          1.36025082e-02,   2.13968428e-03,  -1.69874076e-02,
         -4.64319587e-02,  -1.62211340e-02,  -5.18950187e-02,
         -2.97173895e-02,   2.26047952e-02,  -5.45030693e-03,
         -4.00025435e-02,   1.65283140e-02,   6.64261207e-02,
          4.59903069e-02,   3.75339435e-03],
       [  1.01819532e-02,  -3.85019630e-02,   2.30400581e-02,
         -6.49863183e-02,   1.36011019e-02,   2.19447799e-02,
         -4.72533628e-02,  -4.80919890e-03,   3.40435281e-02,
         -6.54271916e-02,   1.97749548e-02,  -1.56747270e-02,
          8.84719789e-02,   3.67826931e-02,   4.25032293e-03,
          5.33805974e-02,   1.60833206e-02,   4.77894917e-02,
          1.05137616e-01,  -3.09416652e-02],
       [  1.53818959e-02,   4.28415500e-02,   5.97329028e-02,
          6.34977710e-04,  -1.20407026e-02,   5.57949394e-02,
          3.71452905e-02,   7.91800320e-02,   7.00013340e-03,
         -2.32455879e-02,  -5.51902503e-02,  -1.30638788e-02,
          3.07930205e-02,   4.79096472e-02,   1.66226998e-02,
          5.02596833e-02,   6.02744333e-02,   3.71273682e-02,
          5.18288203e-02,   3.20472717e-02],
       [ -5.09578884e-02,   4.95437765e-03,  -7.65745565e-02,
         -2.25336966e-03,  -1.63865481e-02,  -2.37536114e-02,
         -2.14443933e-02,  -5.35550015e-03,   4.95158806e-02,
         -4.62598018e-02,  -1.27088791e-02,   1.39146699e-02,
          8.27210099e-02,   3.50639038e-02,   1.22388273e-01,
         -6.15495071e-02,   1.43241361e-02,  -5.15434779e-02,
          2.31943671e-02,  -1.46422163e-02],
       [  6.56756163e-02,   7.71634728e-02,  -3.69375236e-02,
          2.73226220e-02,   9.41131413e-02,   7.14130253e-02,
         -1.08122654e-01,   1.11694090e-01,   5.15062809e-02,
          1.26030341e-01,  -2.89777182e-02,   6.95565715e-02,
          2.02994067e-02,   4.58412915e-02,   1.35459881e-02,
          2.02041045e-02,   2.22337395e-02,  -5.43357767e-02,
          5.24064079e-02,   5.20315813e-03],
       [  4.07833233e-02,   6.24023676e-02,  -1.69128354e-03,
         -1.87733937e-02,  -5.80844134e-02,   1.02621548e-01,
         -8.59041885e-02,   5.68842702e-02,   2.62724739e-02,
         -1.04086787e-01,   1.94624234e-02,   1.08350851e-02,
         -4.49115410e-03,  -3.48442681e-02,  -2.10676864e-02,
          1.58797856e-02,   5.53595126e-02,  -7.10774213e-02,
         -1.14169270e-01,   7.49837384e-02],
       [  2.27588620e-02,   6.95916405e-03,  -2.59145126e-02,
         -4.22411002e-02,  -3.45875360e-02,  -1.59791857e-01,
          1.66997418e-01,   8.89644921e-02,  -2.31676362e-02,
         -1.26444735e-02,  -1.51947129e-03,  -6.49237335e-02,
         -1.15131520e-01,  -6.08702842e-03,  -3.14388126e-02,
         -2.75687724e-02,   5.59871122e-02,  -1.08830864e-02,
          4.57149260e-02,  -8.28710347e-02],
       [  7.85273779e-03,  -3.88218723e-02,   2.21220441e-02,
          5.15379608e-02,  -3.30002122e-02,  -7.33713135e-02,
          2.29152516e-02,   6.73297048e-03,  -1.40085602e-02,
         -7.13452697e-02,   1.70277059e-02,   1.17168727e-03,
         -1.72882359e-02,   1.08050153e-01,   6.17708638e-02,
          5.18995784e-02,   1.57257114e-02,   1.30350711e-02,
         -3.58595252e-02,  -5.80314621e-02],
       [  8.07531327e-02,   3.83480750e-02,  -4.38304208e-02,
         -7.06468746e-02,  -4.83445823e-02,  -5.41046485e-02,
         -1.59529634e-02,   6.76390305e-02,  -3.05479690e-02,
          2.86886264e-02,  -6.82566967e-03,  -2.88396701e-02,
          2.77252737e-02,  -1.15385540e-01,   4.04538736e-02,
          6.59622923e-02,   5.12163229e-02,  -4.94452566e-02,
          4.70097410e-03,   1.20197386e-02],
       [ -5.71761020e-02,  -6.00880235e-02,  -6.13901811e-03,
         -2.54537370e-02,   2.07283963e-02,  -5.36879152e-02,
          8.17041174e-02,  -4.59610764e-03,   2.08518431e-02,
         -4.87431921e-02,   2.63467673e-02,   2.48733424e-02,
          8.63917843e-02,  -6.08826987e-02,  -1.70449279e-02,
          9.31780189e-02,   2.45431904e-02,  -6.92565143e-02,
          2.50929054e-02,   1.90974362e-02],
       [ -4.97328825e-02,  -1.25292704e-01,   4.14918326e-02,
          2.10749940e-03,  -1.84783600e-02,   4.76693995e-02,
          4.48109843e-02,   2.09122617e-02,  -2.93683726e-02,
         -2.87230276e-02,  -2.58636344e-02,  -2.35847011e-02,
          1.77321453e-02,   2.42536906e-02,   4.60549593e-02,
         -2.17150003e-02,   1.10809618e-04,  -8.45218450e-02,
          6.16057077e-03,   5.44198416e-03],
       [  3.42269801e-02,  -1.18378056e-02,   8.71292353e-02,
         -1.90712530e-02,   4.79117855e-02,  -1.03302710e-02,
         -2.95188595e-02,  -2.20833495e-02,   6.20005652e-02,
         -3.98692297e-04,   7.17685744e-02,  -2.14476511e-03,
         -8.67622625e-03,  -6.63148686e-02,   3.62275988e-02,
         -7.46438876e-02,  -2.20264718e-02,  -2.47613993e-02,
         -3.17088254e-02,   3.58675979e-02],
       [ -5.18480241e-02,   3.97562869e-02,   4.35476936e-02,
         -4.76236306e-02,  -8.86357948e-03,  -1.46192824e-02,
          2.08841059e-02,   8.04630071e-02,  -4.88981456e-02,
         -5.93402535e-02,   5.67016378e-02,  -3.19376495e-03,
          4.32629362e-02,   8.39207247e-02,  -9.02172327e-02,
         -1.03282787e-01,   1.43668940e-02,  -5.48349619e-02,
         -1.63819932e-03,  -1.71747264e-02],
       [  5.84175717e-03,  -8.44259635e-02,   4.93869744e-02,
         -8.90973583e-03,  -6.91957632e-03,  -3.67368050e-02,
         -3.89698893e-02,  -1.59174964e-01,  -8.31241235e-02,
         -1.04255080e-02,   4.55581844e-02,   2.04499476e-02,
         -1.21462496e-03,  -3.23167369e-02,   8.67574010e-03,
         -8.66160244e-02,   5.16101308e-02,   3.43897194e-02,
         -8.08446556e-02,  -4.02718820e-02],
       [ -7.86824524e-03,   9.40320119e-02,  -1.99491680e-02,
         -2.90656537e-02,  -7.83125758e-02,   7.76432306e-02,
         -5.89161851e-02,   9.58744958e-02,  -6.94249570e-02,
          5.79401180e-02,  -1.24312527e-01,   1.14542367e-02,
          6.85776176e-04,  -7.40435869e-02,   5.56163266e-02,
         -9.82526988e-02,   6.95447177e-02,   1.66175738e-02,
         -5.90614490e-02,  -1.22292163e-02],
       [  3.06403264e-02,   7.52341514e-03,   9.85738123e-04,
         -6.91417139e-03,   9.57654044e-02,  -2.74753217e-02,
         -1.05552353e-01,  -3.70047353e-02,  -4.76665646e-02,
          3.97167951e-02,  -1.10846141e-03,  -3.32657993e-02,
          1.27887771e-01,  -1.51934922e-02,   7.07850442e-04,
         -2.31638793e-02,  -6.43290803e-02,   2.71568876e-02,
          1.12419762e-02,  -7.28358999e-02],
       [ -1.62794292e-02,  -5.94964251e-02,   8.40728953e-02,
         -1.05428234e-01,   5.46533205e-02,   1.15540950e-02,
          3.68603971e-03,   6.64658546e-02,  -5.96366860e-02,
          7.63375312e-02,  -5.97917475e-02,  -3.36582847e-02,
         -2.40874686e-03,   4.49727513e-02,  -8.23593885e-02,
         -3.73001285e-02,  -3.59520502e-02,  -4.87206206e-02,
         -9.17835906e-03,  -1.65956989e-02],
       [  5.79872727e-02,   3.98101322e-02,  -4.16617133e-02,
          3.51908803e-02,  -3.48339863e-02,  -6.01176871e-03,
          5.38457632e-02,  -6.79917932e-02,  -8.06067605e-03,
          1.04554137e-02,  -4.29407507e-02,  -4.57092524e-02,
          1.20662069e-02,  -1.83768589e-02,   8.33897037e-04,
          7.18975859e-03,   3.32883187e-02,   1.55593464e-02,
         -5.65675367e-03,   6.64281771e-02],
       [ -1.74925420e-02,   2.36421376e-02,  -5.45327552e-02,
          9.49041685e-04,  -1.24241188e-02,   3.79436426e-02,
         -1.78416036e-02,   2.31983680e-02,   5.32230735e-02,
         -9.11291018e-02,   4.40618433e-02,   1.67110155e-03,
          4.80898842e-03,   4.33466882e-02,  -1.84147693e-02,
          6.03251159e-02,   1.59329437e-02,  -4.94104065e-02,
          2.90322769e-03,   6.24653371e-03],
       [ -4.45815455e-03,  -9.29207169e-03,   4.97097336e-02,
          3.80892418e-02,   4.57235575e-02,  -9.15154293e-02,
          8.79353285e-03,   7.75636882e-02,   5.84168024e-02,
         -3.36213671e-02,  -6.64997324e-02,   5.04957400e-02,
         -2.58853752e-02,   1.73576176e-02,   4.17838357e-02,
          1.81231033e-02,  -4.42306325e-02,   2.23164493e-03,
          9.68186371e-03,  -4.68291668e-03],
       [  6.09578118e-02,   9.63349938e-02,   4.06615324e-02,
         -8.32256153e-02,   7.92171955e-02,   5.70232384e-02,
         -1.92139985e-03,   1.25097800e-02,  -2.67378278e-02,
          9.51709822e-02,  -2.27082465e-02,   6.80084229e-02,
          8.22042152e-02,  -5.63327186e-02,   1.95016488e-02,
         -7.05446377e-02,   4.56292778e-02,   2.01808978e-02,
         -6.38347268e-02,   2.49189287e-02],
       [  1.66407321e-02,   1.61965061e-02,   5.46119660e-02,
         -1.13242857e-01,  -9.35814828e-02,   1.85903776e-02,
         -2.60906797e-02,  -1.38064986e-03,  -7.12018460e-02,
         -4.27304301e-03,  -3.23653035e-02,   7.14395568e-02,
          6.84163300e-03,   3.92584801e-02,  -5.58946431e-02,
         -4.90586944e-02,  -2.21721623e-02,  -2.07298193e-02,
         -1.15639325e-02,  -3.85447294e-02],
       [ -6.27400726e-02,  -2.56072804e-02,   8.37247968e-02,
          2.80678794e-02,  -1.00967074e-02,  -1.01273440e-01,
          7.24220648e-02,  -3.32519151e-02,   5.03320806e-03,
          4.91828918e-02,  -5.74718509e-03,  -2.84456704e-02,
         -9.75365415e-02,   6.04627747e-03,   1.63679738e-02,
         -2.17830315e-02,   3.07867881e-02,   1.94039773e-02,
          6.87639043e-03,  -2.58138776e-02]], dtype=float32), array([ 0.00099959,  0.00030192, -0.00010893, -0.00040269, -0.00088584,
       -0.00073856, -0.00013245,  0.00110059, -0.00014053, -0.00091677,
        0.00027343, -0.00064613,  0.0011754 , -0.00042838,  0.00106701,
       -0.00147761, -0.00070132,  0.00012384, -0.00085514, -0.0018788 ], dtype=float32)][array([[  8.48969296e-02],
       [  4.28328179e-02],
       [  2.40082853e-02],
       [  8.74955294e-05],
       [ -2.87790839e-02],
       [ -2.29168572e-02],
       [  1.89536400e-02],
       [  9.19224396e-02],
       [  1.47035355e-02],
       [ -3.18366140e-02],
       [  4.28766720e-02],
       [ -1.79653931e-02],
       [  9.76043567e-02],
       [  2.26828852e-04],
       [  9.09566730e-02],
       [ -6.91645294e-02],
       [ -1.58289671e-02],
       [  3.28915492e-02],
       [ -2.60152165e-02],
       [ -9.22236741e-02]], dtype=float32), array([ 0.06492155], dtype=float32)]