[array([[ 0.11627624,  0.09400171,  0.05517358, -0.0046067 ,  0.04149866,
         0.03302651, -0.02291084, -0.03106039, -0.02062301, -0.03198214,
        -0.0098629 , -0.02667361, -0.05509963, -0.02782826, -0.00272544,
         0.01156137,  0.10371909,  0.02253848, -0.02877947,  0.06555147,
        -0.0167694 ,  0.1099435 , -0.00392113,  0.08449423, -0.0104249 ,
        -0.029352  , -0.06382944,  0.04563053,  0.03486052, -0.0408272 ,
        -0.06335904, -0.02514535, -0.02885271, -0.04289334, -0.06747216,
         0.03553228, -0.06482204, -0.00557511,  0.12136447,  0.00833811,
        -0.03935242, -0.05438494,  0.05411917,  0.05653879,  0.014265  ,
         0.00508266, -0.05282968, -0.02002143, -0.05136865, -0.00690856],
       [-0.00646308, -0.02115323,  0.02776375,  0.05333601, -0.05017754,
        -0.02655109,  0.05897811,  0.03781586, -0.01218075, -0.05435734,
         0.02039169, -0.03942759,  0.01894695, -0.03147466, -0.05192486,
         0.00848912, -0.03007001,  0.0781552 ,  0.02218825,  0.0378891 ,
         0.02975264,  0.06148894, -0.06314185,  0.01413458, -0.02689024,
         0.10974971, -0.03650143, -0.1259222 , -0.03940087, -0.03584073,
        -0.03147446,  0.08094142,  0.00352493,  0.07493219, -0.02850359,
         0.00793731,  0.03446437, -0.04105846,  0.11084788, -0.02713789,
         0.0774096 , -0.05320463, -0.00509866,  0.02409886,  0.05809198,
         0.00229957,  0.06367241,  0.02823394, -0.0022098 , -0.02466107],
       [ 0.04905454, -0.01357502,  0.00964762, -0.06455942,  0.03197431,
         0.00552563,  0.03579424,  0.04446867,  0.03792674,  0.02820519,
         0.03113702,  0.05270269, -0.07702018, -0.00512796,  0.04576149,
         0.03931776, -0.01202333,  0.01894902,  0.02501164,  0.01424115,
        -0.04298363,  0.08774754,  0.07437142, -0.02908801,  0.10872588,
         0.07466356, -0.03487317,  0.05569516,  0.06497508, -0.09272627,
         0.01385754, -0.03256734, -0.07365629,  0.01728652, -0.03748933,
         0.01146844, -0.04468749, -0.12887134, -0.02871646, -0.04022041,
        -0.0315653 ,  0.03823033, -0.01094721, -0.0704473 , -0.02544759,
        -0.02884238,  0.02520558,  0.01735571,  0.0137155 , -0.03333709],
       [-0.02985633,  0.07546449,  0.05277699, -0.00715715, -0.05638945,
         0.02272697, -0.03124257,  0.03923342,  0.04628509, -0.04772906,
        -0.08624116,  0.01062081, -0.0478716 ,  0.05259228,  0.07027797,
        -0.01481406,  0.01006043, -0.03043487,  0.01486273,  0.01817997,
        -0.02335246, -0.00927587, -0.0103273 ,  0.0431944 ,  0.009521  ,
         0.01254977,  0.01002951,  0.05248228, -0.05958241,  0.04497607,
         0.02601471, -0.05215858,  0.02260582, -0.00700153, -0.06503835,
        -0.06710026, -0.06650709,  0.02725401, -0.07464287, -0.04511607,
         0.02715538, -0.02524057,  0.05785369, -0.04832635, -0.03010728,
         0.07532214, -0.05179203, -0.05748199,  0.06068286,  0.07696813],
       [ 0.08657644, -0.0024017 , -0.01008918,  0.00202303,  0.03236265,
         0.00307184,  0.06885155,  0.0338395 ,  0.01208994, -0.14229745,
         0.12916766, -0.0196292 ,  0.03269528,  0.07202854,  0.03483053,
        -0.00278139,  0.01337418,  0.02067228, -0.01257333,  0.0366508 ,
         0.11082114,  0.08925225,  0.0250345 , -0.02630321,  0.00936098,
        -0.03315644,  0.09920051, -0.03096174,  0.03030676,  0.00361639,
         0.02714453, -0.09379543,  0.03193984, -0.134818  ,  0.01946715,
        -0.00215724,  0.01172233,  0.08982199, -0.06337515, -0.02203989,
         0.06409926,  0.02996354,  0.03352862,  0.01711339, -0.02436364,
         0.04449732, -0.05016811, -0.11459496, -0.07839801,  0.02477466],
       [-0.07294469, -0.04167558,  0.01215196,  0.0140783 , -0.03347633,
        -0.04542476, -0.02847234,  0.0997274 , -0.06565092, -0.03082482,
        -0.00425125, -0.01511482,  0.0409646 , -0.00978137, -0.00372619,
         0.06714957, -0.02420173,  0.03541236,  0.00649765,  0.02858992,
        -0.06241095, -0.02903445, -0.03230603,  0.00646048, -0.07680415,
        -0.06270575, -0.01309464, -0.04365421,  0.03115741, -0.00524771,
        -0.04091306, -0.02950204, -0.00179232, -0.00941723, -0.05251474,
         0.03225437, -0.02120559,  0.05305595, -0.079701  ,  0.10055466,
        -0.02775135, -0.0307902 ,  0.0561683 , -0.01155061,  0.04862378,
        -0.01944819,  0.01219419,  0.04731957,  0.00327103, -0.00911476],
       [ 0.08956503,  0.11566532,  0.00439677,  0.0322012 , -0.02190791,
        -0.07525231, -0.04911589,  0.04236694, -0.01244044, -0.06117563,
        -0.02861842,  0.03733798,  0.07879818,  0.06049305,  0.09227845,
        -0.03646479,  0.00992529,  0.0119863 , -0.00490463,  0.03360504,
        -0.08397278, -0.03478532, -0.03135234, -0.01076943, -0.02053017,
        -0.06383925,  0.0273392 , -0.11826348,  0.0147763 , -0.06830224,
         0.04883614,  0.02703287,  0.10034541, -0.05032817, -0.00337414,
        -0.04395139, -0.0394065 , -0.03463473,  0.07464951,  0.00849562,
        -0.00682584,  0.06371991, -0.01735276, -0.07292794, -0.01949245,
         0.05745954,  0.00235176,  0.09165413,  0.0064013 , -0.03907802],
       [ 0.11210262,  0.07977151, -0.08260968,  0.02405471, -0.05655811,
        -0.01395373, -0.00741804, -0.12943749,  0.02551724,  0.02814363,
         0.02692631,  0.05496549, -0.00140959, -0.04034739,  0.04336647,
         0.07810619, -0.01325117,  0.05171943,  0.06282992,  0.04687583,
        -0.00475436,  0.02150799,  0.02316748, -0.06807005,  0.00482119,
         0.01382376, -0.0019563 ,  0.02569996,  0.09637772,  0.0374172 ,
        -0.02298796,  0.08566793,  0.04229149,  0.009443  ,  0.05598542,
        -0.06011545,  0.04193509, -0.00694288,  0.04172796,  0.03892127,
         0.04096411, -0.02816813,  0.01935446,  0.00516204,  0.09045895,
         0.01168737, -0.01742646,  0.03858445, -0.00226799, -0.02631399]], dtype=float32), array([ 0.,  0.,  0.,  0.,  0.,  0.,  0.,  0.,  0.,  0.,  0.,  0.,  0.,
        0.,  0.,  0.,  0.,  0.,  0.,  0.,  0.,  0.,  0.,  0.,  0.,  0.,
        0.,  0.,  0.,  0.,  0.,  0.,  0.,  0.,  0.,  0.,  0.,  0.,  0.,
        0.,  0.,  0.,  0.,  0.,  0.,  0.,  0.,  0.,  0.,  0.], dtype=float32)][array([[  1.94206219e-02,  -1.52201205e-02,   1.04481064e-01,
          3.44907939e-02,   1.67842228e-02,  -5.06015606e-02,
          6.06220728e-03,   3.67543250e-02,   1.10476233e-01,
          2.14566141e-02,  -2.68071443e-02,   3.81167774e-04,
          4.41011265e-02,   9.60229561e-02,  -5.91718517e-02,
          9.65341404e-02,   1.04444616e-01,  -5.54313709e-04,
         -5.01111448e-02,  -5.30001707e-02],
       [  5.63767925e-02,   2.19345391e-02,  -3.91956866e-02,
         -1.88239887e-02,   3.54731679e-02,   8.58826861e-02,
         -6.21222034e-02,   5.24548851e-02,   1.92527771e-02,
          1.77040659e-02,  -7.91389048e-02,   1.88146196e-02,
          1.04900002e-02,   4.68813628e-02,  -2.34965105e-02,
          7.84046873e-02,   1.98281139e-01,  -4.58386466e-02,
          5.71351349e-02,  -4.97878762e-03],
       [ -2.48481799e-02,  -8.88735056e-02,   3.10886241e-02,
          4.60700918e-04,  -3.48399691e-02,   6.61892295e-02,
          2.88391560e-02,   5.56629561e-02,   2.48136744e-03,
         -5.51312827e-02,   7.02055842e-02,  -5.16478606e-02,
         -4.93550263e-02,   1.55894235e-01,   5.49948681e-03,
          7.48724416e-02,   8.27068388e-02,   4.89832014e-02,
          2.03603879e-02,  -3.14134061e-02],
       [  3.87227610e-02,  -3.65713648e-02,  -1.02489986e-01,
          1.69140622e-02,  -8.87037665e-02,   6.74243793e-02,
         -4.85362373e-02,   1.74738839e-02,  -7.85055477e-03,
          4.83906642e-02,   4.41462845e-02,  -7.20775649e-02,
          3.04325949e-03,  -5.83587540e-03,  -3.44512686e-02,
          3.38989757e-02,   3.99992056e-02,  -5.23590110e-02,
         -5.59774339e-02,  -3.08342427e-02],
       [  1.48890704e-01,   1.26547785e-02,   4.24420014e-02,
         -4.33415584e-02,   2.87771616e-02,   6.56929910e-02,
         -9.08402726e-02,   7.06681609e-02,   1.26094118e-01,
         -8.32404476e-03,  -8.38453509e-03,  -4.25720215e-02,
         -6.50595352e-02,   1.12712840e-02,   1.13486042e-02,
          1.01048149e-01,   4.11234982e-02,  -3.11902668e-02,
          4.98946570e-02,   1.86483618e-02],
       [ -1.23465590e-01,   2.96399388e-02,  -7.70925684e-03,
         -3.18932123e-02,   8.43165815e-03,  -3.68119753e-03,
         -5.00125699e-02,   1.03702605e-01,  -3.47732045e-02,
         -7.69617781e-02,  -6.45072684e-02,  -2.88366470e-02,
         -9.25267395e-03,  -7.04732314e-02,  -7.12395236e-02,
          3.75270247e-02,   1.93436127e-02,   7.92129338e-02,
         -1.18064903e-01,  -5.41638758e-04],
       [ -1.77601893e-02,  -4.15825062e-02,   1.81233119e-02,
          2.68066078e-02,   3.48364527e-04,  -1.29912561e-02,
          1.20701425e-01,   5.75746177e-03,   1.02274612e-01,
          7.10939839e-02,   8.98625255e-02,  -5.75937405e-02,
         -3.18296589e-02,   1.59147661e-02,   7.98328314e-03,
          4.57710288e-02,   1.11402296e-01,  -2.50937440e-03,
          2.09955894e-03,   1.38264839e-02],
       [  5.80381937e-02,  -1.36064067e-02,  -5.31997085e-02,
          4.13209982e-02,  -1.12209655e-02,  -9.99965426e-03,
         -3.28725833e-03,   3.69782858e-02,   9.85413715e-02,
          1.06523782e-02,   5.10539785e-02,  -3.67521355e-03,
         -5.39527042e-03,   9.74145345e-03,   7.35467896e-02,
          7.03329742e-02,  -3.21984105e-02,  -9.18191969e-02,
         -7.15909293e-03,  -5.04963510e-02],
       [ -1.62134878e-02,  -8.40818335e-04,  -3.18850204e-03,
         -4.78883497e-02,   3.04190051e-02,  -8.27989168e-03,
         -4.37293909e-02,  -6.75052106e-02,   1.54061913e-02,
         -2.69689355e-02,  -2.86430810e-02,   6.33160351e-03,
          2.82100644e-02,  -3.02597191e-02,  -7.73799047e-02,
         -5.81259979e-03,   4.68048267e-02,  -2.28239093e-02,
         -4.74957516e-03,   1.60518326e-02],
       [ -2.25478169e-02,   7.66196921e-02,  -8.47757757e-02,
          3.46470810e-02,  -4.26470637e-02,   4.34123203e-02,
         -5.56191318e-02,   2.06628907e-02,  -5.79027794e-02,
         -4.74411286e-02,  -1.44377202e-02,   4.53854427e-02,
         -1.48599118e-01,  -8.43371972e-02,   5.33655360e-02,
         -1.27769504e-02,  -4.13867347e-02,   2.61115637e-02,
         -3.01249936e-04,   1.26205429e-01],
       [  3.54201347e-02,  -1.79468822e-02,  -3.35634425e-02,
         -1.24563985e-02,   9.01495442e-02,  -9.88769531e-02,
          4.54159938e-02,   2.67445873e-02,  -3.85154784e-03,
         -3.00702993e-02,  -5.14545618e-03,   3.93226109e-02,
         -1.70664340e-02,   5.59158437e-02,   3.51614356e-02,
          4.06708978e-02,  -7.22166449e-02,   4.36193310e-02,
         -5.89181073e-02,   2.19205506e-02],
       [  1.22055173e-01,  -2.24654060e-02,   1.45569388e-02,
         -1.27760246e-01,   1.10220730e-01,  -2.67569255e-02,
          2.23494526e-02,   1.22169077e-01,  -3.42286862e-02,
         -8.50152299e-02,   2.79506333e-02,  -1.31710684e-02,
          2.67314352e-02,  -2.24572439e-02,  -3.93494815e-02,
          7.24093169e-02,   3.57417646e-03,   9.27584693e-02,
          2.44039577e-02,  -5.13324924e-02],
       [ -4.34482060e-02,   4.91350666e-02,   4.08341177e-02,
          6.99164495e-02,  -9.24662650e-02,   2.24244501e-02,
         -1.11916522e-03,   5.88306598e-02,  -7.74394199e-02,
          2.42607575e-02,   8.82330462e-02,  -9.60770994e-02,
         -3.85631658e-02,  -8.50638282e-03,   3.04477066e-02,
          5.89098446e-02,   1.71626639e-02,  -2.70155352e-02,
         -3.40185910e-02,  -9.77387931e-03],
       [  4.07883339e-02,   3.42301354e-02,  -1.89550966e-02,
          5.30325882e-02,  -6.71202987e-02,   6.21894188e-02,
         -2.95980554e-02,  -8.41166675e-02,  -3.15004028e-03,
         -5.86448796e-02,  -3.32403742e-02,   4.42938954e-02,
         -1.64313428e-02,  -5.83854429e-02,  -2.46725660e-02,
          4.63477448e-02,  -8.32219124e-02,  -2.80013233e-02,
         -3.07037737e-02,   4.54002470e-02],
       [  1.42654991e-02,   7.40254819e-02,  -2.05227686e-03,
          2.11289991e-02,  -3.68168652e-02,   1.38912797e-02,
          8.40558112e-02,   3.14426655e-03,  -7.01822415e-02,
         -8.12312137e-05,   8.17087814e-02,  -5.22551592e-03,
          3.03317141e-02,   8.00143182e-03,  -6.13916703e-02,
          3.09637673e-02,  -5.62942540e-03,  -3.04264128e-02,
          7.63614848e-02,   4.61621694e-02],
       [ -2.09761281e-02,   1.08223967e-02,   8.61104112e-03,
         -3.09583843e-02,   2.83561945e-02,   2.47600358e-02,
          2.08831616e-02,   4.91227694e-02,   8.33078846e-02,
         -1.15129016e-01,   1.35891354e-02,  -3.93196605e-02,
         -8.24596658e-02,   4.49406654e-02,   9.90192741e-02,
         -4.69578728e-02,  -5.54976054e-02,   8.08010325e-02,
         -3.13351750e-02,  -1.35659650e-02],
       [ -8.21722031e-04,   1.13675660e-02,   8.72022752e-03,
          1.57287698e-02,   3.56248282e-02,   6.68162927e-02,
          3.91490757e-02,  -4.98616509e-02,  -1.24960644e-02,
          1.18407123e-02,  -3.91045734e-02,  -9.30049736e-03,
          1.32605312e-02,  -4.64694574e-02,   1.04128197e-01,
          1.55544924e-02,   6.41965792e-02,   4.42877822e-02,
          5.90259805e-02,   1.33974729e-02],
       [  6.09626360e-02,  -2.95627173e-02,   2.15995568e-03,
          3.48547921e-02,   2.87726112e-02,   2.75957324e-02,
         -5.60690574e-02,   4.95975763e-02,  -3.25762965e-02,
         -3.60787916e-03,  -2.45727897e-02,  -5.77152148e-02,
         -1.00359999e-01,  -5.15452996e-02,  -2.65363958e-02,
         -5.16210794e-02,  -2.29372568e-02,  -4.43817042e-02,
         -6.47771806e-02,   2.30037794e-03],
       [ -6.64826855e-02,   3.30705643e-02,   3.68349813e-02,
         -4.74709421e-02,  -8.55444670e-02,  -1.79296490e-02,
         -5.08602373e-02,   4.06386964e-02,   3.55969854e-02,
          3.72997113e-03,  -3.74101512e-02,   1.45275682e-01,
          6.52003214e-02,   1.29609168e-01,   2.55145375e-02,
          2.28035189e-02,  -9.61629152e-02,  -2.46364679e-02,
          2.40231026e-02,   8.26464966e-03],
       [  1.92980133e-02,   1.91145670e-02,   4.38436344e-02,
          1.59038808e-02,  -3.17577980e-02,  -6.82509765e-02,
          1.28285766e-01,   9.22238007e-02,  -1.21920528e-02,
          6.20597191e-02,  -1.34146260e-02,   7.50231668e-02,
          2.40883213e-02,  -3.83887216e-02,   4.32340614e-02,
          3.17044631e-02,   9.86971781e-02,   2.32932400e-02,
         -4.64524701e-02,  -1.26544191e-02],
       [ -5.49874604e-02,  -6.31757230e-02,  -1.36440722e-02,
          8.35150629e-02,  -1.08244410e-02,   3.88968885e-02,
          1.00846045e-01,  -2.30101645e-02,  -2.75063026e-03,
         -3.57113592e-03,   6.24944232e-02,  -1.13773957e-01,
          2.22633570e-03,   2.49167867e-02,  -1.67506263e-02,
         -3.54776159e-02,   1.88348554e-02,   1.47223789e-02,
         -1.21327387e-02,  -1.62945129e-04],
       [ -1.67273488e-02,   2.43960763e-04,  -3.70124727e-02,
         -3.26641346e-03,  -5.39769195e-02,  -3.71025093e-02,
         -1.43138334e-01,   1.38529418e-02,   1.30827818e-02,
          3.26143242e-02,   6.13561831e-02,   4.30783862e-03,
          4.72916998e-02,   4.27715220e-02,  -4.01584208e-02,
          7.31181279e-02,   6.72174469e-02,  -1.10950150e-01,
         -4.26920913e-02,  -1.55595113e-02],
       [  4.79520671e-02,  -5.58359995e-02,   8.13250709e-03,
         -6.54921159e-02,  -3.54799330e-02,   4.21261229e-02,
         -5.65366121e-03,   4.27464172e-02,  -6.58838749e-02,
         -9.50255245e-03,  -3.72822843e-02,   6.90953359e-02,
         -4.96369265e-02,   1.37106394e-02,  -1.30086243e-01,
          3.05888653e-02,   3.93002667e-02,  -4.85933758e-02,
         -1.19933486e-02,   9.64209959e-02],
       [  5.84995151e-02,  -4.46118182e-03,  -4.03576307e-02,
          3.95260751e-02,   2.64997850e-03,  -1.60637423e-02,
         -2.49843709e-02,   3.55324484e-02,  -4.74793054e-02,
         -5.00864815e-03,  -3.91652761e-03,  -8.66679475e-02,
         -4.62159179e-02,  -2.48742085e-02,   2.75712796e-02,
          5.55205755e-02,  -1.54906353e-02,   1.16898023e-01,
         -3.54680642e-02,   5.01926132e-02],
       [ -2.22908910e-02,  -2.95934686e-03,  -3.94802056e-02,
         -3.18280235e-02,   4.29822095e-02,   3.37903984e-02,
          2.17749625e-02,  -5.85290268e-02,   3.46037485e-02,
          3.43241892e-03,  -8.31350591e-03,   2.65181195e-02,
          8.31408426e-03,   4.68936078e-02,   3.44942175e-02,
         -5.40144881e-03,   3.55152749e-02,   2.35507451e-02,
          1.23430543e-01,   2.79157609e-02],
       [  1.87746231e-02,  -2.47124005e-02,  -9.38627589e-03,
         -6.54776394e-02,  -2.46851426e-02,  -7.40529085e-03,
          6.26575351e-02,   4.07929383e-02,   1.75286494e-02,
         -6.77159727e-02,   4.28397469e-02,  -4.84747738e-02,
          1.88163409e-04,   4.36517932e-02,   8.83489102e-02,
         -6.26623780e-02,  -6.40322417e-02,  -1.34184128e-02,
          6.02766825e-03,  -6.45781979e-02],
       [ -5.70211411e-02,   2.41898559e-02,   3.58285732e-03,
          4.67318967e-02,   3.31183821e-02,  -3.31847854e-02,
         -8.15572031e-03,   1.25099570e-02,  -5.10397218e-02,
         -6.70927688e-02,   5.64364493e-02,   4.97989319e-02,
         -3.65160927e-02,   1.54899852e-02,   3.03048398e-02,
          4.97237081e-03,  -4.47226949e-02,   5.57882860e-02,
         -7.77227283e-02,   2.22683530e-02],
       [  8.87588598e-03,   5.19008888e-03,  -6.94580898e-02,
          8.10687393e-02,   9.81825590e-02,   1.86115652e-02,
          3.70859317e-02,   1.29007446e-02,  -3.17270751e-03,
         -4.86714914e-02,   3.87341576e-03,   2.57025640e-02,
         -6.16466664e-02,   5.31964712e-02,  -8.00683256e-03,
         -2.72336099e-02,   2.20508799e-02,  -3.39199640e-02,
          1.25568337e-03,   5.70483133e-03],
       [ -3.38808782e-02,  -2.86507624e-04,   1.81212779e-02,
         -1.83339305e-02,  -4.01180126e-02,  -1.89147126e-02,
         -2.86767986e-02,   1.42763751e-02,   4.36076783e-02,
         -6.25069663e-02,  -4.03300188e-02,  -6.28887415e-02,
         -1.03819361e-02,  -1.16012506e-01,   5.57204597e-02,
          1.30220046e-02,   1.97368022e-02,   2.14166055e-03,
         -9.93140340e-02,   3.34270261e-02],
       [  8.04955792e-03,   2.03682184e-02,   1.71010513e-02,
         -5.18915653e-02,   5.84414555e-03,   2.29838248e-02,
          7.46288896e-02,   5.66666387e-02,   4.00933176e-02,
         -9.40025877e-03,  -7.34634057e-04,  -1.48333823e-02,
         -5.00358343e-02,  -5.40554784e-02,   2.52219196e-02,
         -1.67036559e-02,   2.94297226e-02,   2.52148844e-02,
          7.43505359e-02,   5.91198681e-03],
       [ -1.10372240e-02,   3.54915522e-02,   4.55759428e-02,
          1.60818119e-02,  -1.66675504e-02,   3.34983356e-02,
          8.90834108e-02,   5.78247197e-02,  -2.03740485e-02,
         -2.17765123e-02,  -1.19699221e-02,   1.35623207e-02,
          1.20793715e-01,   1.09515958e-01,  -4.76099961e-02,
         -1.70018151e-03,  -1.75874494e-02,  -1.08039729e-01,
          3.12381629e-02,   5.92450909e-02],
       [  9.85608026e-02,   1.63311511e-02,   6.23719208e-02,
          5.27778827e-02,   3.95610183e-03,   3.81638519e-02,
         -1.77469011e-02,   4.12438484e-03,   4.07837443e-02,
         -7.95811862e-02,   7.34688640e-02,  -1.00777484e-01,
         -3.64758261e-02,   3.20433453e-03,   1.83371529e-02,
         -2.48356406e-02,   1.05890650e-02,   4.72818762e-02,
          6.89476803e-02,   1.35049466e-02],
       [  6.05393015e-02,   9.70342197e-03,  -9.48864873e-03,
          6.32262090e-03,  -4.25469168e-02,  -1.47135081e-02,
          6.53687865e-02,  -3.36353444e-02,   2.99979784e-02,
          1.37658074e-01,  -3.67518552e-02,  -9.45157707e-02,
          4.32522707e-02,  -5.82436696e-02,  -5.07778041e-02,
          3.76628886e-04,   5.01904301e-02,   1.23113068e-02,
          5.52139618e-03,   3.76396738e-02],
       [  2.51566973e-02,   6.15720749e-02,   4.13151383e-02,
         -2.96736863e-02,   1.15549006e-02,   3.87547053e-02,
          3.62244993e-02,   2.92185741e-03,  -5.52417636e-02,
         -3.64538580e-02,   5.16671948e-02,   6.60144612e-02,
          5.29477783e-02,  -3.23829353e-02,   3.36393975e-02,
          2.46238653e-02,  -1.44693106e-02,   3.97907495e-02,
         -2.06132829e-02,  -6.92468509e-03],
       [ -9.02765244e-03,  -1.19085042e-02,   2.36668307e-02,
         -1.71126910e-02,   5.51706068e-02,   4.51420508e-02,
          1.83127001e-02,  -1.94581877e-02,  -4.83988598e-02,
          2.19567027e-02,  -3.82982455e-02,   1.89355742e-02,
          1.76841449e-02,  -1.63068827e-02,  -1.59276335e-03,
         -4.34639379e-02,   2.65002530e-02,  -6.48056865e-02,
         -1.78513974e-02,  -1.01061268e-02],
       [  2.88347546e-02,   3.19393985e-02,  -1.39251901e-02,
          7.37976432e-02,   8.82818643e-03,  -1.28906651e-03,
          1.11822095e-02,   9.34599340e-02,   6.62867203e-02,
          1.20856008e-02,   2.52893548e-02,  -4.50302614e-03,
         -6.00396283e-02,   5.21948040e-02,  -5.98271787e-02,
         -1.29102275e-01,  -8.57069716e-02,  -6.99710799e-03,
         -2.56327298e-02,   2.48234905e-02],
       [  1.13278106e-02,  -1.46893710e-01,   2.18998045e-02,
          2.46002991e-02,  -2.09344402e-02,  -7.32780620e-02,
         -1.35559691e-02,  -7.91727975e-02,   4.02783882e-03,
         -1.93561036e-02,   6.43650442e-02,   3.77221815e-02,
          2.40499470e-02,   5.40392697e-02,   4.82941456e-02,
          6.05248809e-02,  -5.19989617e-03,  -5.71840405e-02,
          6.76268935e-02,  -1.10057011e-01],
       [ -7.51875294e-03,  -3.28970328e-02,   4.53548841e-02,
          1.98803886e-04,  -2.88784597e-02,  -3.71972732e-02,
         -4.42989841e-02,  -5.82470074e-02,  -4.94754836e-02,
          1.13764085e-01,  -2.70242337e-02,  -6.09245896e-02,
         -8.38964432e-02,   1.33426059e-02,   2.47276668e-02,
         -1.78505816e-02,   9.88869444e-02,  -7.03930557e-02,
         -2.68885437e-02,   8.58064294e-02],
       [ -1.35564832e-02,   2.09335778e-02,   9.27195232e-03,
         -3.22007164e-02,  -3.27361152e-02,   5.31367920e-02,
         -2.45838072e-02,   3.19760814e-02,   2.35389229e-02,
         -5.07985614e-02,   1.18620358e-02,   1.59461629e-02,
         -2.17391569e-02,   5.07608913e-02,   3.98229761e-03,
         -8.19137171e-02,  -8.66261199e-02,  -6.60094991e-02,
         -3.25318910e-02,  -2.77149063e-02],
       [  7.79804438e-02,   7.77528062e-03,  -5.15961014e-02,
         -2.09164042e-02,   6.21510111e-03,  -1.38302848e-01,
         -1.37978857e-02,   5.47691900e-03,   2.46762559e-02,
         -3.55721042e-02,   6.97616413e-02,   3.86100858e-02,
          4.46587689e-02,   2.44996864e-02,  -7.87382051e-02,
          2.18727943e-02,  -3.14073637e-02,   5.99366538e-02,
          5.75038977e-02,  -6.63452372e-02],
       [ -9.51906964e-02,   1.07002789e-02,   5.72500937e-02,
         -5.06621860e-02,  -7.76126981e-03,   3.37494095e-03,
         -1.84573082e-03,  -1.67064238e-02,  -5.93357312e-04,
         -1.03899837e-02,   1.25729283e-02,  -3.14294733e-02,
          8.41838494e-02,   6.45368174e-03,   4.36026193e-02,
          5.29169617e-03,  -1.06129758e-01,  -3.28218122e-03,
         -8.16073492e-02,  -4.92703803e-02],
       [ -7.42537752e-02,   8.43289774e-03,   1.40178427e-02,
         -7.84962103e-02,   6.49112314e-02,  -2.18406450e-02,
         -7.27545470e-02,  -1.01948142e-01,   1.27418013e-02,
          5.47376983e-02,   9.05226450e-03,  -4.10923772e-02,
          8.96975547e-02,   7.50676403e-03,   7.12265894e-02,
          4.85453606e-02,   5.95311588e-03,  -4.44554053e-02,
          1.57350168e-01,   5.23699224e-02],
       [  6.78501055e-02,   5.57737127e-02,   2.06334479e-02,
         -1.16825417e-01,   5.23277819e-02,   3.06633371e-03,
          5.00277849e-03,   5.34670167e-02,   5.41396700e-02,
         -1.81659590e-02,   2.34469250e-02,   3.49467285e-02,
          1.11551462e-02,  -4.28251922e-03,  -5.07318042e-02,
         -3.20382975e-03,  -2.26509348e-02,   7.88675528e-03,
          3.46043967e-02,   6.91780597e-02],
       [ -7.28163496e-02,  -1.07990183e-01,  -1.74142178e-02,
          1.20757006e-01,  -5.65407388e-02,  -2.04212423e-02,
          4.89101000e-03,  -1.41224833e-02,  -3.88530493e-02,
         -7.54100010e-02,  -1.37564810e-02,   8.45875405e-03,
          6.17507752e-03,  -1.00302612e-02,   4.35470101e-05,
          4.05390784e-02,  -1.07572675e-01,   4.08858061e-02,
         -1.85211394e-02,  -2.34848205e-02],
       [ -4.64585535e-02,   4.25233394e-02,   6.18051179e-02,
         -7.70588741e-02,   1.00660615e-03,   6.24976419e-02,
          1.37646990e-02,   3.72944809e-02,   1.00847937e-01,
          3.94754708e-02,  -2.98756938e-02,  -1.06749609e-01,
          1.58224683e-02,  -6.42008334e-03,  -1.17150517e-02,
          5.39466329e-02,  -5.51042445e-02,   1.64710339e-02,
          2.98291352e-02,   2.89771464e-02],
       [  2.88838036e-02,  -8.01914092e-03,   2.30449568e-02,
          3.39300409e-02,   3.83458696e-02,   6.27908930e-02,
         -6.78683305e-03,   4.27616499e-02,   2.61692293e-02,
         -3.80051546e-02,   1.29510676e-02,   5.86437546e-02,
          4.08142619e-02,   2.41699461e-02,  -3.36599015e-02,
          5.64705022e-02,  -5.90390824e-02,  -5.38380221e-02,
         -1.81030389e-02,   1.17500639e-02],
       [  4.88767885e-02,   9.38539114e-03,   7.31830671e-02,
          3.75631312e-03,  -7.54070422e-03,  -3.55371796e-02,
          1.82522107e-02,  -9.82481018e-02,   1.20864503e-01,
          5.19728847e-02,   5.42001091e-02,   2.64652222e-02,
          5.76536022e-02,   2.59512402e-02,  -8.12107101e-02,
          4.25916761e-02,   8.41631088e-03,  -4.68876325e-02,
         -1.86087172e-02,   6.52679130e-02],
       [  2.92377975e-02,   4.93887812e-02,   5.46586588e-02,
         -6.05502091e-02,   2.62510926e-02,  -1.44434318e-01,
          4.72927047e-03,  -7.95207769e-02,   6.86381981e-02,
         -4.83647780e-03,   1.64017435e-02,   4.00999337e-02,
         -1.00039564e-01,   2.66728904e-02,  -5.26482649e-02,
          3.46032344e-02,  -1.24869701e-02,   6.45003244e-02,
          2.74497271e-02,  -3.27034071e-02],
       [  4.61432636e-02,   6.83220252e-02,  -3.03769275e-03,
         -1.07999211e-02,  -7.21612060e-03,   3.32090631e-02,
          8.41571391e-02,  -8.57605562e-02,  -2.98049897e-02,
          5.54107130e-02,  -4.74292152e-02,   3.45905754e-03,
         -1.32439151e-01,   5.81051223e-03,  -6.36761114e-02,
          1.40833110e-02,  -8.20557773e-02,  -2.45261509e-02,
          6.26028469e-03,   7.55740330e-02],
       [  6.07511699e-02,  -6.16122736e-03,   1.07055483e-02,
          3.27653475e-02,   8.36938526e-03,  -2.66386513e-02,
         -9.45076197e-02,  -3.23311500e-02,   4.71797027e-03,
         -1.24655655e-02,   3.88118513e-02,   1.64580904e-02,
          6.25543520e-02,   2.44492199e-02,  -1.35115208e-02,
         -1.50306839e-02,  -6.97955638e-02,  -4.76218527e-04,
         -1.18748210e-02,   2.52664816e-02]], dtype=float32), array([ 0.,  0.,  0.,  0.,  0.,  0.,  0.,  0.,  0.,  0.,  0.,  0.,  0.,
        0.,  0.,  0.,  0.,  0.,  0.,  0.], dtype=float32)][array([[ 0.04095151],
       [ 0.01749628],
       [-0.05724246],
       [ 0.00894015],
       [-0.03227862],
       [ 0.03473936],
       [-0.01529111],
       [-0.04552501],
       [ 0.04011029],
       [ 0.00205682],
       [ 0.03234421],
       [-0.02750899],
       [ 0.05358214],
       [-0.08022785],
       [ 0.07970785],
       [ 0.01959026],
       [-0.04131253],
       [ 0.012725  ],
       [ 0.10393274],
       [ 0.00711261]], dtype=float32), array([ 0.], dtype=float32)]