[array([[-0.05831799,  0.0247904 , -0.05447386,  0.04040939,  0.11346906,
         0.06607033, -0.03487469, -0.01464196, -0.01691556, -0.01041823,
        -0.00734431,  0.00564864,  0.02566557,  0.03396601,  0.03400297,
         0.01712451, -0.01188742, -0.04386431,  0.01006185, -0.06180032,
         0.04682205,  0.05648028, -0.02716176, -0.04885888,  0.01344998,
        -0.06130053, -0.01086694,  0.04304844,  0.14096349, -0.01745822,
         0.01626604,  0.02525775,  0.01744118,  0.07411321, -0.03191496,
         0.09240811,  0.00449578,  0.05197382,  0.08800726, -0.10350998,
        -0.03167069,  0.03528224, -0.02517864,  0.01739204, -0.0119583 ,
        -0.08658858,  0.03831811,  0.0993444 , -0.03235436, -0.0691992 ],
       [ 0.04403056, -0.03916368, -0.07258298,  0.05692772, -0.03809137,
        -0.02242215,  0.05195034, -0.02784248, -0.0813364 , -0.03222991,
        -0.02770666,  0.01327802, -0.00869386, -0.10364877,  0.03071963,
        -0.01782901,  0.05045824, -0.05487214, -0.01881676,  0.03021984,
        -0.03249618,  0.02031087, -0.02658561, -0.02244266,  0.03043548,
        -0.02907166, -0.05815736, -0.00824674,  0.08834886, -0.01038451,
        -0.03607851,  0.08887766,  0.01766876, -0.05111929,  0.000268  ,
        -0.03133261,  0.00218644,  0.03422267, -0.01057582, -0.01696424,
         0.00063322, -0.01180862,  0.03622095, -0.04411635, -0.06402946,
         0.02249671,  0.05944922,  0.01150511, -0.0329352 ,  0.01342441],
       [-0.02408534,  0.02518643, -0.01880073,  0.03534275,  0.00878994,
        -0.0002462 , -0.0038928 , -0.04651852, -0.00087434,  0.00214041,
         0.02088938, -0.07811779, -0.03289315,  0.00299631, -0.07065172,
         0.00678321,  0.0992208 , -0.05169273, -0.03545905,  0.00436527,
        -0.02695013,  0.08877833,  0.02611549,  0.14755891, -0.03224725,
         0.04411453,  0.06130972,  0.01804257, -0.00476187,  0.05116377,
         0.03934428,  0.11266156,  0.0083444 , -0.04550589, -0.0458942 ,
         0.02948723, -0.06254578,  0.00806235,  0.06121118,  0.06992544,
         0.00591247,  0.00175159, -0.0232314 , -0.04311046,  0.03970177,
         0.04439786,  0.009191  ,  0.01715516,  0.05822041,  0.00533571],
       [ 0.02685339, -0.04360915, -0.01389225, -0.00559525, -0.04975618,
         0.03859335, -0.03851488,  0.0152061 , -0.08249498,  0.06086467,
         0.04425755,  0.01915522,  0.027722  ,  0.07695344,  0.0061267 ,
        -0.02748539, -0.0060287 , -0.00127345, -0.07270538, -0.09399029,
         0.01218449, -0.00808802,  0.02202458,  0.0526462 ,  0.05271946,
        -0.01773084,  0.07570809,  0.0333705 ,  0.07551499, -0.00311296,
         0.06291127,  0.03611284,  0.03181135,  0.08647706,  0.04839284,
         0.08989863,  0.02677886,  0.01145705, -0.02208796, -0.04518939,
        -0.04396174,  0.02034407, -0.05799706, -0.05768181, -0.01574353,
        -0.00325203,  0.08436053, -0.10853834,  0.03838553,  0.02366182]], dtype=float32), array([ 0.,  0.,  0.,  0.,  0.,  0.,  0.,  0.,  0.,  0.,  0.,  0.,  0.,
        0.,  0.,  0.,  0.,  0.,  0.,  0.,  0.,  0.,  0.,  0.,  0.,  0.,
        0.,  0.,  0.,  0.,  0.,  0.,  0.,  0.,  0.,  0.,  0.,  0.,  0.,
        0.,  0.,  0.,  0.,  0.,  0.,  0.,  0.,  0.,  0.,  0.], dtype=float32)][array([[  2.12433245e-02,   9.62233469e-02,   1.68037489e-02,
          6.18711300e-02,   5.43782823e-02,   2.98685916e-02,
         -1.15265744e-02,   3.78288031e-02,   3.45559120e-02,
         -3.90225798e-02,   7.45021775e-02,  -1.14364997e-01,
         -5.65667562e-02,  -1.69769488e-02,   8.29646364e-02,
         -1.75489578e-02,   1.66995432e-02,  -5.94609566e-02,
         -3.80095653e-02,  -6.92042783e-02],
       [  3.78451794e-02,  -7.95881078e-02,  -1.64558981e-02,
         -1.65180396e-02,  -6.93072081e-02,   4.78351563e-02,
         -8.42096210e-02,   6.47966862e-02,  -2.27238219e-02,
         -3.99672426e-02,   5.24211070e-03,   3.21980231e-02,
          1.48152933e-02,  -5.48079982e-02,   5.75501919e-02,
         -2.89061721e-02,   3.41161974e-02,  -9.62336268e-03,
         -3.31232995e-02,   4.93106246e-02],
       [  3.68356109e-02,  -3.10616530e-02,   8.69634002e-02,
          2.02188212e-02,  -5.77078946e-02,  -7.03133568e-02,
         -8.18874463e-02,  -5.70939202e-03,  -1.81134790e-02,
         -3.93550508e-02,  -5.01754098e-02,  -4.92540700e-03,
         -6.85109869e-02,   1.86290860e-03,  -2.49648113e-02,
          2.69470345e-02,   1.23646101e-02,   2.14864966e-02,
         -5.17548621e-02,   4.36671376e-02],
       [ -2.71577928e-02,   2.01330539e-02,  -1.65097322e-03,
         -7.54308030e-02,  -6.55031353e-02,   2.70008687e-02,
          3.87444422e-02,   8.86147022e-02,  -2.10827123e-02,
          1.02945626e-01,  -4.56319451e-02,   1.49075836e-01,
         -1.96690671e-02,  -3.18279043e-02,  -5.35782240e-02,
         -1.43268972e-03,  -4.71196749e-04,  -9.78412703e-02,
          2.91024800e-02,  -3.03474013e-02],
       [  7.61268139e-02,   1.28494417e-02,  -1.90161094e-01,
          1.98791157e-02,  -6.47915900e-02,  -1.40856383e-02,
          3.37296538e-03,  -3.96021530e-02,   1.13659479e-01,
         -6.03350662e-02,   1.24371469e-01,   3.10269445e-02,
         -6.56910688e-02,   9.17913020e-03,  -3.70065570e-02,
         -7.05345869e-02,   2.14241948e-02,  -9.37219337e-03,
          8.89885612e-03,   4.29258794e-02],
       [  2.30372082e-02,  -2.09665205e-02,   5.93019985e-02,
         -5.09179719e-02,  -3.48668471e-02,  -1.80491190e-02,
          6.49521872e-02,  -7.13090524e-02,   7.55868480e-02,
          2.29546744e-02,  -5.41202985e-02,   8.73658061e-02,
         -4.23885696e-02,  -2.05748286e-02,   5.86295091e-02,
         -7.58621916e-02,  -1.02922596e-01,   2.48912536e-02,
         -1.54221011e-02,  -1.99445393e-02],
       [ -1.41888456e-02,   9.70209688e-02,   3.32196839e-02,
          5.06824926e-02,   4.89401184e-02,   4.45109345e-02,
         -9.21712369e-02,   8.78298841e-03,   3.67948674e-02,
          1.27232419e-02,  -4.87830229e-02,   9.79382396e-02,
         -1.57581735e-02,  -3.25663276e-02,  -3.62616889e-02,
         -1.13818040e-02,   7.52669573e-02,  -2.86808945e-02,
         -5.86233847e-02,  -3.06749642e-02],
       [  2.85095815e-02,   1.21535659e-02,  -2.40740925e-02,
          1.83224201e-03,   1.28867049e-02,  -3.98780368e-02,
          5.51212989e-02,   5.22226579e-02,  -1.16224203e-03,
         -3.89398262e-02,  -1.49946539e-02,   6.07891865e-02,
          2.14878973e-02,   8.28423500e-02,  -5.91150485e-02,
         -1.11387379e-03,  -6.89443806e-03,   5.48064373e-02,
          1.20217763e-02,   8.81740265e-03],
       [ -7.26665482e-02,   1.36183677e-02,   1.31191490e-02,
         -4.82412614e-03,   2.78371572e-02,  -4.30276804e-02,
          1.40484095e-01,  -3.44715230e-02,   6.95719151e-03,
          2.89291032e-02,  -2.86782216e-02,  -7.74802417e-02,
          8.56562797e-03,  -7.96562508e-02,  -2.44292375e-02,
         -2.68431697e-02,  -5.34979701e-02,   5.10413907e-02,
         -8.61610994e-02,   2.68119313e-02],
       [ -7.56458417e-02,  -1.10425176e-02,  -3.23667228e-02,
          2.01584417e-02,  -2.61819046e-02,  -1.36680668e-02,
         -5.48058152e-02,   3.54045592e-02,  -4.17385139e-02,
         -3.12723890e-02,   3.99445109e-02,   7.49417394e-02,
         -7.23820254e-02,  -2.05970872e-02,   5.09663410e-02,
         -7.90315028e-03,  -4.44235727e-02,  -8.47434029e-02,
          1.20512117e-02,  -3.19618508e-02],
       [  3.80487703e-02,  -2.52013095e-02,  -2.29849461e-02,
          5.93289547e-02,  -3.83494794e-02,   2.76611634e-02,
         -5.01207486e-02,   8.54763130e-05,  -3.25927883e-02,
          1.26101002e-02,   5.06622158e-02,   1.06434012e-02,
         -2.36284304e-02,   3.65028828e-02,   8.21695775e-02,
          4.39869054e-02,  -1.28503321e-02,  -6.02964638e-03,
          4.96597514e-02,  -4.58458060e-04],
       [ -1.80767793e-02,   3.47408615e-02,  -6.65564239e-02,
          5.77161275e-02,   2.03130003e-02,   6.21740036e-02,
          9.37614590e-02,   3.36169265e-02,  -5.72780743e-02,
         -2.46167220e-02,   7.46322647e-02,  -5.53165153e-02,
         -6.86854729e-03,  -4.11769859e-02,   3.08337854e-03,
          2.04433911e-02,   8.10467545e-03,  -8.19227099e-02,
          2.17271373e-02,  -3.73060368e-02],
       [ -2.61496147e-03,  -1.31549267e-02,  -5.12008332e-02,
          3.25200707e-02,  -3.93587165e-02,   7.04358965e-02,
          4.74422760e-02,  -9.44437683e-02,  -2.52390504e-02,
         -4.92911860e-02,   5.65470271e-02,   6.11680448e-02,
         -8.21716711e-02,  -3.36780287e-02,  -1.03104021e-03,
          1.35048972e-02,  -3.53909396e-02,  -1.08691184e-02,
          7.85999298e-02,  -4.80729342e-03],
       [ -1.01541514e-02,  -6.36292323e-02,  -1.46654835e-02,
          4.51274663e-02,  -1.66701246e-02,   6.07711673e-02,
         -6.53557628e-02,   9.54889785e-03,  -7.05135912e-02,
         -6.91928491e-02,   1.54068535e-02,   4.56342734e-02,
         -8.13079700e-02,   4.06526867e-03,  -1.24837030e-02,
         -4.84644473e-02,  -4.10555378e-02,  -1.50570301e-02,
          2.32870374e-02,  -5.38411783e-03],
       [ -2.15953961e-02,   3.95813994e-02,  -4.30423878e-02,
         -4.56784330e-02,   4.43970338e-02,   5.57168499e-02,
          2.43444834e-02,   7.11247474e-02,  -1.19106574e-02,
          1.96694937e-02,   5.08156307e-02,   2.98971441e-02,
          7.40692392e-02,  -4.43922393e-02,   4.28246930e-02,
          1.31632954e-01,   1.99881345e-02,   6.03336766e-02,
         -1.02276839e-01,  -2.56760325e-02],
       [ -7.90148159e-04,   1.95471402e-02,  -1.39625194e-02,
         -6.29031807e-02,  -5.27716763e-02,  -3.26199876e-03,
         -1.54998396e-02,   3.23517658e-02,   1.36723462e-02,
         -1.68834794e-02,  -1.48693835e-02,   6.78637847e-02,
         -8.21592938e-03,  -2.12205271e-03,   5.48163243e-03,
         -7.97647163e-02,  -5.07437848e-02,  -9.94454976e-03,
          1.21180210e-02,  -4.03800718e-02],
       [  5.26543967e-02,   5.72326556e-02,   3.98966819e-02,
         -6.34205416e-02,   1.00708805e-01,   5.86105452e-04,
         -1.07778832e-02,   1.09731868e-01,  -1.42156649e-02,
         -2.99747866e-02,  -4.29525971e-02,  -2.58609205e-02,
         -1.87893789e-02,  -1.68600620e-03,  -2.89789829e-02,
          4.36433069e-02,  -9.75855999e-03,   8.53395276e-03,
         -4.69988063e-02,  -8.42552707e-02],
       [  4.95786406e-02,   3.59157436e-02,   2.66362410e-02,
         -1.89527627e-02,   2.02036016e-02,  -4.14738171e-02,
          3.06659434e-02,  -3.24248150e-03,   4.17496003e-02,
         -1.95763838e-02,  -1.63034219e-02,   5.08972779e-02,
         -2.74195503e-02,  -1.77951697e-02,  -5.12394123e-02,
         -3.23369703e-03,   6.14021346e-03,   7.66214821e-03,
         -1.49695665e-01,  -3.96332629e-02],
       [  4.28611711e-02,  -8.06715116e-02,  -2.83616576e-02,
         -4.79944423e-02,  -2.66195629e-02,  -2.71284673e-02,
          5.53252129e-03,  -2.48337593e-02,  -6.47325888e-02,
         -7.49168620e-02,   6.94533885e-02,  -4.65999804e-02,
          1.77402757e-02,  -2.97327098e-02,  -1.08214810e-01,
         -6.40256256e-02,  -2.39446890e-02,  -1.58871077e-02,
          2.35218387e-02,   4.01622336e-03],
       [  1.13002300e-01,  -5.19222692e-02,  -1.45299569e-01,
          7.62744024e-02,  -3.38065773e-02,  -1.72583107e-02,
          3.00824586e-02,  -4.30103056e-02,   1.83286350e-02,
          2.64548119e-02,  -9.54542495e-03,   4.94714268e-02,
          2.03682035e-02,   5.77849336e-02,   5.16615398e-02,
         -1.61193591e-02,   7.25392029e-02,   2.97819376e-02,
         -1.07389521e-02,   9.71108489e-03],
       [ -1.37084154e-02,   7.41779944e-03,   2.39751451e-02,
          8.81357417e-02,  -4.91949506e-02,   1.56437177e-02,
         -3.46681885e-02,  -2.71895621e-02,   4.03419062e-02,
         -5.06437682e-02,   6.60348386e-02,  -3.44764888e-02,
          1.58635583e-02,  -3.17158853e-03,   1.86486579e-02,
          4.87178229e-02,   1.02489486e-01,   3.20608094e-02,
         -1.28544318e-02,  -4.24592290e-03],
       [ -6.97683394e-02,  -2.89438907e-02,   5.08768335e-02,
         -1.05365086e-02,   2.55180635e-02,   7.91388676e-02,
         -2.41353400e-02,   2.35508140e-02,  -3.25582139e-02,
         -6.41601011e-02,   4.74955365e-02,  -3.77955032e-03,
         -1.09624244e-01,  -2.26524193e-02,  -1.22733703e-02,
          2.44603436e-02,   2.72702482e-02,   1.31059962e-03,
          1.32236932e-03,   5.39176725e-03],
       [  2.86102295e-03,  -9.61752236e-03,  -3.91385816e-02,
          3.29572819e-02,   9.57907885e-02,  -7.38749430e-02,
          4.62842137e-02,   3.41211632e-02,   4.40925919e-02,
          5.02510853e-02,   1.66590195e-02,   2.92984843e-02,
          2.20448412e-02,   5.78198247e-02,   3.40541489e-02,
          1.54784760e-02,  -7.17806071e-02,   1.03167314e-02,
         -2.14252528e-02,   8.15859139e-02],
       [ -8.69669691e-02,   2.10674740e-02,   5.63091151e-02,
          7.45432377e-02,   6.42469749e-02,  -1.89946573e-02,
         -2.50811186e-02,  -8.09237640e-03,  -1.11313416e-02,
          3.46027166e-02,  -6.15015812e-02,   2.77744029e-02,
         -1.25824823e-03,  -5.63298538e-02,   7.51225790e-03,
         -3.96119282e-02,   4.97113355e-03,   7.98736140e-02,
         -6.37728572e-02,   2.46752668e-02],
       [ -2.42681559e-02,  -1.15655866e-02,   8.71156305e-02,
         -3.29160765e-02,   1.07971184e-01,  -4.29957844e-02,
         -1.07264437e-01,   5.67106269e-02,   9.58684310e-02,
         -5.31882532e-02,   6.05713800e-02,  -2.02025939e-02,
          8.45388137e-03,   2.60057487e-02,   3.72551605e-02,
          7.05942437e-02,   6.02382142e-03,   2.80095870e-03,
         -5.50994230e-03,  -6.36434928e-02],
       [ -1.20805971e-01,   9.92489280e-04,   4.87512387e-02,
          1.23806754e-02,   5.98247647e-02,  -3.97841670e-02,
          1.44043863e-02,   5.84496073e-02,   7.87934363e-02,
          5.37012517e-02,  -3.57836718e-03,   1.48460437e-02,
         -1.02626696e-01,   5.02349325e-02,  -2.65224115e-03,
         -3.36713456e-02,   6.92119524e-02,   1.30755678e-02,
          1.77492797e-02,   1.00529306e-01],
       [  1.56277213e-02,  -1.18229464e-02,  -6.79893345e-02,
         -6.65497258e-02,   3.24563757e-02,  -1.17180206e-01,
         -2.92424019e-02,  -3.56696956e-02,  -5.86256981e-02,
         -1.29960745e-03,   2.55789608e-02,  -3.81512493e-02,
          1.09469868e-01,  -4.76069264e-02,   2.94361655e-02,
          3.85787524e-03,   4.95953001e-02,   2.49621249e-03,
          3.13645527e-02,   1.50284981e-02],
       [  2.33079474e-02,  -7.92388245e-03,  -3.62109356e-02,
          1.77361444e-03,   1.29370978e-02,   1.02931432e-01,
          1.83245149e-02,  -7.44176134e-02,   1.06127970e-01,
          3.23138088e-02,  -9.73438248e-02,  -4.66786735e-02,
          1.02770507e-01,  -7.95277730e-02,  -3.67025025e-02,
          8.94722156e-03,  -5.42442799e-02,  -3.42175625e-02,
         -1.70935839e-02,   3.76432352e-02],
       [  1.85738690e-02,   9.82068777e-02,   6.09194525e-02,
          4.31523006e-03,   1.94418654e-02,   9.66599118e-03,
          4.03113142e-02,  -4.10874002e-02,  -2.28159856e-02,
         -3.57454792e-02,  -2.61087120e-02,  -1.25652123e-02,
          6.26771078e-02,   2.12350246e-02,  -8.19464698e-02,
          2.76490748e-02,  -6.97309896e-02,   3.02440114e-02,
          2.34817415e-02,   9.54525545e-02],
       [  5.33967875e-02,   7.07790554e-02,   3.56850028e-02,
          6.28286554e-03,  -2.22679432e-02,  -5.84435947e-02,
         -1.91153418e-02,  -2.08410621e-03,  -4.69572358e-02,
          1.11579429e-02,  -4.27619033e-02,   4.23951633e-03,
          4.33593206e-02,   1.14616603e-02,   1.59200339e-03,
          1.21046700e-01,   4.29338031e-02,  -4.42840867e-02,
          5.36985770e-02,  -2.52153873e-02],
       [  7.13350177e-02,   3.14180069e-02,   2.72105839e-02,
          1.44773787e-02,  -6.23122342e-02,   1.45497099e-02,
         -1.10162668e-01,   7.23803565e-02,   5.94457500e-02,
         -2.84285843e-02,   6.29046038e-02,   4.50649410e-02,
         -3.23191024e-02,   6.53329631e-03,  -1.02751227e-02,
         -1.39054162e-02,  -2.46084090e-02,   1.24162938e-02,
         -1.10539328e-02,   5.40569499e-02],
       [ -1.42993247e-02,   3.56124900e-02,   2.78489422e-02,
         -1.47429947e-02,   6.03088625e-02,   6.71299919e-02,
          7.72955194e-02,   8.34236667e-02,   7.37049803e-03,
          6.04942702e-02,   8.12716112e-02,   1.68418454e-03,
         -6.34025559e-02,  -2.42054220e-02,  -1.79198738e-02,
         -1.69106498e-02,   7.98827261e-02,  -3.26328427e-02,
          4.64148261e-02,   2.84995977e-02],
       [  5.56056388e-02,   2.42169108e-02,  -3.75154726e-02,
          4.81688008e-02,   6.80006668e-02,  -1.47388494e-02,
         -2.52880361e-02,  -6.48105750e-03,   4.42821309e-02,
         -5.47007583e-02,  -1.58895757e-02,   8.56491644e-03,
          6.26639351e-02,  -2.73957457e-02,  -2.02472694e-03,
         -4.70265597e-02,   4.05241884e-02,  -4.03118394e-02,
          4.66960259e-02,  -1.91513412e-02],
       [ -4.70189005e-02,   1.03314854e-02,   2.96108983e-03,
         -8.61260016e-03,  -9.16909799e-02,   2.94575784e-02,
          2.87784170e-02,  -3.81127074e-02,  -2.77785156e-02,
          3.31583768e-02,   6.55586496e-02,   4.79559228e-02,
          2.35805777e-03,   4.21361290e-02,  -2.98880693e-02,
          5.71611198e-03,  -2.28177831e-02,   3.55389901e-02,
          9.00662765e-02,   4.09362987e-02],
       [ -1.67006273e-02,  -1.02988277e-02,  -1.89382788e-02,
          1.00149773e-01,   3.94087993e-02,  -9.03957114e-02,
          1.45022739e-02,  -3.02491616e-02,   2.19572037e-02,
         -1.73068698e-02,  -1.76845398e-02,   8.68006721e-02,
          6.24779873e-02,   3.13696824e-02,   3.87538485e-02,
          3.32318284e-02,   6.94881752e-02,   3.32268737e-02,
          4.46245335e-02,  -4.14570840e-03],
       [  5.01393192e-02,   6.50573103e-03,   7.71523342e-02,
         -5.34282736e-02,   1.74271371e-02,  -5.35526164e-02,
         -5.80750816e-02,  -7.46584237e-02,  -9.29390565e-02,
         -8.98363814e-02,   8.06407444e-03,  -4.88387793e-02,
         -2.56043728e-02,  -1.73180755e-02,  -2.18572039e-02,
         -4.98227729e-03,   1.51067171e-02,   5.61781134e-03,
         -3.48685384e-02,  -2.66512018e-02],
       [ -6.13854965e-03,   5.96537441e-03,  -8.26643500e-03,
          4.97803017e-02,   2.66201748e-03,   2.35810727e-02,
         -4.44434136e-02,   5.38791530e-02,   3.34800198e-03,
          7.74701824e-03,   5.45445979e-02,   1.75239448e-03,
         -2.28757840e-02,  -5.39087355e-02,  -3.23544107e-02,
         -3.50123681e-02,   4.29207133e-03,   8.87440965e-02,
          2.49498412e-02,   3.12671661e-02],
       [  9.21675377e-03,   3.81812565e-02,  -7.55135436e-03,
         -2.80454308e-02,  -5.76207042e-02,   4.78673354e-02,
         -1.20906547e-01,   9.66011547e-03,   1.70692001e-02,
         -9.91348922e-02,   8.21090490e-02,   4.42907326e-02,
         -7.67174512e-02,   1.72913261e-02,  -4.92512658e-02,
         -1.82370972e-02,  -5.94598567e-03,  -6.51034107e-03,
          3.28022689e-02,  -3.90268117e-03],
       [ -1.33437337e-02,   6.07072972e-02,  -6.48109838e-02,
          4.46143225e-02,   1.17435660e-02,   4.20517810e-02,
          5.43736406e-02,   6.00000024e-02,   5.18498793e-02,
         -5.86298369e-02,   1.19841017e-01,  -6.07275926e-02,
          2.62482408e-02,  -1.45655023e-02,   3.25521007e-02,
         -3.03971115e-02,   1.19410399e-02,   3.62489261e-02,
         -4.27193046e-02,   9.99053475e-04],
       [ -7.80585269e-03,   4.12895940e-02,   3.12513188e-02,
          5.49710281e-02,   3.59267481e-02,  -5.44683775e-03,
          2.64612343e-02,   3.74070033e-02,  -7.66320154e-02,
         -7.96232894e-02,   7.65031436e-03,  -3.04279458e-02,
         -2.38434747e-02,   4.99688312e-02,   8.22192654e-02,
          6.56230971e-02,  -2.02487851e-03,  -2.72129923e-02,
          5.78771494e-02,   3.91099155e-02],
       [  1.02909999e-02,   4.15982231e-02,   5.20180874e-02,
         -3.35818790e-02,  -4.84131053e-02,   6.13833927e-02,
          7.51410872e-02,   5.19690700e-02,   1.75723936e-02,
          1.15795489e-02,   9.90252420e-02,   1.70429554e-02,
          1.09850980e-01,  -9.24991891e-02,  -4.94175591e-02,
          7.02707246e-02,   7.41221011e-02,  -5.35649247e-02,
          4.24906127e-02,   4.11753310e-03],
       [  4.80438396e-02,   1.29363999e-01,  -2.75800321e-02,
          1.04419611e-01,   2.51449849e-02,   8.99927132e-03,
          3.19384374e-02,   4.08144668e-02,   1.96259804e-02,
         -1.56356264e-02,   5.80070801e-02,  -5.62231652e-02,
         -2.95367129e-02,  -4.04728949e-02,   4.01918516e-02,
          4.06836383e-02,  -3.76442703e-03,   2.83886977e-02,
          5.37632369e-02,  -5.00647500e-02],
       [ -6.72804341e-02,   5.93844466e-02,  -2.44875737e-02,
         -2.62918677e-02,   1.27729494e-02,  -1.18103223e-02,
         -3.28574143e-02,   3.60161662e-02,  -6.93322048e-02,
         -2.49617640e-02,   1.65423118e-02,   5.43031506e-02,
         -4.38560545e-03,  -6.35044649e-02,  -1.31815020e-02,
         -8.93871393e-03,  -5.15301106e-03,  -1.91598907e-02,
          3.85389253e-02,  -8.32040533e-02],
       [ -8.32517147e-02,  -1.08341984e-02,   2.36366247e-03,
         -6.47635534e-02,  -5.65862320e-02,  -2.68202014e-02,
         -6.53893873e-02,   4.27527120e-03,   6.30943328e-02,
          6.72678798e-02,  -1.68849695e-02,   1.50330020e-02,
          1.43019423e-01,  -3.13256830e-02,   9.04476549e-03,
         -6.39175018e-03,   8.84209424e-02,  -7.57567137e-02,
          5.93829267e-02,   4.57511432e-02],
       [ -1.90320220e-02,   1.89290628e-01,  -2.22779568e-02,
         -3.17196660e-02,   1.07767694e-02,  -6.59038797e-02,
         -1.40762166e-03,  -1.30172614e-02,   3.61559503e-02,
         -5.12979999e-02,   7.08786119e-03,   6.06968515e-02,
         -7.67707005e-02,   3.00435424e-02,  -3.74997333e-02,
          1.11206748e-01,  -5.91195598e-02,  -1.08280247e-02,
         -3.51512805e-02,   3.71791013e-02],
       [  5.26156314e-02,  -4.95113544e-02,  -3.06305345e-02,
         -8.17291141e-02,   8.01558048e-02,   2.86870003e-02,
         -1.99158210e-02,  -7.34868720e-02,   6.80843592e-02,
         -2.18085535e-02,   1.03036083e-01,  -2.54030470e-02,
          2.28287410e-02,  -2.97780167e-02,   1.38239739e-02,
          4.91175195e-03,   3.90234147e-03,  -5.57392370e-03,
         -1.08871507e-02,  -6.59189001e-02],
       [  2.14103721e-02,   1.03946202e-01,   1.70068778e-02,
         -1.33843899e-01,   5.40342927e-03,   5.01205213e-02,
         -3.61487432e-03,  -3.66122425e-02,   1.17510892e-02,
         -4.17758934e-02,   1.68808252e-02,  -1.52322277e-02,
          5.58926053e-02,   5.38127013e-02,   6.14887178e-02,
          8.37176386e-03,  -3.66110541e-02,  -3.20053957e-02,
          2.32832525e-02,   3.26691829e-02],
       [ -1.70538817e-02,   2.71171425e-02,  -8.23426545e-02,
          2.70139184e-02,   1.00106589e-01,   1.15407435e-02,
          7.11779669e-02,   2.05308609e-02,   9.47075244e-03,
          3.84835750e-02,  -3.86119224e-02,  -4.59618233e-02,
          4.45611887e-02,   3.62040401e-02,   4.95446138e-02,
         -6.82010502e-02,   3.34357731e-02,   4.52377014e-02,
          8.89922455e-02,   4.45306208e-03],
       [ -1.18349912e-02,  -2.43390594e-02,  -2.49385964e-02,
          7.08628446e-03,  -2.92115211e-02,  -7.46185407e-02,
         -4.52102125e-02,   8.88608024e-02,  -2.01646816e-02,
          2.55966876e-02,  -2.85621379e-02,  -2.41476223e-02,
         -2.97181997e-02,   2.29737144e-02,  -2.36689430e-02,
          3.57658975e-02,  -1.14568071e-02,   1.42619174e-04,
         -2.85831075e-02,  -3.01156193e-02],
       [  7.08644912e-02,   2.80394852e-02,   2.01779809e-02,
         -9.73569695e-03,  -3.58964764e-02,  -1.16168849e-01,
         -6.59048110e-02,   1.18269540e-01,  -9.79605690e-03,
         -4.15277928e-02,  -4.94619720e-02,  -4.54654768e-02,
         -3.70207094e-02,  -4.29373048e-02,  -4.96839397e-02,
          7.19591975e-02,  -4.88911308e-02,   2.21559163e-02,
         -3.29166688e-02,  -1.66791808e-02]], dtype=float32), array([ 0.,  0.,  0.,  0.,  0.,  0.,  0.,  0.,  0.,  0.,  0.,  0.,  0.,
        0.,  0.,  0.,  0.,  0.,  0.,  0.], dtype=float32)][array([[-0.03125327],
       [ 0.02174904],
       [-0.05139163],
       [ 0.03468665],
       [-0.0834843 ],
       [ 0.02055036],
       [-0.02377961],
       [ 0.01185192],
       [ 0.08103334],
       [ 0.01605247],
       [ 0.01927598],
       [ 0.07211762],
       [ 0.03098793],
       [ 0.00855101],
       [ 0.00492588],
       [-0.0090361 ],
       [ 0.03268582],
       [-0.02906616],
       [-0.00320187],
       [ 0.03026171]], dtype=float32), array([ 0.], dtype=float32)]