[array([[-0.03913288,  0.0173039 , -0.04490783, -0.01351055,  0.12414042,
         0.02880092, -0.00050074, -0.10396862, -0.0932442 , -0.0455168 ,
        -0.05596048,  0.0656838 ,  0.01709321,  0.03393388, -0.02559665,
         0.05690859,  0.06586277,  0.06857252, -0.01760485, -0.01465158,
         0.01184225,  0.0972826 ,  0.05693508, -0.09417724, -0.07612763,
         0.05920494,  0.0461087 ,  0.00388519, -0.05211429, -0.12717742,
        -0.05192937,  0.01314331, -0.01494942,  0.02034412,  0.04282621,
         0.13127333,  0.05705373, -0.05103701,  0.04681697, -0.01823277,
        -0.00621939,  0.09936029, -0.01393032, -0.02094271, -0.05187828,
        -0.09801017,  0.12399937,  0.00405402,  0.00751618,  0.01039363],
       [ 0.02526255, -0.09172446, -0.03158661, -0.01870512,  0.05013528,
        -0.04914334, -0.0579818 ,  0.12604849, -0.00295598,  0.05378822,
        -0.0266864 , -0.01423497, -0.04326778, -0.00694622,  0.02002176,
         0.14580829, -0.03795483, -0.05602599,  0.1473193 ,  0.00668656,
        -0.00293508, -0.04836174,  0.05012412,  0.03131514,  0.00354282,
         0.05356762,  0.08142929,  0.02242747,  0.06907701,  0.09777477,
        -0.00436678,  0.05798368, -0.01329594,  0.03343775,  0.00025971,
         0.11339607, -0.02988989,  0.05043215, -0.00392605, -0.00700802,
        -0.05657763, -0.00214733, -0.04493841,  0.00391772,  0.01405057,
        -0.06062279,  0.01074593,  0.02815867,  0.01786535,  0.00814079]], dtype=float32), array([ 0.,  0.,  0.,  0.,  0.,  0.,  0.,  0.,  0.,  0.,  0.,  0.,  0.,
        0.,  0.,  0.,  0.,  0.,  0.,  0.,  0.,  0.,  0.,  0.,  0.,  0.,
        0.,  0.,  0.,  0.,  0.,  0.,  0.,  0.,  0.,  0.,  0.,  0.,  0.,
        0.,  0.,  0.,  0.,  0.,  0.,  0.,  0.,  0.,  0.,  0.], dtype=float32)][array([[  2.58580875e-02,  -1.14071004e-01,  -2.65429802e-02,
         -2.13876367e-02,  -3.92839126e-02,   2.78287362e-02,
         -2.54041608e-02,  -7.80009432e-03,   7.90214986e-02,
         -3.16425748e-02,  -6.58785040e-03,   9.19412971e-02,
         -6.01817966e-02,   3.88050526e-02,   5.64121678e-02,
         -1.33870542e-02,   2.19129287e-02,   9.72773209e-02,
         -1.49998916e-02,   4.26916406e-03],
       [  2.01699194e-02,  -7.43259639e-02,  -1.71452332e-02,
          1.55312736e-02,  -7.44112954e-03,  -9.79148820e-02,
          2.27747858e-03,  -2.85286140e-02,  -1.58167146e-02,
         -3.98053378e-02,  -5.15143871e-02,   6.13564961e-02,
          8.25639218e-02,  -1.71459075e-02,   2.02852264e-02,
         -1.96000114e-02,   5.24645820e-02,  -2.96832453e-02,
         -1.92070529e-02,  -6.48119003e-02],
       [  4.75433245e-02,   1.21506728e-01,   4.87079546e-02,
          7.81798586e-02,  -4.52073244e-03,   7.22540244e-02,
         -6.63088337e-02,   3.21986973e-02,  -8.80088843e-03,
          5.76600805e-02,  -4.65165786e-02,   3.22239064e-02,
          2.97917873e-02,  -8.58652219e-02,   6.25479296e-02,
          9.38565359e-02,   3.63116786e-02,   3.60166356e-02,
          9.73044988e-03,  -2.02314742e-02],
       [ -4.63516153e-02,  -8.00782628e-03,   7.16222376e-02,
          2.98450980e-02,   2.40577795e-02,  -1.92151722e-02,
          2.78996769e-02,   1.01604965e-02,  -3.24700437e-02,
          6.21604025e-02,   7.76814995e-04,  -4.41399217e-02,
          1.72207262e-02,  -5.06188460e-02,   2.95290835e-02,
         -4.87124221e-03,   4.77941241e-03,   1.08129196e-02,
          3.41303013e-02,  -3.29029448e-02],
       [ -5.42977042e-02,  -4.63914778e-03,   4.16179113e-02,
          6.52218536e-02,   3.50445323e-02,  -3.04635993e-04,
         -2.30346504e-03,  -7.37664998e-02,  -1.67124777e-03,
         -5.34321554e-02,   6.85735866e-02,  -6.96182176e-02,
         -2.57482119e-02,  -2.18479615e-02,  -9.58679542e-02,
          3.25542130e-03,  -3.17938589e-02,   5.47931455e-02,
         -6.49186149e-02,   6.56773522e-02],
       [  1.18761234e-01,   4.01305035e-02,   8.30515549e-02,
          1.39472410e-02,  -2.11650785e-02,   7.80343339e-02,
         -9.92301702e-02,   5.89850135e-02,   7.73673877e-02,
          1.69939210e-03,  -5.36909960e-02,   6.16722591e-02,
         -5.36340885e-02,  -4.29149084e-02,   4.53094579e-02,
          6.39634952e-02,  -2.37493049e-02,   9.68714654e-02,
          9.15206689e-03,  -1.95323657e-02],
       [ -2.41403561e-02,   8.23853463e-02,  -2.58172881e-02,
         -3.96921188e-02,  -1.53086903e-02,  -1.73069742e-02,
         -6.60662306e-03,  -4.83191796e-02,   3.02306784e-04,
         -1.27925411e-01,  -6.63355216e-02,   5.10839634e-02,
          2.62604803e-02,  -1.17174946e-02,  -4.35938351e-02,
          1.20108305e-02,  -4.78337891e-02,  -3.40942368e-02,
          1.43504906e-02,  -1.42681347e-02],
       [  1.11602312e-02,  -7.88401365e-02,   2.04943158e-02,
         -4.18401062e-02,   4.00355123e-02,  -9.35754627e-02,
          7.47866929e-02,  -3.75802480e-02,  -9.20504797e-03,
          2.34916713e-02,   5.24210446e-02,   4.50186171e-02,
          3.97121646e-02,  -4.89072921e-03,  -6.01244830e-02,
         -3.99129875e-02,   6.29396737e-03,  -8.07377994e-02,
          2.30736788e-02,  -6.12147804e-03],
       [  2.85172742e-02,  -3.28222588e-02,  -2.92997956e-02,
         -2.14549527e-02,  -1.87055599e-02,  -8.25636089e-03,
          2.91018430e-02,   2.38256920e-02,   1.56322923e-02,
          8.73383076e-04,  -1.77219193e-02,   2.99857799e-02,
         -5.89054450e-03,   2.59816796e-02,   2.18956377e-02,
         -3.81909795e-02,   1.74425226e-02,  -3.66405584e-02,
         -1.08317854e-02,   3.18168662e-02],
       [  4.09160741e-02,   6.95972610e-03,  -5.14828674e-02,
         -6.97315261e-02,  -7.61997700e-02,   9.20220837e-03,
          1.13980379e-03,  -2.29688548e-02,  -1.07330397e-01,
          9.76637844e-03,   2.11440921e-02,   3.97805609e-02,
         -6.08922867e-03,  -4.07771533e-03,   9.37463567e-02,
          9.56366435e-02,   6.52818307e-02,  -5.54634109e-02,
         -4.12231721e-02,   9.15506762e-03],
       [  6.56258091e-02,  -2.71917935e-02,   3.26281004e-02,
          3.78643908e-02,   7.37856189e-03,  -2.68031452e-02,
         -2.88424529e-02,   4.39582318e-02,  -6.54296055e-02,
          2.94081327e-02,   2.35095974e-02,   3.63782197e-02,
          4.20502760e-02,  -1.80652493e-03,   7.75104910e-02,
          1.25744313e-01,  -2.95068566e-02,  -3.56043875e-02,
          4.92018368e-03,   5.06081805e-03],
       [ -3.25644808e-03,  -1.13283619e-02,   3.80050801e-02,
         -5.28470241e-03,  -5.72584160e-02,   5.19166999e-02,
         -1.81063786e-02,   1.93151329e-02,  -4.33418863e-02,
         -1.94389801e-02,   1.43603971e-02,  -1.16195403e-01,
          4.18138728e-02,   3.08667459e-02,  -7.49115497e-02,
          2.64607253e-03,  -2.02640872e-02,  -7.37948120e-02,
          3.87894101e-02,  -2.55589280e-02],
       [  3.97850648e-02,  -6.31599352e-02,  -3.61583196e-02,
          5.85892387e-02,   1.86781045e-02,   1.78121794e-02,
         -7.36498758e-02,  -1.93833020e-02,  -1.48394182e-02,
          3.77907567e-02,   7.15961233e-02,  -7.25487852e-03,
          3.20539735e-02,   3.51546705e-02,   5.06827049e-02,
          7.98594877e-02,   3.28596011e-02,  -8.02815780e-02,
         -5.70666455e-02,  -6.19236613e-03],
       [ -2.12394577e-02,  -2.07169075e-02,   5.16143627e-02,
          2.93358453e-02,   3.23064625e-02,   6.03850419e-03,
         -2.07121130e-02,   3.83899286e-02,   5.78229986e-02,
         -2.79208273e-02,   1.06068691e-02,   3.53305973e-02,
         -3.25475447e-02,   7.75793148e-03,  -3.56973745e-02,
         -1.62788182e-01,   3.39661054e-02,  -7.10864440e-02,
          2.75628339e-03,   5.58549054e-02],
       [ -6.21960834e-02,  -4.59780134e-02,  -6.76363101e-03,
          1.35404756e-02,  -3.28732282e-02,  -2.21944205e-03,
         -2.75368635e-02,  -5.80319427e-02,   7.08749741e-02,
          3.08501404e-02,  -5.67053072e-02,   5.87733760e-02,
         -4.59730206e-03,  -2.71013528e-02,  -2.02647690e-02,
         -2.79874690e-02,  -1.44614130e-02,  -5.92439109e-03,
         -2.10853126e-02,   8.29139724e-02],
       [ -8.47558007e-02,  -9.61778238e-02,   2.71790866e-02,
         -1.31327827e-02,  -6.99359626e-02,  -5.86174801e-02,
          1.37942303e-02,   6.15328252e-02,  -2.42987256e-02,
          6.19320944e-02,   6.32998645e-02,   6.73418939e-02,
         -3.20775658e-02,  -6.56206235e-02,   4.85235862e-02,
         -4.40082178e-02,   3.83952111e-02,   3.49561684e-02,
          2.75167637e-03,  -2.69690994e-02],
       [  1.43668232e-02,   3.81469331e-03,  -2.01437641e-02,
         -1.97036862e-02,   8.93511623e-02,   2.16265246e-02,
          2.57973559e-02,  -1.65113118e-02,   3.65965115e-03,
         -6.73964322e-02,  -5.01481537e-03,   2.09148228e-02,
         -6.55524805e-02,   3.46463174e-02,   2.28988770e-02,
          5.55904023e-03,  -2.50774808e-02,   1.42114032e-02,
         -4.94689718e-02,   1.15425922e-02],
       [ -3.89723405e-02,  -7.51558691e-02,  -2.05625631e-02,
         -5.38390651e-02,  -7.63712376e-02,  -1.02696437e-02,
         -5.15417419e-02,  -3.32981758e-02,   1.19212558e-02,
          2.55806539e-02,  -9.01283771e-02,  -1.14533142e-03,
         -1.74058732e-02,   3.39973308e-02,   7.71968300e-03,
         -7.66392201e-02,  -1.77113954e-02,   2.41521671e-02,
          3.43170315e-02,  -1.03464209e-01],
       [ -5.48135722e-03,   3.76141295e-02,   1.72035284e-02,
          1.83216874e-02,  -3.17083411e-02,   8.61980487e-04,
         -4.93494719e-02,  -5.90881966e-02,  -2.31824555e-02,
          2.10060608e-02,  -9.22357850e-03,   3.73280980e-02,
         -1.50546003e-02,  -7.24950572e-03,   1.07041322e-01,
          7.60219023e-02,   2.95836087e-02,   8.62404183e-02,
          9.47823375e-02,  -3.19886766e-02],
       [  5.25211357e-02,  -1.50965890e-02,  -5.37794195e-02,
          5.03918622e-03,   6.72072098e-02,   6.45267665e-02,
          8.18342492e-02,   9.74172428e-02,  -3.61300819e-02,
          5.81577979e-02,  -8.96780565e-02,  -2.61461716e-02,
          5.11907740e-03,   9.43864360e-02,   7.68152103e-02,
         -2.20847484e-02,   7.06422850e-02,   1.60550904e-02,
         -3.28696668e-02,   6.37636473e-03],
       [  1.64730605e-02,   2.94957291e-02,   2.98935808e-02,
          1.18378857e-02,  -5.23820892e-02,   1.63346939e-02,
          7.17414543e-03,  -5.77325225e-02,  -1.09341837e-01,
         -5.97475879e-02,  -9.16581377e-02,  -8.72739404e-02,
         -2.47788336e-02,   6.51047602e-02,  -8.23589563e-02,
          2.12781485e-02,  -2.53157206e-02,  -6.84521347e-02,
         -8.37140158e-03,   1.44890711e-01],
       [ -8.57953504e-02,   4.63711191e-03,   5.74312126e-03,
         -5.28883338e-02,  -3.36282584e-03,   5.07460497e-02,
          6.59379363e-03,   3.69264148e-02,   1.07859243e-02,
         -2.65168883e-02,  -1.50816441e-02,   2.31564362e-02,
         -1.22942880e-01,   2.81629264e-02,  -1.26579240e-01,
          1.65682733e-02,   9.92144831e-03,   8.88681486e-02,
          6.35051280e-02,   4.89266543e-03],
       [  6.38965592e-02,   2.64972486e-02,   5.76886442e-03,
         -7.27265626e-02,  -2.93907318e-02,  -1.16272988e-02,
          3.08124963e-02,   1.50854010e-02,  -8.40296894e-02,
          8.00559239e-04,  -1.19099626e-02,  -4.34864536e-02,
          1.61905959e-02,  -2.19619391e-03,   1.78699046e-02,
         -1.13499008e-01,  -1.16914129e-02,  -5.37688136e-02,
         -4.20163572e-02,   1.04598291e-02],
       [  3.87798958e-02,  -5.55748343e-02,  -3.62030342e-02,
         -1.77316442e-02,   2.93978695e-02,   2.30823923e-02,
         -4.70118448e-02,   4.92891185e-02,  -3.88804488e-02,
          1.32962137e-01,  -1.99596118e-02,   4.48342189e-02,
          1.96186323e-02,  -9.49473903e-02,  -6.90766498e-02,
         -2.49094684e-02,   3.18002999e-02,   5.94459884e-02,
         -2.53594853e-02,   3.07466537e-02],
       [ -7.31068198e-03,  -1.09324746e-01,   2.22825081e-04,
         -1.62551664e-02,   1.32702533e-02,   2.45366171e-02,
         -9.71559957e-02,   1.10391136e-02,  -2.50710230e-02,
         -1.50022879e-02,  -7.31138811e-02,  -6.74060956e-02,
          3.74856405e-02,  -4.07141261e-02,   2.20121052e-02,
         -7.47967511e-02,   1.01926075e-02,   3.53036751e-03,
         -3.90903406e-05,   1.20385904e-02],
       [  6.93787634e-03,   1.23747543e-01,   3.01915407e-02,
         -2.20816806e-02,  -6.61089271e-03,  -7.56789744e-03,
         -3.87614570e-03,   4.80978675e-02,   5.83271496e-02,
         -2.46418710e-03,  -1.62259992e-02,   6.14044853e-02,
         -3.44987470e-03,   3.65141151e-03,  -9.55978483e-02,
          2.28719395e-02,  -6.92736432e-02,   3.33684422e-02,
         -6.20067827e-02,  -4.82928120e-02],
       [  8.60830471e-02,   3.45853604e-02,  -9.25439000e-02,
         -6.98663443e-02,  -7.98798818e-03,   4.58222739e-02,
          5.11199469e-03,  -6.93827495e-02,  -1.31166382e-02,
          3.60813849e-02,   5.64573295e-02,  -5.88754099e-03,
         -4.03894261e-02,  -2.42457297e-02,  -3.72721925e-02,
         -1.11212730e-01,  -1.51733225e-02,  -8.77656862e-02,
         -5.28383665e-02,   5.09511344e-02],
       [  1.83549356e-02,  -8.04186091e-02,   1.78238675e-02,
         -2.00380851e-02,   3.04270238e-02,  -5.11165336e-02,
          3.98137532e-02,  -5.86281009e-02,  -3.43722217e-02,
          5.15563153e-02,   4.76597138e-02,   1.00521995e-02,
         -2.65970137e-02,   9.59687755e-02,   1.16119109e-01,
          3.87667939e-02,  -1.03184339e-02,  -3.24109010e-02,
         -5.91629930e-02,  -4.63592894e-02],
       [  7.95279071e-02,   7.34304935e-02,   8.14993680e-02,
         -3.26410644e-02,  -2.03338787e-02,  -3.13054398e-03,
          3.38065363e-02,  -4.17586192e-02,   8.71758536e-03,
          3.25075351e-02,  -1.75821837e-02,  -2.30572987e-02,
         -1.98277514e-02,   2.37463806e-02,   4.38816622e-02,
         -9.80391204e-02,   6.38168771e-03,   1.04622189e-02,
         -2.88116075e-02,   4.22007404e-02],
       [  1.97154116e-02,   4.66475673e-02,   5.20821512e-02,
         -4.87218015e-02,   9.55525339e-02,   1.30219003e-02,
          7.30795134e-03,  -6.16972037e-02,   9.34354588e-03,
          2.56462079e-02,  -8.45283493e-02,   1.01721920e-01,
         -2.67630275e-02,  -8.91821608e-02,   3.78916077e-02,
          7.08262250e-02,   5.80172427e-03,   3.24438922e-02,
         -2.72104777e-02,  -3.33528407e-02],
       [  1.05352603e-01,  -8.86510499e-03,  -4.26000133e-02,
          1.02244234e-02,   1.67499688e-02,  -4.36478741e-02,
         -4.79605310e-02,   3.56945321e-02,  -5.37049472e-02,
          8.44159946e-02,  -1.20719511e-03,   4.26645624e-03,
         -4.17679548e-02,   1.82491876e-02,   3.51585262e-02,
         -6.36854693e-02,  -6.00509252e-03,   2.06738617e-02,
         -2.27019042e-02,   8.78339633e-02],
       [  2.85191443e-02,  -4.51621823e-02,  -1.48853017e-02,
         -6.35021180e-02,   3.88463922e-02,  -1.47744209e-01,
          1.26665877e-02,   9.08546429e-03,  -6.52397191e-03,
          3.83333564e-02,  -2.64631938e-02,  -2.07082331e-02,
          1.34466961e-02,  -4.60490547e-02,  -8.24003853e-03,
         -2.43638400e-02,   7.20872059e-02,   9.40761790e-02,
          3.00818272e-02,   3.45646553e-02],
       [  1.04465487e-03,   3.75090875e-02,  -4.06158343e-02,
         -8.58169645e-02,   2.88627297e-02,   5.28404023e-03,
          1.00293957e-01,  -3.74315344e-02,  -7.48886392e-02,
         -2.62331497e-02,   8.71402118e-03,   1.14984237e-01,
         -7.18217641e-02,   3.91535535e-02,  -2.10309513e-02,
         -6.94764256e-02,  -9.97308269e-02,  -1.80916619e-02,
          6.69062957e-02,  -6.35959655e-02],
       [ -7.42314607e-02,   2.95879599e-02,   6.53955713e-02,
          1.25059849e-02,   4.42720242e-02,  -1.44405635e-02,
          2.80336235e-02,  -3.51976007e-02,   6.14438839e-02,
         -6.70048818e-02,   8.24903101e-02,  -1.00117564e-01,
          1.37949839e-01,   1.87755283e-02,   3.34210470e-02,
         -3.53161916e-02,  -4.74535786e-02,  -1.70515180e-02,
          7.36125419e-03,   3.14636976e-02],
       [ -3.60226519e-02,   3.19372527e-02,   1.03887543e-02,
          3.24093811e-02,  -2.29066927e-02,   4.22624638e-03,
         -3.45799699e-02,   5.45799546e-02,   1.34583777e-02,
          1.09869977e-02,  -5.24145067e-02,  -2.34381622e-03,
         -4.49355654e-02,  -1.79278441e-02,   2.39756908e-02,
          1.42977701e-03,  -2.77749486e-02,   2.28216536e-02,
         -2.14557033e-02,   1.07793761e-02],
       [  1.05145849e-01,   2.13913228e-02,  -1.30977482e-01,
          1.01843059e-01,  -3.63248028e-02,   1.97678786e-02,
         -1.64209194e-02,   5.07868342e-02,   2.08357675e-03,
         -8.01238641e-02,   1.44121228e-02,   2.62351036e-02,
          4.73851152e-02,  -2.76386384e-02,   8.34733397e-02,
         -3.76692414e-03,   2.63828728e-02,  -8.54138210e-02,
          9.92863849e-02,  -1.57253221e-02],
       [  1.42820273e-02,   2.51444671e-02,   3.66150700e-02,
         -1.95459630e-02,  -5.17354794e-02,  -1.53061319e-02,
          1.35525558e-02,   6.04446493e-02,  -6.08887337e-02,
         -2.46353727e-02,   4.67733853e-02,  -1.13886595e-01,
          3.94572169e-02,  -4.55071330e-02,   3.25491689e-02,
         -9.70250275e-03,   8.17570649e-03,   2.20615864e-02,
          7.25105479e-02,   6.21240549e-02],
       [  1.15758054e-01,   1.30556254e-02,  -3.64430398e-02,
          3.71853225e-02,   6.25736043e-02,  -9.03699023e-04,
          2.38555204e-02,  -1.95662975e-02,  -3.75496335e-02,
          1.25527149e-02,  -9.85383168e-02,   4.03106809e-02,
         -7.67485648e-02,   3.05262245e-02,   1.07345954e-02,
          2.30038222e-02,  -5.42272888e-02,  -1.15381792e-01,
         -2.78390627e-02,   8.22449569e-03],
       [  9.96112730e-03,  -2.99344044e-02,   8.43972787e-02,
         -1.98938530e-02,  -5.62071577e-02,   2.81643569e-02,
          1.89517122e-02,   3.76386539e-04,   3.19046946e-03,
         -1.35377645e-02,  -1.90702472e-02,  -8.49393755e-03,
          6.22317307e-02,  -1.67138241e-02,  -2.57611759e-02,
         -6.00987263e-02,  -1.00762442e-01,   5.68680279e-03,
         -4.65350077e-02,  -6.07151948e-02],
       [  2.40693744e-02,   1.38028832e-02,  -7.38423271e-03,
          4.85105775e-02,   7.08872452e-02,  -2.23299544e-02,
          4.76434939e-02,  -1.03572449e-02,  -3.42386588e-03,
         -2.67858990e-02,   6.83550164e-03,  -1.10844232e-01,
         -1.13075309e-01,  -5.35902218e-04,  -4.00079638e-02,
         -2.99436636e-02,  -2.40788739e-02,   1.16994232e-02,
         -4.56484444e-02,   7.82076176e-03],
       [ -4.55343910e-02,  -8.27473924e-02,  -2.32351362e-03,
          1.28352106e-01,   1.46275386e-04,   1.13196131e-02,
          9.18401703e-02,   2.42562294e-02,  -1.32276818e-01,
          6.53594211e-02,  -3.17452624e-02,   6.49882406e-02,
          6.82353303e-02,  -1.79104358e-01,  -3.17148082e-02,
          1.92979369e-02,   4.33493033e-02,   7.17479363e-03,
         -2.03845594e-02,  -9.02688056e-02],
       [ -4.57274175e-04,   6.94599887e-03,  -2.75529977e-02,
          7.54564628e-02,   4.30801287e-02,   4.69965786e-02,
         -5.57437586e-03,  -4.04459499e-02,   5.38572781e-02,
          7.78155029e-02,   2.43218169e-02,   4.36356254e-02,
         -1.56707019e-01,   1.22355595e-01,  -1.10358179e-01,
         -6.49533188e-03,  -2.48410646e-02,  -1.71990711e-02,
          5.62436394e-02,   8.98412056e-03],
       [ -6.88248724e-02,  -5.28743379e-02,  -8.96140411e-02,
          3.70687731e-02,  -2.54650414e-02,  -3.88005376e-02,
         -6.86475933e-02,   2.29538623e-02,  -5.16290665e-02,
         -6.51671067e-02,  -5.45561127e-03,   2.54492071e-02,
         -8.24790169e-03,  -2.28383597e-02,   5.33776768e-02,
         -2.47221696e-03,  -6.19806349e-03,  -5.84173910e-02,
         -3.52677256e-02,   1.92471351e-02],
       [  3.35487798e-02,  -6.07238896e-02,   1.80490070e-03,
          2.31817854e-03,   1.86936986e-02,  -2.29844898e-02,
         -6.80682212e-02,  -2.76440084e-02,   9.20806639e-03,
          3.15450914e-02,   7.68125011e-03,   5.37315980e-02,
          1.05756901e-01,   8.48993063e-02,   2.71019768e-02,
          2.22221692e-03,   6.49952982e-03,   2.42985575e-03,
         -1.87422393e-03,   4.14623599e-03],
       [  3.89762111e-02,   6.50905371e-02,  -3.18220817e-02,
          4.15420346e-02,   3.57448198e-02,   5.90596758e-02,
          1.41808065e-03,   8.84270594e-02,  -9.76181123e-03,
         -4.67332713e-02,   3.25944461e-02,   4.00116388e-03,
         -1.80113371e-02,   2.85130981e-02,   2.73292512e-02,
         -5.74483350e-02,  -6.80943355e-02,   6.74839094e-02,
         -1.06823444e-01,   2.53393175e-03],
       [  3.23840380e-02,   1.69594828e-02,   6.99067414e-02,
         -4.15714458e-02,  -3.66347954e-02,   6.64908215e-02,
         -4.22311723e-02,   7.65437400e-03,  -1.67030245e-02,
         -3.12300678e-02,   4.10895571e-02,   8.04920197e-02,
          4.75368872e-02,  -9.00113210e-03,   1.14384117e-02,
          3.81227839e-03,   1.27740009e-02,   1.99567210e-02,
         -1.39641941e-01,   5.48286252e-02],
       [  2.89432202e-02,  -4.29747812e-02,  -4.87028137e-02,
          6.09719567e-02,  -4.96822707e-02,  -8.04260224e-02,
         -4.82359640e-02,   1.35172149e-02,  -2.87868059e-03,
          6.63468754e-03,   4.83455174e-02,  -1.13162203e-02,
          6.31696656e-02,   9.78057906e-02,  -2.29586717e-02,
         -2.58440506e-02,   4.85299788e-02,  -5.03707118e-02,
         -1.05254911e-02,  -1.42194377e-02],
       [ -7.15954229e-03,  -4.56876718e-02,   3.25658396e-02,
          5.17186187e-02,   3.82039957e-02,   3.32500078e-02,
          5.31158037e-02,  -5.69325350e-02,  -9.61022228e-02,
          5.02881594e-02,   2.66273320e-02,   3.72551046e-02,
         -3.12737040e-02,  -3.48520689e-02,  -3.35074699e-04,
          2.72950437e-02,  -9.19810403e-03,   3.18435803e-02,
          2.14443188e-02,   6.70920461e-02],
       [ -5.74798994e-02,   2.07404997e-02,  -9.34064463e-02,
         -3.91313881e-02,  -4.84344177e-02,   4.28432301e-02,
          4.63865064e-02,   4.36702743e-03,  -2.11306084e-02,
          2.09763851e-02,   9.22315940e-02,   4.91518043e-02,
          1.81278717e-02,  -2.16836445e-02,   7.20352381e-02,
         -2.24708077e-02,  -2.05563335e-03,  -1.28352242e-02,
          5.50684147e-02,  -2.39668768e-02],
       [  8.65718126e-02,  -6.02407642e-02,   2.51676720e-02,
          2.91152988e-02,  -1.03028052e-01,   4.96573187e-02,
         -4.80364338e-02,  -8.15620869e-02,   5.64637370e-02,
          5.84228663e-03,   4.92896549e-02,   7.39567503e-02,
          3.06391567e-02,  -4.85200398e-02,  -3.35988216e-02,
         -3.35401148e-02,  -8.92940816e-03,  -2.96102883e-03,
          3.36033069e-02,  -2.03604326e-02]], dtype=float32), array([ 0.,  0.,  0.,  0.,  0.,  0.,  0.,  0.,  0.,  0.,  0.,  0.,  0.,
        0.,  0.,  0.,  0.,  0.,  0.,  0.], dtype=float32)][array([[ 0.00391252],
       [ 0.03665915],
       [ 0.0351169 ],
       [ 0.0424437 ],
       [ 0.0007592 ],
       [-0.03808594],
       [-0.09654088],
       [ 0.02894533],
       [-0.01090109],
       [-0.02500299],
       [-0.06874301],
       [ 0.07308489],
       [-0.05232431],
       [-0.03768432],
       [ 0.05131764],
       [-0.02274431],
       [-0.03744854],
       [ 0.09085935],
       [ 0.05904185],
       [ 0.1221964 ]], dtype=float32), array([ 0.], dtype=float32)]