[array([[-0.03390466,  0.07012235,  0.06306504,  0.08364207,  0.06852866,
        -0.04517317, -0.0456357 ,  0.10065634,  0.06713952,  0.06635029,
        -0.0527157 , -0.05355915,  0.07037802,  0.07544208,  0.05868289,
         0.0562372 , -0.04476357, -0.10259736,  0.07292785,  0.07902727,
        -0.07437011, -0.05993342,  0.07201663,  0.09250084,  0.0678817 ,
        -0.0465189 ,  0.06326455,  0.07467191,  0.0560687 , -0.05472413,
        -0.05586267, -0.04772166,  0.04879588,  0.07049802,  0.05353801,
        -0.05732127, -0.07800087,  0.06792148,  0.07019209,  0.07493692,
         0.07283337,  0.07163885,  0.08015977,  0.0749867 ,  0.06015756,
         0.08362638, -0.05254251, -0.0759109 ,  0.07403647, -0.0544706 ],
       [-0.01747947, -0.0625    , -0.02507071,  0.03898375, -0.01714572,
         0.09030842,  0.01396791, -0.00883578, -0.0722196 , -0.01152452,
         0.04084307,  0.12646556,  0.05752775, -0.00855876, -0.06509997,
        -0.04311908,  0.01155444,  0.08626383, -0.01295714,  0.04054795,
        -0.0182119 , -0.0515232 ,  0.00342736, -0.03221571, -0.02319489,
         0.01605413,  0.08426282,  0.00503567,  0.00190933,  0.02471324,
        -0.06082419,  0.05291178,  0.01490367,  0.02221708,  0.10474932,
         0.03164608, -0.07458351, -0.05779988, -0.00433207, -0.03655385,
        -0.05966697, -0.07895493, -0.03022294,  0.01004388,  0.07438726,
         0.02992298,  0.06480394, -0.0177982 , -0.01476649, -0.00622063],
       [-0.04637284,  0.03439203,  0.00596244,  0.04533086,  0.04718906,
        -0.04588521,  0.07074147, -0.07093119, -0.01718255, -0.0740796 ,
        -0.02653063,  0.05094216,  0.02740996,  0.08058128, -0.06340747,
         0.05078858, -0.03384205, -0.00648114, -0.05306528, -0.01877104,
         0.05791202, -0.00811392, -0.03132345, -0.09403428,  0.0082508 ,
         0.00054405, -0.021154  ,  0.01825662,  0.00980378, -0.01950134,
         0.07219621, -0.06397229, -0.06078728,  0.00956367,  0.04129077,
        -0.05932441,  0.07415928,  0.0092302 ,  0.02241501, -0.09624659,
        -0.05698251, -0.13941695, -0.07978645, -0.01058901,  0.00229462,
         0.03362515, -0.03036669,  0.01501966,  0.00349158,  0.03022682],
       [ 0.05160084, -0.02017048,  0.02370971, -0.03787095,  0.0179395 ,
         0.03110704,  0.02590122, -0.03625546, -0.06946849, -0.04916365,
        -0.05133043, -0.07478172,  0.05849943, -0.10041676,  0.03137778,
        -0.01820385,  0.00821651, -0.02174984, -0.02017893,  0.02714472,
        -0.06386083, -0.05767079, -0.00860377,  0.13295178,  0.00995908,
         0.0589092 ,  0.07874364,  0.11799206, -0.0624992 ,  0.02171352,
        -0.00327117, -0.0285371 ,  0.00156761,  0.03411981, -0.07984104,
        -0.04236861, -0.02720497,  0.02776874,  0.06765068,  0.02001246,
        -0.0585651 , -0.00765094, -0.03917138,  0.03512536,  0.10587086,
        -0.00466932,  0.02198714,  0.08873654, -0.0964151 , -0.07076695],
       [-0.05633326,  0.01782815, -0.03753323,  0.09925923,  0.02949067,
        -0.00747752,  0.08434462,  0.06302895,  0.00789562,  0.02995926,
         0.03772525,  0.0124438 , -0.06411862, -0.03273151, -0.0263559 ,
         0.03315007, -0.0492126 , -0.01485775,  0.02829485, -0.04099017,
        -0.06922913, -0.04107799,  0.05917141,  0.04691688,  0.11132098,
        -0.06075531,  0.01096593, -0.02264595, -0.0279213 ,  0.00426709,
         0.11728599, -0.00699968,  0.04974329,  0.05804232, -0.05298455,
         0.05836638,  0.04108595, -0.00315879,  0.07056954,  0.00556242,
        -0.0460231 ,  0.0031643 ,  0.07336741, -0.12094184, -0.02440321,
         0.02040477,  0.00355145,  0.02176429, -0.07477876, -0.0571977 ],
       [ 0.01127157, -0.00478992,  0.05268859, -0.07647289,  0.02920328,
         0.02629134, -0.00086917, -0.01946345,  0.00632894,  0.10057908,
         0.00890585, -0.00739689,  0.02143166, -0.04669046,  0.04837885,
        -0.01938175,  0.00532924, -0.02267298, -0.03038354, -0.10879348,
        -0.05161129,  0.00253525, -0.10313349,  0.01980867,  0.03646591,
         0.02051978, -0.02282235, -0.01906264, -0.05767647, -0.00661158,
        -0.0943662 , -0.00941504,  0.01417321, -0.00226103,  0.03256584,
         0.01743133, -0.03387144,  0.07523523, -0.07671073,  0.06905844,
         0.00041279,  0.01108894, -0.05803952, -0.02131728, -0.03733056,
        -0.0431539 , -0.02435408,  0.01104164, -0.06571046,  0.03134798],
       [-0.03228148,  0.05261424,  0.04044899, -0.03225079, -0.02853074,
         0.01187899, -0.01455722, -0.02969412, -0.02218114,  0.01756049,
         0.01060979,  0.05932007,  0.04988835, -0.04130247,  0.06882589,
         0.04449193,  0.01932951,  0.07605505,  0.10573485,  0.02570746,
         0.02552819, -0.01116724,  0.05417253,  0.00301499, -0.03037706,
         0.01558999,  0.00725425, -0.00107227, -0.00072151, -0.14282298,
        -0.04835765,  0.03161765, -0.03098406, -0.05975214, -0.01048792,
        -0.02965227,  0.03896986, -0.00619054, -0.09283572,  0.02698987,
        -0.01713327,  0.05029798, -0.00752367,  0.03771612,  0.00262685,
        -0.00624558, -0.04139138,  0.07940853,  0.03069367, -0.07352348],
       [-0.07620543,  0.11401635,  0.00351132, -0.04804346,  0.01264247,
         0.04803205, -0.00982639, -0.08013511,  0.05108123,  0.12010428,
         0.11113082, -0.05280995, -0.0236438 ,  0.01139399,  0.04306469,
        -0.02040835, -0.04239625,  0.01971944,  0.0066385 , -0.04601384,
         0.03852575, -0.006368  ,  0.04637076, -0.05701688, -0.0267354 ,
         0.03411893, -0.03693529, -0.09403707,  0.00146944, -0.06198911,
        -0.12834586,  0.06285569,  0.02371159,  0.08344837,  0.009853  ,
        -0.01023799,  0.01853773,  0.05638115,  0.02900376,  0.01222199,
        -0.04302282,  0.01406032, -0.01075035,  0.08484298,  0.03926976,
         0.00672074, -0.01963079, -0.01897661,  0.03845547,  0.04197082]], dtype=float32), array([ -4.22316341e-04,   2.60890432e-04,   1.72075850e-03,
         1.40642677e-03,   9.20901541e-04,  -6.47265479e-05,
        -3.65267275e-04,   2.61005025e-05,   9.57389362e-04,
         5.89590578e-04,  -4.64566896e-04,  -1.11571839e-03,
         1.58822676e-03,   5.66075847e-04,   1.75181165e-04,
         1.76948088e-03,  -1.20523211e-03,  -6.32816455e-06,
         4.13420930e-04,   1.65027205e-03,  -1.90530473e-03,
        -9.04251763e-04,   1.07529061e-03,   9.85718289e-05,
         1.17791153e-03,   1.13253067e-04,   9.06636822e-04,
         5.75372076e-04,   1.62091921e-03,   1.42715406e-04,
        -2.05188073e-04,  -1.90780484e-04,   1.09537644e-03,
         1.41069898e-03,   3.92390066e-04,  -9.59586760e-04,
        -7.32157263e-04,   6.12713280e-04,   8.80817999e-04,
         9.66602238e-04,   1.12415955e-03,   7.76661152e-04,
         2.63230351e-04,   1.34279160e-03,   1.64828298e-03,
         6.05249486e-04,   2.20739734e-04,  -4.94624692e-05,
         1.57934695e-03,  -5.48854645e-04], dtype=float32)][array([[  1.08142840e-02,  -8.08241218e-03,   9.95021164e-02,
         -1.84176490e-02,   8.62162095e-03,  -3.30717340e-02,
         -5.23902401e-02,   1.52098639e-02,   1.37749603e-02,
          4.36009802e-02,  -5.00563048e-02,  -3.22037973e-02,
         -8.36252719e-02,   3.42958122e-02,   3.08805890e-02,
          3.86916697e-02,   3.73386815e-02,   5.79015091e-02,
         -1.01732925e-01,   2.05288101e-02],
       [ -1.84952728e-02,   1.14612363e-01,   6.82827085e-02,
          3.29215568e-03,   1.11620553e-01,   1.04586318e-01,
          1.06887263e-03,   2.38136742e-02,   1.36547238e-01,
          3.79767008e-02,   1.54199312e-02,   6.51680212e-03,
          7.67351687e-02,   7.24999607e-02,  -3.42670977e-02,
          6.93266047e-03,  -4.86562289e-02,   2.28806958e-02,
          5.73062003e-02,   1.95746236e-02],
       [  4.77751233e-02,   2.63472609e-02,   8.03482980e-02,
          9.46632102e-02,   6.77416176e-02,  -2.31130440e-02,
          8.97053629e-03,   2.98456047e-02,   6.10776013e-03,
          7.61452541e-02,   1.57711841e-03,   9.65015218e-02,
          1.07866928e-01,   4.50058430e-02,   2.65996624e-02,
          1.38482042e-02,   7.47801140e-02,   4.34451960e-02,
         -3.04915383e-02,   9.84888710e-03],
       [  3.23066637e-02,  -5.38155399e-02,   5.91871738e-02,
          1.65658027e-01,   1.06886551e-01,   6.12568967e-02,
          1.22267559e-01,   5.94048277e-02,   5.44500723e-02,
          2.97110938e-02,   5.86204268e-02,   5.15946522e-02,
          3.99020799e-02,  -1.26857134e-02,   1.49931490e-01,
          5.30968234e-02,   1.19929641e-01,   4.96773459e-02,
          1.88776739e-02,   7.41106197e-02],
       [  6.70289025e-02,   6.31043613e-02,   5.83842350e-03,
         -3.57471071e-02,   5.14027290e-02,   1.36551429e-02,
          8.73291641e-02,   4.10556011e-02,   5.02411164e-02,
          3.17150280e-02,   1.46476686e-01,   6.66041002e-02,
          1.08125120e-01,  -2.98096873e-02,  -4.29932252e-02,
         -6.58497140e-02,   7.05012009e-02,   2.22231206e-02,
          7.60504082e-02,   7.12539032e-02],
       [  1.09337298e-02,  -4.08971391e-04,  -1.43346256e-02,
         -6.46831691e-02,   1.35827316e-02,   4.71575633e-02,
          3.54271904e-02,   4.02654521e-02,  -1.54049350e-02,
         -9.36710536e-02,  -9.06839743e-02,  -1.26140136e-02,
          8.15951377e-02,  -7.08191767e-02,  -3.34815718e-02,
          9.34981853e-02,  -3.80574702e-03,   2.60531250e-02,
          3.17824632e-02,   1.73298246e-03],
       [  5.68487793e-02,  -1.86542161e-02,  -1.41749261e-02,
          3.49376211e-03,  -5.03519252e-02,   3.91769558e-02,
          2.16722991e-02,   1.07907783e-02,   7.69781843e-02,
         -3.42582054e-02,  -2.63055451e-02,   6.29013926e-02,
         -6.40360862e-02,   3.56484987e-02,  -2.30327193e-02,
          6.82488531e-02,  -3.49846780e-02,  -5.14508821e-02,
         -8.07720423e-02,   3.76641261e-03],
       [  1.12320088e-01,  -4.74288985e-02,   1.21894464e-01,
          5.51352762e-02,   7.19460323e-02,  -8.48257076e-03,
          1.13072125e-02,  -6.37630969e-02,   1.20852208e-02,
          3.84921208e-03,  -1.44552784e-02,  -5.99983195e-03,
         -7.47580314e-03,   9.62970331e-02,   1.00116931e-01,
         -4.05485928e-02,   9.09901187e-02,   4.74019684e-02,
          9.66461375e-02,  -9.72336810e-03],
       [ -1.51308822e-02,  -2.47181230e-03,   1.00883059e-01,
          1.25989810e-01,   6.19405285e-02,   7.26906732e-02,
          7.77769014e-02,   4.75048609e-02,   1.52360499e-01,
          9.36152861e-02,   7.01058507e-02,  -2.89252270e-02,
         -8.59695370e-04,   9.22121331e-02,   4.93129417e-02,
         -2.15051025e-02,  -2.37226151e-02,   3.08642685e-02,
         -1.42748281e-02,   8.06843266e-02],
       [  1.05745956e-01,  -1.70175806e-02,   1.01206064e-01,
          3.40705551e-02,   2.53604241e-02,  -1.23682665e-02,
         -5.67377955e-02,  -5.08814603e-02,   6.44689426e-04,
         -2.72733867e-02,   2.95422468e-02,   7.48367533e-02,
          1.50746226e-01,   5.08173332e-02,   4.10828516e-02,
          5.04616611e-02,   6.61284924e-02,   3.74282636e-02,
          8.61894265e-02,   2.46655960e-02],
       [  5.76331504e-02,  -6.51539639e-02,  -3.92622352e-02,
         -9.12188590e-02,   5.99684827e-02,  -5.28552681e-02,
          3.06448136e-02,   3.60609256e-02,   8.99532512e-02,
         -5.92574812e-02,  -3.67456749e-02,   2.61924155e-02,
         -3.24211791e-02,  -3.05971764e-02,  -5.68578616e-02,
         -6.00342564e-02,  -1.87345669e-02,   7.31643336e-03,
         -6.31283522e-02,   8.67140815e-02],
       [  4.13100831e-02,   4.35999520e-02,  -9.35340449e-02,
         -2.07985416e-02,  -2.92553622e-02,  -3.64925787e-02,
         -3.72298458e-03,  -6.09687902e-02,  -4.43542488e-02,
         -9.11757443e-03,  -2.50782929e-02,  -1.91899221e-02,
         -2.47801398e-03,  -5.95778823e-02,   3.63753922e-02,
         -3.21773291e-02,  -9.93967056e-03,   4.40219454e-02,
         -5.72729781e-02,   8.37462395e-02],
       [ -4.24754545e-02,   2.51820479e-02,   1.35670109e-02,
          3.57790105e-02,   1.57824438e-02,   5.45452051e-02,
          7.28672147e-02,   7.06755817e-02,   1.02775935e-02,
          7.30947480e-02,  -1.75888259e-02,   4.70682271e-02,
          1.50680050e-01,   5.13463989e-02,   1.22741103e-01,
          5.71805947e-02,   1.01257049e-01,   4.89883218e-03,
         -8.87320861e-02,   4.99363691e-02],
       [  8.02680850e-02,   4.68724705e-02,   7.25259632e-02,
          1.13263592e-01,   1.12473592e-01,   1.35359485e-02,
          6.18356653e-02,   1.07320040e-01,   1.78532023e-02,
          8.96333158e-02,   2.49560140e-02,  -1.96991675e-02,
         -2.11010184e-02,  -3.92813906e-02,   9.09912288e-02,
          4.73909676e-02,   1.29897203e-02,   8.89048427e-02,
          4.94438931e-02,   1.67379230e-02],
       [ -4.75095361e-02,   8.92647579e-02,  -2.06499305e-02,
         -2.04253867e-02,  -4.25730650e-06,   3.63425985e-02,
          9.56698656e-02,  -5.17742755e-03,   2.20490457e-03,
          8.73295516e-02,   6.52225465e-02,   2.66657304e-02,
          5.58309108e-02,   5.88215441e-02,   6.96975365e-02,
          8.86611233e-04,   7.76456892e-02,   1.33459121e-02,
          5.30277118e-02,   4.81533771e-03],
       [  6.82603568e-02,   4.85744588e-02,   8.93635154e-02,
         -4.30841446e-02,  -6.45774603e-02,   8.25020447e-02,
         -5.53973950e-03,   3.47425900e-02,   3.64763215e-02,
          2.56514307e-02,   4.18275744e-02,   1.63493846e-02,
         -1.75148044e-02,   1.26251757e-01,   5.01704141e-02,
          3.81485675e-03,   9.67747867e-02,   1.53536871e-02,
          6.80100247e-02,  -4.24480066e-03],
       [ -3.58645543e-02,  -3.05677555e-03,  -8.26144312e-03,
          2.74639800e-02,  -1.18497005e-02,  -1.76720321e-02,
          4.38114405e-02,  -1.95159856e-02,  -6.56339303e-02,
         -2.21047224e-03,   2.09911745e-02,   6.27030339e-03,
         -3.47784199e-02,  -1.08851612e-01,   3.24795023e-02,
          5.52716590e-02,   2.37867031e-02,  -9.82944146e-02,
         -1.42245237e-02,   1.46929666e-01],
       [  7.99952671e-02,  -4.16628979e-02,  -3.69352587e-02,
         -3.36069763e-02,  -5.08427359e-02,   3.61927040e-02,
          5.25374664e-03,   3.24965268e-02,  -1.40583962e-02,
         -9.41387042e-02,   2.59234626e-02,   6.86719874e-03,
          1.79038793e-02,  -4.02267911e-02,  -1.40917683e-02,
         -3.11282761e-02,  -4.33697440e-02,   1.04443982e-01,
         -1.96719561e-02,   7.35420035e-03],
       [  4.87509556e-02,   4.36548628e-02,   4.54013124e-02,
          4.41625901e-03,   1.04898214e-01,   5.16539589e-02,
          1.29211351e-01,  -1.29776597e-02,   7.97714218e-02,
          7.99728781e-02,   9.90169272e-02,   4.61753160e-02,
          3.41561325e-02,  -3.48942354e-02,   4.37294692e-02,
          7.09047914e-02,   1.95295885e-02,  -4.73458357e-02,
          8.47110674e-02,   2.15104898e-04],
       [  1.13879867e-01,   2.82814354e-02,   1.67272091e-01,
          4.12298702e-02,   8.38954076e-02,   1.11943647e-01,
          4.73039784e-02,   5.88614196e-02,   2.10471228e-02,
          4.34562713e-02,   8.80797729e-02,   4.05648686e-02,
          3.17815877e-02,   4.93583689e-03,   1.16494205e-02,
          3.28294486e-02,   5.72757199e-02,   9.96011682e-03,
         -6.09700829e-02,   8.02459940e-02],
       [ -5.43967150e-02,  -1.31996842e-02,   2.35542823e-02,
          2.08917167e-02,  -3.20339613e-02,  -8.37179925e-03,
         -3.03094201e-02,  -5.12948483e-02,   4.52907197e-03,
         -9.81481597e-02,  -7.13800490e-02,   1.44475512e-03,
         -1.73818152e-02,   8.21075495e-03,  -1.35963202e-01,
         -7.20477104e-02,  -4.64114845e-02,  -3.38248797e-02,
          3.84858809e-02,  -3.56210917e-02],
       [  4.13309447e-02,   5.88559583e-02,   2.45737210e-02,
          7.74786770e-02,  -8.21806118e-02,  -2.29374822e-02,
         -7.36068711e-02,  -7.23166764e-02,  -2.65632477e-02,
          1.17796227e-01,   6.98950589e-02,   3.65364850e-02,
         -6.47393093e-02,   2.65381852e-04,  -5.57403974e-02,
          8.16036947e-04,  -6.09212555e-02,   4.86844368e-02,
         -1.56026362e-02,  -6.56890720e-02],
       [  8.91953409e-02,   3.68607491e-02,   8.61083567e-02,
          3.37984972e-02,   1.00673541e-01,   4.57029603e-02,
         -3.04929391e-02,   1.17428437e-01,   7.70401806e-02,
          5.22629656e-02,   1.89348101e-03,   4.94238548e-02,
          1.91590991e-02,  -2.21547764e-03,   3.38254422e-02,
          1.90973319e-02,   6.87702149e-02,  -6.77139908e-02,
          5.52662835e-02,   1.37497270e-02],
       [  5.36563173e-02,   5.42107373e-02,   3.88005786e-02,
          2.40180660e-02,   5.68630248e-02,   1.12891227e-01,
          3.69070768e-02,   7.76947364e-02,   1.78058241e-02,
          7.09584802e-02,   1.49750441e-01,  -1.68803073e-02,
         -6.00514337e-02,   8.74895304e-02,   3.60579304e-02,
         -5.01744002e-02,   8.00328851e-02,  -2.57584709e-03,
          1.04687266e-01,   4.44284715e-02],
       [  6.76697642e-02,  -6.52813613e-02,   5.46497479e-02,
          4.93830219e-02,   3.57147008e-02,   1.43838208e-02,
          7.10084811e-02,   2.50161439e-03,   1.53987899e-01,
          1.06083199e-01,   2.37839594e-02,   2.08553486e-02,
          5.40863024e-03,   4.45085727e-02,   1.13070704e-01,
          9.77319106e-02,   9.27431583e-02,   4.40754965e-02,
          3.04985931e-03,  -1.53385643e-02],
       [ -9.76456329e-02,   6.33020774e-02,   4.60239388e-02,
         -1.70217715e-02,   1.86485332e-02,  -7.38330781e-02,
          6.79036649e-03,   3.20955878e-03,  -4.04495858e-02,
          1.16560077e-02,   5.86928837e-02,   8.71092230e-02,
          1.17146699e-02,  -7.64149874e-02,  -1.35092000e-02,
         -7.30847521e-03,   4.12995368e-02,  -1.10528450e-02,
          3.80293354e-02,   5.66529669e-02],
       [  5.79685569e-02,   1.92540120e-02,  -1.12575730e-02,
          3.20591778e-02,  -1.13265049e-02,   8.01781416e-02,
          6.82530925e-02,   5.22338711e-02,   5.51639982e-02,
          5.36240935e-02,   1.07690506e-02,  -4.06671502e-02,
          4.25099321e-02,   4.84973006e-02,  -3.73663045e-02,
          1.20487824e-01,  -2.44334340e-02,   3.49406600e-02,
          4.30270024e-02,   1.57476626e-02],
       [  4.74904403e-02,   6.14864454e-02,   3.85519192e-02,
          6.05067275e-02,   2.03412697e-02,   6.48815408e-02,
          7.24333897e-02,   5.20383529e-02,   2.85228598e-03,
          2.29282863e-02,   5.60861863e-02,   1.04208374e-02,
          6.36320040e-02,   3.74489240e-02,   8.65554363e-02,
          1.78864319e-03,   1.77496210e-01,   2.61386801e-02,
         -3.70379514e-03,   3.67183075e-03],
       [  4.91115153e-02,   4.68623973e-02,  -2.94846464e-02,
          8.38298723e-02,   4.97215018e-02,  -2.17356849e-02,
          5.89060551e-03,   9.49649513e-02,   8.33179504e-02,
          1.01059578e-01,  -4.94154869e-03,   2.31170822e-02,
         -2.39117350e-02,   1.36510581e-01,  -3.67441773e-02,
          1.95957813e-02,  -8.03873688e-03,  -7.04032257e-02,
          4.43958007e-02,   5.44720441e-02],
       [ -1.76767390e-02,   2.73085888e-02,  -3.96512784e-02,
          6.57283142e-02,   4.95020524e-02,   3.77656473e-03,
          8.85115378e-03,   2.17494275e-03,   8.27048197e-02,
          7.54810721e-02,  -5.86043186e-02,   6.25000000e-02,
         -1.79852359e-02,   9.08769593e-02,   1.10360757e-02,
         -3.05854604e-02,  -4.16021533e-02,  -7.50781447e-02,
         -2.64711343e-02,  -3.57292444e-02],
       [ -4.41424102e-02,  -6.99803233e-02,   4.84638028e-02,
         -9.90018845e-02,   8.36690441e-02,  -3.67688313e-02,
          3.27304639e-02,  -1.48044922e-03,  -9.18938685e-03,
          1.08248061e-02,  -1.55155985e-02,   8.61293525e-02,
         -1.70483496e-02,   1.13015762e-02,  -6.79572448e-02,
         -6.02841936e-02,  -3.15202214e-02,   1.65373385e-02,
          4.51325849e-02,   2.92643365e-02],
       [ -8.43305886e-02,   4.92842384e-02,  -1.84991527e-02,
          4.00685668e-02,   2.44492777e-02,   1.11340597e-01,
          8.59079417e-03,   2.04469357e-02,   1.89313628e-02,
         -4.76486571e-02,  -2.94334861e-03,  -8.78132954e-02,
          2.20163353e-02,  -2.14307625e-02,  -5.50885499e-03,
         -2.99749114e-02,  -1.49539728e-02,  -7.10000424e-03,
         -1.27600711e-02,  -1.13617266e-02],
       [  3.40770744e-02,   1.15757510e-02,   1.82715338e-02,
         -3.62861082e-02,  -1.12513080e-03,   9.36112702e-02,
          1.14248218e-02,  -7.36845052e-03,   1.78582091e-02,
         -4.29676957e-02,   4.36909609e-02,  -6.55254498e-02,
          2.97568887e-02,   1.51032954e-02,   8.80608484e-02,
          1.73902661e-02,   4.03995849e-02,   7.46648684e-02,
          1.22934043e-01,  -1.68114796e-03],
       [  3.11754178e-02,  -5.24744333e-04,   8.32646862e-02,
          3.37395095e-03,  -2.46329419e-02,  -2.12607738e-02,
          8.56055841e-02,   1.78277902e-02,   3.90409902e-02,
          7.83006027e-02,   2.01094970e-02,   1.20751575e-01,
          4.07811627e-02,   1.23917446e-01,  -3.74676585e-02,
          1.57912057e-02,   1.26627356e-01,   8.03295970e-02,
          1.21552926e-02,   2.25764122e-02],
       [  5.31186573e-02,   1.09713271e-01,  -2.95050032e-02,
         -2.32170075e-02,   9.74435881e-02,   8.93068314e-02,
         -2.76336446e-02,  -1.04041323e-02,   9.39449072e-02,
          7.86370486e-02,   3.25781517e-02,  -8.04911181e-02,
          1.25368750e-02,   6.63684867e-03,   6.30791187e-02,
          2.61145388e-03,   5.53020239e-02,   3.50742713e-02,
         -8.37696791e-02,  -3.29252407e-02],
       [ -4.04532664e-02,  -2.98005808e-02,   1.75770223e-02,
         -3.72699313e-02,   4.67092264e-03,  -9.68354940e-03,
         -5.97137623e-02,  -4.52488028e-02,  -6.68483740e-03,
          3.21408994e-02,   2.57746540e-02,  -5.74528472e-04,
          5.82278967e-02,  -5.24950065e-02,  -5.78540526e-02,
          5.58251850e-02,  -1.59229375e-02,  -3.85266878e-02,
          4.37197983e-02,  -3.72484587e-02],
       [ -1.03192534e-02,  -2.46374006e-03,  -2.18765605e-02,
         -5.86605445e-02,  -4.04728688e-02,  -6.56287745e-02,
          3.72454487e-02,  -3.87091115e-02,  -3.22050564e-02,
         -2.43767910e-02,  -3.10235452e-02,  -3.18029001e-02,
         -1.67990737e-02,   2.30502412e-02,  -5.31849191e-02,
          2.24930309e-02,  -2.92951707e-02,  -1.22458944e-02,
          4.68257889e-02,  -4.01367992e-02],
       [  8.35102275e-02,   4.26913872e-02,   4.66731638e-02,
          9.96415596e-03,   1.00484513e-01,   6.01311848e-02,
          3.41298915e-02,   6.28125817e-02,   2.01331219e-03,
          8.85849595e-02,  -3.89396399e-02,   4.69966382e-02,
          2.93960739e-02,   3.09868846e-02,   9.30681825e-02,
         -6.01100400e-02,   1.97921749e-02,   1.87329780e-02,
          8.44056755e-02,   4.50580977e-02],
       [  7.93907642e-02,   4.11849543e-02,   9.70551819e-02,
          5.90306297e-02,   5.95455915e-02,   3.47563997e-02,
          9.06122997e-02,  -1.18915085e-02,   2.01325230e-02,
         -3.18673998e-02,  -9.33669414e-03,   6.01065382e-02,
          2.91594490e-02,   4.29266086e-03,   6.63763136e-02,
          8.33675414e-02,   1.00993656e-01,   1.91223901e-02,
          4.65672575e-02,   2.46838480e-02],
       [  3.35632414e-02,   9.92213637e-02,   1.14025302e-01,
         -3.83892246e-02,   8.63013119e-02,   8.92155841e-02,
          1.36614399e-05,   2.00221818e-02,   7.67118484e-02,
          6.07071891e-02,   5.53941056e-02,  -5.49964570e-02,
          1.12314880e-01,   1.05492808e-01,   9.00406241e-02,
         -2.93420125e-02,   6.80721253e-02,  -1.12884003e-03,
          7.86222368e-02,   4.19119112e-02],
       [  9.10563022e-02,   3.13232541e-02,   9.60487872e-02,
          7.82430619e-02,   7.82023296e-02,   4.79605049e-02,
          8.11291561e-02,   7.58791640e-02,   2.09980961e-02,
          4.16971743e-02,  -6.63263118e-03,   1.59784377e-01,
          6.91435412e-02,   6.83115274e-02,  -1.93898138e-02,
          1.88234784e-02,  -3.64635698e-02,  -7.72765093e-03,
          3.26249078e-02,   1.73833668e-01],
       [  8.58396962e-02,   4.11823802e-02,   1.50807694e-01,
          4.99306768e-02,   1.62478641e-01,   1.24984439e-02,
         -2.30216272e-02,   8.27205479e-02,   9.30334255e-02,
          9.33659375e-02,   2.44305581e-02,   1.23045323e-02,
          7.20553398e-02,  -2.39180550e-02,  -1.36306221e-02,
         -3.51279937e-02,   3.10032889e-02,   1.76255684e-02,
          3.25375199e-02,   1.25294581e-01],
       [  7.27949217e-02,   1.80267580e-02,   3.48537602e-02,
          4.77035530e-02,   9.59658027e-02,  -2.60694362e-02,
          4.61182073e-02,   2.22944329e-03,  -1.06782019e-02,
          1.33265302e-01,   1.19342387e-01,   3.53493206e-02,
          1.05166070e-01,   2.22531389e-02,   1.22308455e-01,
          5.15728164e-03,   1.56682506e-02,  -1.67939328e-02,
          1.23585038e-01,   2.74533965e-02],
       [  7.87413493e-02,   6.21326268e-02,   1.97593961e-03,
         -3.87579240e-02,   2.63612960e-02,   5.36173843e-02,
          8.59950781e-02,   5.23617268e-02,   1.33071050e-01,
          2.81697009e-02,  -3.41462716e-02,   7.99773410e-02,
          2.01509576e-02,   8.76666382e-02,   7.24297538e-02,
          3.47928554e-02,   4.77519482e-02,  -3.52796838e-02,
          8.85673389e-02,   8.04042816e-02],
       [ -1.33422986e-02,   4.30126190e-02,   6.95952773e-02,
          1.39817372e-01,  -2.68379133e-02,   4.06532548e-02,
          3.08782049e-02,   2.34671161e-02,   7.73143098e-02,
         -2.75036786e-02,   4.94185016e-02,  -4.69900668e-03,
         -3.36851552e-02,   5.32135405e-02,  -1.63154546e-02,
          3.07015516e-02,   2.40086187e-02,   6.55889362e-02,
          8.65231901e-02,   8.77951039e-04],
       [  7.06367567e-02,   6.53068051e-02,   6.13375492e-02,
          4.39949483e-02,   9.05720517e-02,  -1.97224971e-02,
          5.54605201e-02,   1.34171590e-01,  -9.39631276e-03,
          6.47649094e-02,   7.99795464e-02,   6.42873198e-02,
         -3.43971550e-02,   8.03856403e-02,   1.22469209e-01,
         -3.17180343e-02,   7.00651333e-02,   1.14063740e-01,
         -1.93255544e-02,   8.41019750e-02],
       [ -1.01458868e-02,   1.76479295e-02,   4.02517356e-02,
          4.32688519e-02,   1.35927610e-02,   5.10896742e-02,
          6.33468330e-02,  -3.19084339e-02,  -1.39291526e-03,
          5.44965006e-02,   8.98117498e-02,  -4.98137297e-03,
          1.66596975e-02,  -1.87141970e-02,   2.70931181e-02,
          4.59093191e-02,  -4.99270335e-02,   4.84540733e-03,
         -2.57248245e-02,  -8.26049037e-03],
       [ -2.28529572e-02,  -4.54879478e-02,  -1.35748051e-02,
          5.13721183e-02,   3.14701647e-02,  -8.00798759e-02,
          1.65112585e-01,  -2.45198067e-02,   1.27854466e-01,
          3.64856496e-02,  -5.45710810e-02,  -3.31941955e-02,
         -1.27263153e-02,  -5.21963052e-02,  -1.73196942e-02,
          4.48182411e-03,  -2.49815453e-02,  -4.93394695e-02,
         -4.78954427e-02,   2.14738026e-02],
       [  1.70292228e-01,  -1.21921812e-06,  -1.15109961e-02,
          4.00864743e-02,   7.76493503e-03,   5.07796220e-02,
          1.45974001e-02,   4.97087389e-02,   4.17301729e-02,
          1.03916042e-01,   9.18733031e-02,   5.74646294e-02,
          4.64321189e-02,   8.02791566e-02,   8.67448673e-02,
          3.21210697e-02,   5.97378761e-02,   5.63128479e-02,
          4.01001051e-02,   1.30762793e-02],
       [  1.14745600e-03,   1.13543272e-02,   7.39942566e-02,
          7.47065572e-03,  -2.56434977e-02,   9.97415185e-02,
         -4.59450558e-02,   1.73485503e-02,  -7.65411407e-02,
         -1.55273929e-01,  -5.93694448e-02,   1.70401260e-02,
          2.38914117e-02,  -2.02352237e-02,  -5.76775558e-02,
         -2.24484857e-02,   7.15126395e-02,  -1.37966610e-02,
          2.19517406e-02,  -7.39984289e-02]], dtype=float32), array([ 0.06288349,  0.04015667,  0.06227824,  0.03873026,  0.05233506,
        0.04895379,  0.04468764,  0.06618317,  0.04663645,  0.04240564,
        0.04038888,  0.0394076 ,  0.05250183,  0.05408978,  0.04266136,
        0.02282078,  0.05763754,  0.03362465,  0.05607929,  0.05024812], dtype=float32)][array([[-0.68370271],
       [-0.46550766],
       [-0.7006197 ],
       [-0.47483411],
       [-0.64984405],
       [-0.53741187],
       [-0.53059256],
       [-0.59054452],
       [-0.56079566],
       [-0.58172768],
       [-0.4970786 ],
       [-0.44888419],
       [-0.53969097],
       [-0.57247114],
       [-0.55981618],
       [-0.32976097],
       [-0.64280856],
       [-0.39510974],
       [-0.55851197],
       [-0.5249505 ]], dtype=float32), array([-0.9091593], dtype=float32)]