[array([[  1.93553139e-02,   4.74948250e-02,  -6.95921555e-02,
         -1.11640366e-02,  -7.77426660e-02,   2.10230015e-02,
         -2.30104700e-02,  -8.17758814e-02,  -2.50493847e-02,
          1.69932854e-03,   4.33749221e-02,   4.70642606e-03,
         -6.36639744e-02,  -3.45623493e-02,  -3.13045308e-02,
         -3.04363370e-02,  -3.29684727e-02,  -3.46781164e-02,
          7.16147988e-05,   1.08435415e-02,   5.29502518e-02,
         -1.14077829e-01,  -5.37557900e-02,   1.02891393e-01,
          5.29096499e-02,   5.09616695e-02,   4.25905772e-02,
          1.85283348e-02,  -2.75414269e-02,  -1.47126867e-02,
          5.65714203e-02,   7.13094547e-02,   4.57832254e-02,
         -1.63665712e-02,  -1.94972083e-02,   4.57485020e-03,
         -3.11128348e-02,  -8.34530815e-02,  -4.85394001e-02,
         -1.12789422e-02,  -6.47047581e-03,  -2.35276222e-02,
          5.00688851e-02,  -1.84009001e-02,   8.71862769e-02,
          4.55169529e-02,  -1.88615806e-02,  -9.46486648e-03,
         -6.19758815e-02,   2.44863704e-02],
       [ -9.67518240e-02,   1.21585717e-02,  -3.87690514e-02,
          1.45226838e-02,  -7.96803087e-02,   7.77365714e-02,
         -1.09824268e-02,  -9.12794005e-03,   4.91553620e-02,
         -5.24756089e-02,   5.73951192e-02,   1.15910238e-02,
         -7.34379217e-02,  -1.72557123e-03,  -4.43489589e-02,
         -6.53164908e-02,  -2.85237208e-02,  -4.08111960e-02,
          1.59901497e-03,   2.16740947e-02,  -3.09522953e-02,
         -2.19876692e-02,  -3.92608456e-02,   1.31826708e-02,
         -4.83632050e-02,  -1.40843922e-02,  -8.16228166e-02,
          2.87185572e-02,  -2.86375415e-02,   4.32403609e-02,
         -3.93958390e-03,  -2.40402762e-02,  -9.33817029e-02,
          4.68289182e-02,   1.80259856e-04,   1.54869398e-02,
         -5.67991461e-04,   5.03698830e-03,   2.86697708e-02,
         -5.67280967e-03,   3.40366177e-02,   1.52293891e-02,
         -6.73929155e-02,   2.38329750e-02,   1.49956336e-02,
         -1.84958652e-02,  -6.30442575e-02,  -7.61712343e-02,
         -4.83019054e-02,   7.43465647e-02],
       [  1.02233358e-01,  -9.71711800e-02,  -1.36830593e-02,
          3.37658934e-02,  -4.21539089e-03,  -7.19774365e-02,
         -3.43983918e-02,   7.67490491e-02,   1.64410390e-03,
          1.20434873e-02,   5.57622649e-02,  -2.63228565e-02,
         -1.08745754e-01,  -1.04671568e-01,  -5.02052456e-02,
         -2.59361174e-02,   1.12406993e-02,  -9.43041872e-03,
         -4.73568123e-03,  -6.17391663e-03,  -6.22114614e-02,
          5.64504117e-02,   1.17442794e-02,   7.71594746e-03,
          3.73353437e-02,  -5.58866654e-03,   4.36738245e-02,
          3.09344102e-02,   1.21840127e-02,   4.61248681e-02,
         -7.98674673e-02,   5.63182943e-02,   2.84554483e-03,
          4.09929547e-03,  -3.04008741e-02,   2.84228679e-02,
          1.14836777e-02,  -1.39782473e-03,   1.88537017e-02,
          6.63342476e-02,   4.18246649e-02,   3.15952976e-03,
          4.64067329e-03,   1.02797754e-01,  -5.00919782e-02,
         -1.08236326e-02,  -8.93991515e-02,  -1.68933272e-02,
          3.79023589e-02,   3.53718549e-02],
       [  2.41882037e-02,   1.34435445e-02,   5.50772473e-02,
         -8.71387199e-02,   7.70373270e-02,  -2.17333939e-02,
          1.16519211e-02,   5.10502569e-02,   5.04291952e-02,
          4.54401784e-02,  -3.08310390e-02,   3.02346945e-02,
          1.17091453e-02,   3.47338207e-02,   1.60044953e-02,
          3.34145017e-02,  -8.18631705e-03,   3.33571341e-03,
          2.41226200e-02,  -6.37209043e-02,  -3.10486052e-02,
         -3.21376175e-02,   1.63163636e-02,  -1.00400656e-01,
         -8.00541118e-02,   4.48807403e-02,  -1.06573202e-01,
         -2.00575963e-02,   4.36763950e-02,   2.72116531e-02,
         -3.63939553e-02,   6.39708117e-02,  -6.37307242e-02,
          1.35843614e-02,   1.62123458e-03,  -7.20973685e-02,
         -1.99519824e-02,  -2.54228078e-02,  -7.79660791e-03,
          7.61155933e-02,   8.63089859e-02,  -2.08729282e-02,
         -8.38257931e-03,   7.14027658e-02,   2.37201676e-02,
         -6.77215606e-02,   4.13498329e-03,   6.45428076e-02,
          4.08604704e-02,   4.66456115e-02]], dtype=float32), array([  1.36274566e-05,  -2.34957151e-05,   4.07994703e-05,
        -4.42350247e-05,  -2.03420550e-05,  -1.35126686e-06,
         3.12464799e-05,  -2.08214442e-05,  -6.36090263e-05,
        -5.72588979e-05,   3.38416430e-05,  -1.77368729e-05,
         4.64546029e-05,   5.81726563e-05,  -4.00211902e-05,
        -1.40284446e-05,  -4.27632767e-05,   5.38707710e-08,
         1.01543019e-05,   9.91272100e-06,   5.31435689e-05,
         7.24842403e-06,   1.01124679e-05,   2.02727770e-05,
         4.99585076e-05,  -2.98628420e-05,  -2.12962404e-05,
         2.45060710e-05,   1.51899148e-05,   4.58622053e-05,
         7.01306817e-06,  -3.93705295e-06,   4.33033119e-06,
         1.45304002e-05,  -1.27507874e-05,  -4.20610195e-05,
         5.93167715e-05,  -5.35458184e-06,   1.45537579e-05,
        -7.41554759e-05,   7.40444966e-06,  -3.02178687e-05,
         6.23975502e-05,   3.96324285e-05,   8.62282013e-06,
        -4.75816341e-05,  -2.79876731e-05,  -2.10240905e-05,
         3.71233982e-05,  -2.74791928e-05], dtype=float32)][array([[ -1.33386506e-02,   2.30840631e-02,  -5.04476428e-02,
         -2.41662785e-02,   7.52030835e-02,  -4.25266214e-02,
         -6.84854910e-02,  -5.66877425e-02,   2.78791096e-02,
         -1.23103680e-02,   7.33352527e-02,  -5.73626272e-02,
          4.86426279e-02,  -1.98468678e-02,  -5.94803244e-02,
          1.64669156e-02,   9.77540910e-02,  -3.07692885e-02,
          2.52572373e-02,   4.88312282e-02],
       [  5.36342822e-02,   8.28720853e-02,  -3.26121040e-02,
          6.71719108e-03,   3.07923406e-02,  -2.69898400e-03,
          3.50119509e-02,   6.51135519e-02,   7.19925575e-03,
         -3.29891802e-03,   2.53458489e-02,  -6.28621429e-02,
          1.27606705e-01,   4.28202711e-02,  -5.47360629e-02,
          1.98519547e-02,  -2.00597271e-02,   3.01319342e-02,
         -6.32778108e-02,  -9.41233337e-03],
       [  8.23850185e-03,   5.64627573e-02,  -2.14323378e-03,
         -6.62837923e-02,  -3.02903377e-03,  -9.36696026e-03,
          8.99313949e-03,  -3.56151313e-02,   8.49924982e-02,
         -3.57509442e-02,   9.41421092e-03,  -7.92235788e-03,
          5.39977364e-02,  -4.05326113e-03,   4.23258245e-02,
          3.68883088e-02,  -2.07672473e-02,  -1.22975325e-02,
         -3.91903846e-03,   1.24507807e-02],
       [  2.37684534e-03,   8.70729312e-02,   9.09259915e-02,
          7.54310414e-02,  -4.17090161e-03,   8.21898580e-02,
         -1.01979330e-01,  -1.24509688e-02,  -2.15578388e-04,
         -4.86974046e-03,   4.14053760e-02,  -1.72084905e-02,
         -3.17488350e-02,   1.83576476e-02,  -4.14474681e-02,
         -1.62570216e-02,  -5.99644519e-02,  -3.69739607e-02,
         -4.59327251e-02,   1.67280603e-02],
       [  4.93940040e-02,   2.73020864e-02,  -3.73279676e-02,
         -9.29979458e-02,  -3.74186411e-02,  -3.92528400e-02,
         -6.51002750e-02,   2.46680118e-02,   5.17095625e-03,
          8.37004930e-02,   1.00827515e-01,  -8.01964197e-03,
          2.24214401e-02,   8.63127410e-02,   3.16015668e-02,
          1.18744392e-02,   5.68129458e-02,   4.62634712e-02,
         -9.29539278e-03,  -4.44232561e-02],
       [  4.62069362e-03,   7.42984563e-03,  -2.01910571e-03,
          4.71621975e-02,   3.23839597e-02,  -3.33200134e-02,
          4.71401736e-02,   9.29005891e-02,  -9.11111850e-03,
          6.81340694e-02,  -9.92845073e-02,  -1.98155409e-03,
          2.80552376e-02,  -1.76064111e-02,  -1.38461739e-02,
         -8.03842675e-03,  -5.75578362e-02,  -4.93896976e-02,
         -1.53183416e-02,  -2.42456216e-02],
       [ -1.21564016e-01,   6.84368461e-02,   2.44619269e-02,
         -6.99906871e-02,  -5.31612970e-02,   1.70606971e-02,
          3.86550426e-02,   2.10483018e-02,   2.16488931e-02,
          9.14229378e-02,  -8.63215886e-03,  -2.52579637e-02,
         -3.44540440e-02,   2.57630292e-02,   9.07512903e-02,
          2.12567914e-02,  -8.90770257e-02,  -1.85040087e-02,
          7.82684386e-02,   7.11954683e-02],
       [ -2.79827174e-02,   7.08802715e-02,   1.33063430e-02,
          1.54580735e-02,   6.64841160e-02,   2.13728435e-02,
          1.13810219e-01,   4.47210968e-02,  -3.24511901e-02,
         -2.40934324e-02,  -4.95129228e-02,  -1.39007007e-03,
         -8.17591846e-02,   5.73493168e-03,   6.34571686e-02,
          7.66979381e-02,   3.93027067e-02,  -9.48678609e-03,
          3.20643745e-02,   1.06888535e-02],
       [ -3.48171927e-02,  -2.86452565e-02,   6.92308396e-02,
         -2.41876803e-02,  -1.93322208e-02,   1.67555697e-02,
          3.94814759e-02,   2.32914798e-02,  -6.63533993e-03,
          2.86933351e-02,   1.07772961e-01,   9.79515840e-04,
         -8.49622954e-03,  -8.48203674e-02,  -1.48525052e-02,
          4.20752168e-02,   6.02040924e-02,   7.20879436e-02,
          7.80372834e-03,   7.06115216e-02],
       [  1.19336192e-02,   1.64382234e-02,  -2.40975874e-03,
          3.18885371e-02,   7.45607391e-02,   8.55418742e-02,
          3.37147638e-02,  -2.99576633e-02,   1.04093421e-02,
          4.97225523e-02,   4.78858221e-03,  -3.56537104e-02,
         -4.37542796e-02,   7.52703240e-03,  -1.03263468e-01,
          3.17651071e-02,   4.85090911e-02,   6.34524152e-02,
         -5.45531772e-02,   7.45261312e-02],
       [  4.81445789e-02,  -1.49174966e-02,  -6.14312962e-02,
          2.63681803e-02,  -1.59195364e-02,  -4.35269587e-02,
         -3.98311317e-02,  -1.20047174e-01,  -2.92485207e-02,
         -1.66949327e-03,  -1.55820940e-02,   4.18799371e-03,
         -4.27155569e-03,   5.26490696e-02,   1.42005952e-02,
          8.28789268e-03,   7.01668952e-03,   5.81585579e-02,
          3.72132771e-02,  -1.73898824e-02],
       [ -2.50071250e-02,   2.00893618e-02,   4.49483804e-02,
         -9.91889387e-02,   5.62951155e-02,   4.86056656e-02,
         -4.90041859e-02,   4.25834656e-02,  -4.02256921e-02,
         -2.01460682e-02,  -6.28664112e-03,  -3.70595120e-02,
         -5.27504757e-02,  -1.67151447e-02,  -4.53069955e-02,
          2.17255596e-02,   8.94251913e-02,  -5.03695942e-02,
         -3.60474661e-02,  -5.80842886e-03],
       [ -4.82275859e-02,  -7.02673122e-02,  -2.31374130e-02,
          1.07638426e-02,   9.47587043e-02,  -1.38695668e-02,
          1.27217965e-03,   4.64742929e-02,  -3.14834304e-02,
         -7.62230996e-03,   7.03355446e-02,  -1.52617889e-02,
          9.47782174e-02,  -2.70517990e-02,  -7.57429302e-02,
         -3.43919024e-02,  -1.11116044e-01,  -2.50370614e-02,
          3.22565176e-02,   3.43733057e-02],
       [ -6.48356602e-02,  -8.44400823e-02,  -6.39526322e-02,
         -4.78152633e-02,   8.58547864e-04,  -6.07982576e-02,
          3.49804610e-02,  -1.15290573e-02,   1.61314439e-02,
         -2.76525989e-02,   6.61073774e-02,  -1.11072578e-01,
         -8.33014250e-02,  -9.04924329e-03,   5.00968099e-03,
         -1.53199062e-02,   1.33090449e-04,   9.18794721e-02,
          7.57559165e-02,  -7.94650521e-03],
       [  4.93611619e-02,   1.71943568e-02,   6.55962899e-02,
          4.96313199e-02,   3.20264101e-02,  -9.84528102e-03,
          5.66062331e-03,  -2.16413965e-03,  -2.87278574e-02,
         -4.67403047e-02,   2.63193948e-03,   6.47922382e-02,
         -3.00030392e-02,  -7.25936070e-02,  -3.12731676e-02,
         -9.54640508e-02,   1.85459144e-02,   4.17823903e-02,
          5.71562629e-03,  -2.53081508e-02],
       [  6.87817037e-02,  -2.21903436e-03,   1.51808606e-02,
         -1.06390543e-01,  -9.89246834e-03,  -5.32918684e-02,
         -2.58022770e-02,   2.15431098e-02,  -6.41963035e-02,
          1.01425722e-01,   9.25291404e-02,   1.05815634e-01,
         -4.11761142e-02,  -5.21246390e-03,   4.95305210e-02,
          1.43144364e-02,  -2.55201710e-03,   1.38273770e-02,
         -4.59081866e-03,  -2.02839784e-02],
       [  4.11571227e-02,   7.77623355e-02,  -5.40202018e-03,
          3.93393543e-03,  -2.80977525e-02,  -2.12127529e-02,
          1.44160185e-02,   1.36918761e-02,   3.22003588e-02,
          6.74015433e-02,   5.49548976e-02,  -8.16553682e-02,
          2.07558759e-02,   3.48878168e-02,   5.92175573e-02,
          5.65826893e-02,   1.00579970e-01,   1.66112278e-02,
          7.22226873e-02,   7.21007213e-02],
       [  4.39654179e-02,  -4.58751358e-02,   3.27677503e-02,
         -4.46990617e-02,  -2.26555355e-02,   1.04609929e-01,
         -1.65407006e-02,  -1.37094539e-02,   1.66983146e-03,
          1.44088687e-03,  -8.75610560e-02,  -2.49888804e-02,
         -1.30249262e-02,   4.30312455e-02,   6.80050766e-03,
          4.15710099e-02,   1.15512386e-02,  -1.54163651e-02,
         -9.74094681e-03,   2.39041150e-02],
       [ -3.25776637e-02,   2.54623201e-02,   7.51675814e-02,
         -9.49694142e-02,   3.16771530e-02,  -2.42346115e-02,
         -1.10212890e-02,  -7.92980567e-03,  -6.73076808e-02,
         -3.99698764e-02,  -2.35688454e-03,   2.99572628e-02,
         -7.23238811e-02,  -9.24284533e-02,  -3.55449989e-02,
         -3.87523733e-02,  -4.51424997e-03,   5.19831963e-02,
          1.03089726e-02,   2.06922423e-02],
       [  7.41585791e-02,  -5.55161051e-02,  -6.47723675e-02,
          1.79143324e-02,   7.55781010e-02,  -4.87990491e-02,
          6.46182895e-02,   1.83277912e-02,  -3.83303799e-02,
         -4.09713574e-03,  -1.94989499e-02,  -3.81285250e-02,
          5.84570318e-02,  -2.06160583e-02,   7.71660283e-02,
          2.96637751e-02,   3.98055203e-02,  -5.17373569e-02,
         -7.44147599e-02,  -8.51680636e-02],
       [  9.47810858e-02,   2.24589296e-02,   5.27969487e-02,
         -8.04588348e-02,  -6.41357675e-02,  -1.34629995e-01,
          5.09800240e-02,  -1.21194720e-02,  -2.33305339e-02,
         -7.54358917e-02,   9.02245641e-02,   2.65243500e-02,
         -3.85794626e-03,  -4.16010134e-02,  -6.86216354e-02,
          2.05766317e-02,  -4.84808534e-02,   9.01087653e-03,
         -2.18575839e-02,   7.71954432e-02],
       [  5.48445759e-03,   9.96655505e-03,   1.55931655e-02,
         -5.66955470e-03,  -1.99712552e-02,   2.93623079e-02,
          5.26107475e-02,  -5.35512716e-02,  -7.92299490e-03,
         -8.99952650e-03,  -4.95973639e-02,   3.28878239e-02,
         -2.11037155e-02,  -2.41928734e-02,   7.46282637e-02,
         -8.37846473e-03,  -6.38953149e-02,   6.81685209e-02,
         -2.35861503e-02,  -5.43593764e-02],
       [ -3.68098654e-02,  -5.42973448e-03,  -4.04736102e-02,
         -3.81742157e-02,   3.74513716e-02,   1.31884525e-02,
          1.00867096e-02,  -6.83441013e-02,   1.31966667e-02,
         -2.12987326e-03,  -4.21726378e-03,  -1.49684064e-02,
         -1.04491532e-01,   6.85965549e-03,  -8.19274690e-03,
          5.85299022e-02,   8.90047029e-02,   5.87667823e-02,
          6.91134855e-02,   3.86624075e-02],
       [ -2.70341691e-02,   2.96405647e-02,   1.79856364e-02,
          1.86959710e-02,  -2.46580727e-02,  -3.41048725e-02,
          4.73656729e-02,  -3.95152345e-02,   3.44790034e-02,
          3.20797833e-03,  -2.42904127e-02,  -4.44797985e-02,
          2.09777709e-03,  -3.19181718e-02,   3.71274464e-02,
         -8.78048614e-02,  -1.87875647e-02,  -9.59745795e-03,
         -4.47421484e-02,  -6.90950081e-02],
       [ -9.54344496e-02,  -7.61238560e-02,  -7.16602504e-02,
          1.99839119e-02,  -9.84169841e-02,  -4.94663194e-02,
         -3.07781738e-03,  -1.21076545e-03,  -3.24863493e-02,
         -3.60145234e-02,   2.42616571e-02,  -2.10822374e-02,
         -4.07244377e-02,   3.44583243e-02,   1.83305293e-02,
         -4.86408919e-03,  -4.64876555e-02,  -1.14990454e-02,
          4.63213623e-02,  -3.56189385e-02],
       [ -1.39379944e-03,   9.68156829e-02,   2.45133657e-02,
         -6.87781349e-02,  -3.33281718e-02,   4.92275953e-02,
         -5.59832081e-02,   6.87905177e-02,  -1.11569114e-01,
         -4.24533375e-02,  -2.54756249e-02,  -5.02257794e-03,
         -8.13074410e-03,  -2.69641858e-02,  -4.82115429e-03,
         -2.95354407e-02,   1.87426321e-02,  -8.98276418e-02,
         -1.27113229e-02,  -6.44861860e-03],
       [ -5.16284257e-03,  -3.28089818e-02,   2.52552032e-02,
          2.62763426e-02,   2.55545322e-02,   1.89237930e-02,
          4.33689021e-02,   4.97402400e-02,  -6.51562260e-03,
          2.22209636e-02,  -1.33416010e-02,  -2.85720546e-03,
         -1.13792326e-02,  -2.94454694e-02,  -9.37934369e-02,
         -5.58306314e-02,   3.18214484e-02,  -6.24182932e-02,
         -8.83482695e-02,  -1.17706694e-02],
       [  2.89737098e-02,   2.27595381e-02,   5.19852825e-02,
         -5.28443931e-03,  -1.18677095e-01,  -9.30840299e-02,
          2.94392630e-02,   9.28586498e-02,  -6.95080310e-02,
         -1.22892857e-02,  -6.33522719e-02,   4.10582945e-02,
          5.65359592e-02,   9.25505981e-02,   3.41106690e-02,
          4.81950343e-02,  -1.14317775e-01,   7.65928300e-03,
         -3.73810157e-02,  -5.63565530e-02],
       [  1.76075120e-02,   5.76489121e-02,  -4.41990308e-02,
         -4.25685570e-02,   3.12511921e-02,   1.11252982e-02,
         -6.87171072e-02,  -2.32355334e-02,   1.18572697e-01,
         -3.64347035e-03,  -1.56809352e-02,  -4.69773496e-03,
          4.05299403e-02,   2.49831323e-02,  -3.88236940e-02,
          6.09093010e-02,  -1.16821425e-02,   5.85136861e-02,
          2.50840490e-03,  -2.42428817e-02],
       [  5.59886955e-02,   4.64505181e-02,   6.88269809e-02,
          8.87298118e-03,  -1.90658681e-02,  -1.50315657e-01,
          7.28851706e-02,  -3.29108760e-02,  -2.45179161e-02,
          2.23239772e-02,  -1.40286256e-02,  -8.39039087e-02,
         -1.92081276e-02,   8.74039065e-03,  -5.46942800e-02,
         -1.61897838e-02,   4.35175486e-02,  -2.63997674e-04,
         -5.45475399e-03,  -7.18234405e-02],
       [ -2.48104353e-02,   1.55221531e-02,  -1.01275109e-01,
          2.95827389e-02,  -8.60739313e-03,  -3.50769646e-02,
          1.75830629e-02,  -1.72961801e-02,  -7.62315243e-02,
         -3.62524055e-02,  -6.31530359e-02,   1.27718523e-02,
          4.99256589e-02,   3.54790688e-02,   7.65970722e-02,
         -6.17309250e-02,   3.10174040e-02,  -6.37812540e-02,
         -9.80396941e-03,   2.49530170e-02],
       [  4.77161109e-02,  -2.98059899e-02,   4.51954417e-02,
          3.87578309e-02,  -8.32326338e-03,  -2.33670715e-02,
         -6.16980754e-02,   3.50162461e-02,   2.31593736e-02,
          6.38337713e-03,  -1.14981784e-02,  -1.37971835e-02,
         -5.14607057e-02,  -1.33485487e-02,  -2.88908333e-02,
          3.45423445e-02,  -3.30891944e-02,  -5.97878769e-02,
         -4.86055762e-02,  -8.82445090e-03],
       [  1.03052973e-03,  -6.22312427e-02,  -1.21125039e-02,
         -1.87140256e-02,  -6.69971155e-03,  -5.18078841e-02,
          3.42793278e-02,   6.94552436e-02,   2.26872712e-02,
         -8.66220333e-03,   3.43080424e-02,  -5.92277162e-02,
          1.43070733e-02,  -3.21545228e-02,   9.42198113e-02,
         -4.41566389e-03,   3.46524734e-03,   6.88201562e-02,
          9.39614549e-02,   2.42605526e-02],
       [  2.61491630e-02,   1.07521899e-02,  -3.09088464e-05,
         -8.42168406e-02,  -6.92104176e-02,  -2.62619108e-02,
         -3.36485580e-02,   5.22649363e-02,   8.01050514e-02,
         -9.48947482e-03,  -2.91800350e-02,  -4.74419668e-02,
         -3.51795666e-02,   3.08019072e-02,   3.28836888e-02,
          1.51255494e-02,  -6.05556332e-02,   3.72508503e-02,
         -5.09047322e-02,   4.92973551e-02],
       [  1.55002335e-02,  -1.81694154e-03,   3.56669165e-02,
         -4.05144766e-02,   6.68640435e-02,   1.74320433e-02,
         -2.70377658e-02,  -3.08303330e-02,   6.82889447e-02,
          6.75798673e-03,  -2.62706485e-02,   1.40612712e-02,
          6.24125265e-02,  -5.84709318e-03,   6.95292279e-02,
         -4.68524136e-02,   8.00653100e-02,  -2.48513930e-02,
         -3.12155206e-02,   9.71086044e-03],
       [  5.34154549e-02,   1.08518966e-01,  -9.16519165e-02,
         -2.59521995e-02,  -7.85638243e-02,   2.76040304e-02,
         -9.12024379e-02,  -2.70861224e-03,  -1.64121222e-02,
          1.02995284e-01,   6.49477914e-02,   1.69050265e-02,
         -3.93103734e-02,  -2.40758769e-02,  -7.45915920e-02,
          7.68250749e-02,  -1.79960150e-02,   3.02430559e-02,
          1.95791908e-02,  -6.27218410e-02],
       [  2.77878009e-02,   1.32265477e-03,  -1.22476537e-02,
         -2.24597640e-02,   1.06258750e-01,  -3.41316201e-02,
          3.36177237e-02,   7.70046469e-03,  -1.57344211e-02,
         -6.68765232e-02,  -3.14606503e-02,   5.03091812e-02,
         -3.04455869e-02,   3.29182148e-02,  -1.82257239e-02,
         -1.18485698e-02,  -5.13751097e-02,  -7.94410706e-03,
         -1.45629020e-02,  -7.61392564e-02],
       [  5.21599911e-02,  -3.04522715e-03,  -4.37210919e-03,
          2.18112953e-02,  -5.09186834e-02,  -1.48281129e-02,
         -9.04734209e-02,   8.52923095e-02,   7.59488344e-02,
         -5.94783053e-02,  -6.04786240e-02,   3.54040042e-02,
         -1.05921268e-01,   4.82169837e-02,  -8.01438582e-04,
          3.84939611e-02,  -5.15718944e-02,   2.78884941e-03,
          3.93305952e-03,  -1.64478980e-02],
       [  8.06722641e-02,   3.04542836e-02,  -4.38613668e-02,
         -1.84120424e-02,   1.84187852e-02,  -1.71151683e-02,
          4.92889667e-03,  -1.98112428e-02,  -4.43868786e-02,
         -3.64151001e-02,   1.99894588e-02,  -7.88950361e-03,
         -2.27470901e-02,   3.01787499e-02,   3.69862840e-03,
          5.22912629e-02,  -8.25819385e-04,   2.64618769e-02,
          3.43537480e-02,   3.97187546e-02],
       [  8.51321442e-04,  -5.87445172e-03,   8.42174292e-02,
          1.22674510e-01,   5.65827824e-03,  -1.93888173e-02,
         -7.94226229e-02,  -1.09226247e-02,  -4.44781035e-02,
          9.01512578e-02,   2.45984886e-02,   8.46620023e-05,
          2.55438648e-02,  -2.29104012e-02,   3.05932406e-02,
          1.00225222e-03,   3.56737003e-02,  -5.03682494e-02,
         -2.95745935e-02,   5.52970134e-02],
       [ -1.08417508e-03,  -1.17845219e-02,   5.03659546e-02,
         -5.75389117e-02,   7.14625195e-02,  -7.18149245e-02,
          8.27683881e-03,   2.00651377e-03,   6.75715599e-03,
          1.03068287e-02,  -1.01229940e-02,   2.31793374e-02,
          5.72647415e-02,  -8.75122100e-02,  -3.98036912e-02,
          6.36385055e-03,  -1.15549462e-02,   5.11664748e-02,
         -7.12812543e-02,  -1.07195554e-02],
       [ -5.87316565e-02,   1.43421727e-04,   5.48413955e-03,
          1.72354728e-02,   9.66406614e-02,  -5.76707162e-02,
         -4.35976498e-02,   4.57366221e-02,  -5.74510284e-02,
          1.00961579e-02,   2.22864244e-02,   8.32506716e-02,
          4.06475812e-02,  -8.12722519e-02,  -7.26026446e-02,
         -5.97599745e-02,   1.58756860e-02,   6.85486943e-03,
          3.09478752e-02,   8.33907127e-02],
       [ -6.45951703e-02,   2.24501342e-02,   5.77818267e-02,
         -1.25576332e-01,  -3.13438401e-02,  -1.75401047e-02,
          5.29673882e-02,  -2.40545385e-02,   5.57182953e-02,
         -7.08265454e-02,   2.25408282e-02,   3.85903828e-02,
          3.39950025e-02,   2.90851649e-02,   4.93330359e-02,
         -1.76241398e-02,  -2.35637110e-02,   1.14233168e-02,
          1.07540721e-02,   2.11942233e-02],
       [ -1.27265565e-02,   5.44608720e-02,  -3.03044710e-02,
         -8.07915553e-02,   5.44250757e-02,  -3.64463292e-02,
          1.51282875e-02,   3.54498848e-02,   5.74633107e-03,
          1.04586206e-01,  -6.37103096e-02,   6.44367561e-02,
          5.30486507e-03,   1.33957773e-01,   3.36147398e-02,
         -1.24979138e-01,  -2.43939534e-02,  -6.08608164e-02,
          2.49398164e-02,  -7.06065968e-02],
       [ -7.46482536e-02,   5.29164411e-02,   8.33083782e-03,
         -4.43724692e-02,   2.84816921e-02,  -1.36739826e-02,
         -1.09846368e-01,  -2.53851078e-02,   3.51172797e-02,
         -1.37898596e-02,   4.98929573e-03,  -6.62872195e-02,
          2.54391991e-02,  -8.76076370e-02,   1.33362273e-03,
         -3.36272120e-02,   2.33849362e-02,   5.68484142e-02,
          6.67786002e-02,  -7.22600818e-02],
       [ -4.41175550e-02,  -3.04797757e-03,  -1.01246633e-01,
         -9.99485403e-02,   2.28058081e-02,   6.33902028e-02,
         -4.03721891e-02,   1.04349494e-01,  -9.99205187e-02,
         -8.54037106e-02,   3.53010260e-02,  -1.53744332e-02,
         -1.98616628e-02,   2.22090594e-02,   5.25074787e-02,
         -2.66892090e-02,   3.39319035e-02,   3.54964323e-02,
         -3.70813608e-02,   8.32908452e-02],
       [ -7.01070717e-03,   4.55382913e-02,   3.91005650e-02,
          3.35776545e-02,   9.28337686e-03,  -2.64466535e-02,
          9.10950378e-02,  -3.43957394e-02,  -4.42263484e-02,
          4.91426177e-02,  -4.23980393e-02,  -1.15857627e-02,
         -1.35338064e-02,   1.43578490e-02,   4.96654585e-02,
         -9.36820507e-02,   7.09186569e-02,   2.38211942e-03,
         -8.29575136e-02,  -1.07678309e-01],
       [  4.46263403e-02,   3.74993011e-02,   5.11978641e-02,
         -3.61694908e-03,  -4.81139049e-02,   1.63897257e-02,
         -2.98798867e-02,   8.51965882e-03,  -4.87142764e-02,
         -4.35408466e-02,  -1.62906483e-01,  -1.84580423e-02,
          2.71273758e-02,  -6.37557209e-02,   9.29674953e-02,
         -1.62134189e-02,   3.19465622e-02,  -3.51265222e-02,
          6.12559542e-02,   4.75480594e-02],
       [  6.71084896e-02,  -7.37473741e-03,  -1.82621758e-02,
          2.40232386e-02,  -2.55450439e-02,   1.23874340e-02,
          7.08122402e-02,  -6.66728169e-02,  -3.47686410e-02,
         -4.24658433e-02,   4.35512513e-02,  -6.29485697e-02,
          3.39032337e-02,   1.04498573e-01,   6.53646737e-02,
          5.28933555e-02,  -7.11401999e-02,  -3.14710140e-02,
         -1.19273268e-01,  -3.32059339e-02],
       [  1.34610280e-01,   2.97430567e-02,  -1.13082798e-02,
         -1.06518771e-02,   5.65792173e-02,  -2.64387671e-02,
         -2.27779951e-02,  -7.39986449e-02,  -3.03100590e-02,
          1.04297072e-01,  -8.37165921e-04,  -4.90071811e-02,
          9.63900797e-03,  -4.63616885e-02,   1.25038251e-02,
          3.31461318e-02,  -2.74656247e-02,   1.08179443e-01,
         -3.79833393e-02,   9.14656073e-02]], dtype=float32), array([ -1.29300039e-04,  -5.64114482e-04,  -5.25702453e-05,
        -1.22696860e-03,   4.18601267e-04,  -1.06934551e-03,
         4.78165224e-04,  -1.18422508e-03,   3.00064363e-04,
        -5.66048839e-04,  -3.34631128e-04,  -5.01950854e-04,
         1.90742485e-05,   5.86347305e-04,  -3.66142835e-04,
         7.04942868e-05,  -1.26358727e-03,  -8.54403246e-04,
         8.46024719e-04,  -3.96204647e-04], dtype=float32)][array([[-0.04002462],
       [-0.01240441],
       [-0.04695578],
       [ 0.07046393],
       [-0.08247319],
       [ 0.04452384],
       [-0.07288168],
       [ 0.04177165],
       [-0.06058862],
       [-0.00893115],
       [-0.0190507 ],
       [-0.00115172],
       [-0.04381477],
       [-0.08296911],
       [-0.01952599],
       [-0.05099372],
       [ 0.04184433],
       [ 0.01390135],
       [-0.10056144],
       [-0.01864277]], dtype=float32), array([-0.05604644], dtype=float32)]