[array([[ 0.13683039,  0.04073136, -0.04379085,  0.01742264,  0.00385603,
        -0.06003508, -0.002064  , -0.02013387,  0.03923215,  0.10922667,
         0.02148842,  0.02193733, -0.01064609, -0.03171764, -0.01852675,
         0.00884944,  0.04887234, -0.06384544, -0.02837072, -0.00346462,
         0.06680533,  0.05500555,  0.05737121,  0.05162908,  0.00407155,
        -0.05955097,  0.04399654, -0.00262789, -0.00320885, -0.07815598,
         0.00397226, -0.01281096,  0.09974197,  0.01983075,  0.04453934,
         0.06640946,  0.08534405,  0.06267218,  0.03029042,  0.0607186 ,
         0.00767231,  0.0516344 ,  0.06076987,  0.0038341 , -0.01499605,
         0.05418506, -0.01484873,  0.01865131, -0.04871086, -0.03771624],
       [-0.04554036,  0.01827823,  0.05524416,  0.02786107,  0.08493979,
         0.02447382, -0.01735868,  0.05290465, -0.07349437,  0.00391944,
         0.01177652, -0.01099216,  0.05397044, -0.00445268,  0.00750114,
        -0.02608037,  0.05336288,  0.02162249,  0.03985771, -0.01211108,
        -0.02872293,  0.10943424,  0.00881143, -0.00501713,  0.00718426,
         0.00102118,  0.00952788, -0.02554144,  0.02838163,  0.04624146,
         0.05208931,  0.06199257, -0.03363041, -0.04549306, -0.07231674,
         0.01856321,  0.02459381, -0.06390208,  0.03419515, -0.06642649,
        -0.03191959, -0.06481466,  0.01143263,  0.04204372,  0.01671623,
        -0.07017394, -0.00820167, -0.01455954,  0.05710077, -0.0617098 ],
       [-0.02234112, -0.11210715, -0.03527491, -0.00442521,  0.04704141,
         0.061974  , -0.0375065 , -0.02703176, -0.03828486,  0.02871998,
         0.01655221, -0.02861421, -0.04002809, -0.08067807,  0.02050911,
        -0.09921091, -0.09613167,  0.04203046,  0.02354372, -0.00354824,
         0.0707598 ,  0.00298239, -0.02502063, -0.07737552,  0.04511376,
        -0.01025341, -0.09189697, -0.12319376,  0.02020206,  0.04772584,
        -0.05552348, -0.05310885, -0.00442534,  0.01221951,  0.06819519,
        -0.10652693,  0.02862463,  0.03316871,  0.086287  ,  0.00838843,
         0.06771111, -0.03006042, -0.03364265,  0.06586965, -0.05832342,
         0.00148565,  0.05851367,  0.07274873, -0.07531055,  0.02532159],
       [-0.08736121, -0.0141089 , -0.0048914 ,  0.05102932, -0.03074319,
         0.00445068,  0.05743142, -0.04939779, -0.0511763 ,  0.04435302,
         0.00850753,  0.00097699, -0.04504369, -0.0847566 , -0.02787052,
        -0.11647692, -0.01361086, -0.10353756, -0.07781042,  0.00579594,
        -0.01975071, -0.00507369, -0.06801812, -0.00156166,  0.08357566,
        -0.04592474,  0.08241153,  0.07058091, -0.00664891, -0.04188826,
        -0.05472777, -0.08191192,  0.06016495, -0.06968652,  0.01630137,
         0.14641045, -0.03703877,  0.04241551,  0.15723929,  0.00563342,
        -0.04217847,  0.0745674 ,  0.06786512,  0.03356058, -0.06392071,
        -0.01139065,  0.06386988, -0.02442534,  0.04544839,  0.03572393],
       [ 0.01254138, -0.07402137,  0.02811789, -0.02488224,  0.06061636,
        -0.03634699,  0.00844195,  0.01487318,  0.04374577,  0.00400317,
        -0.01164873, -0.02335683,  0.00536629,  0.01435561, -0.04588975,
        -0.04147022,  0.00517237, -0.09469304, -0.04073808,  0.00251692,
        -0.09880916,  0.04950328, -0.04883524, -0.00165567,  0.00851929,
         0.0467282 ,  0.00299245, -0.01645504,  0.06085805, -0.00846367,
        -0.06020572,  0.05051853, -0.02565334, -0.01745178, -0.01052265,
         0.06434789, -0.01169439, -0.02430511, -0.05753815,  0.07141705,
         0.05372771, -0.03044688, -0.002214  , -0.05214284,  0.00483023,
         0.03947446, -0.04959183, -0.03589813, -0.00038411, -0.05869723],
       [-0.00731551,  0.0805321 ,  0.06277712, -0.0097798 ,  0.04805595,
         0.05976872,  0.03506055,  0.09280293,  0.06970275,  0.03051968,
        -0.0531655 ,  0.0257207 ,  0.02806615, -0.11831842, -0.04154502,
         0.00390322,  0.06984087, -0.00921833,  0.06202113,  0.03768256,
         0.02885089,  0.06477939,  0.01125054, -0.09622558,  0.06222549,
         0.01486928,  0.049916  ,  0.09815581, -0.00243687, -0.01705752,
        -0.02580049, -0.09887917, -0.01188307,  0.06808484, -0.09271119,
         0.00187818,  0.08320144,  0.10786535,  0.00289961,  0.08796069,
         0.01111448, -0.00252258, -0.05906783, -0.01808486,  0.02311231,
        -0.01302671, -0.03088275,  0.02076919, -0.04484534,  0.02524321],
       [ 0.0817139 ,  0.00338066, -0.00691077,  0.05017732,  0.03427523,
         0.00866897,  0.04212432,  0.00337724, -0.03332998,  0.02118461,
         0.04922855, -0.03582342, -0.02560186, -0.02799161,  0.01619993,
        -0.02410862,  0.0234041 ,  0.06506792, -0.05228207,  0.05285027,
         0.00173963, -0.01767052, -0.00665081, -0.03427891,  0.03251995,
        -0.00640222,  0.00614045,  0.11114498, -0.03837734, -0.0169484 ,
         0.02160658,  0.05329842, -0.03210979, -0.0403613 ,  0.13162196,
        -0.04661394, -0.00714159, -0.0207339 , -0.00443308, -0.03098076,
         0.06394585,  0.07411385, -0.02474389, -0.05471894, -0.04074487,
         0.02742078, -0.11130895, -0.00020129,  0.03388145,  0.00580322],
       [-0.09969297, -0.10639443, -0.01284649,  0.00770734, -0.03930597,
         0.03939767,  0.06531923,  0.03410929,  0.03248964, -0.07026967,
        -0.09391233,  0.02825299, -0.06867992,  0.00978088,  0.01202026,
         0.01365809, -0.00905052,  0.04580146,  0.02015948,  0.07755155,
        -0.01833375,  0.10329167,  0.08404456, -0.01996505, -0.04860235,
         0.04845626, -0.12551323, -0.01297029, -0.04576192, -0.00529271,
        -0.03089089,  0.01904142,  0.00523824,  0.06485626, -0.05005694,
        -0.11832827, -0.11863842, -0.03373996, -0.08362002,  0.00130689,
        -0.08916792,  0.05526712,  0.03270568,  0.01508698, -0.03551021,
         0.04712863,  0.0378104 ,  0.00525301,  0.06289259, -0.09131617]], dtype=float32), array([ 0.,  0.,  0.,  0.,  0.,  0.,  0.,  0.,  0.,  0.,  0.,  0.,  0.,
        0.,  0.,  0.,  0.,  0.,  0.,  0.,  0.,  0.,  0.,  0.,  0.,  0.,
        0.,  0.,  0.,  0.,  0.,  0.,  0.,  0.,  0.,  0.,  0.,  0.,  0.,
        0.,  0.,  0.,  0.,  0.,  0.,  0.,  0.,  0.,  0.,  0.], dtype=float32)][array([[ -7.57140517e-02,   4.84554097e-03,   4.73732352e-02,
          2.77499687e-02,   3.78135405e-02,  -5.51342741e-02,
          2.27535423e-02,  -9.70094930e-03,   1.13074919e-02,
         -5.07746711e-02,   1.97439529e-02,  -3.12374681e-02,
          8.87682959e-02,   2.91973855e-02,  -2.29492970e-02,
         -6.43635765e-02,   1.15333861e-02,   5.40067330e-02,
         -3.04230507e-02,   4.18172404e-02],
       [  3.09849512e-02,   3.26057225e-02,  -6.76268637e-02,
          3.22882794e-02,   7.42876669e-03,   2.02790927e-02,
         -3.26613896e-02,  -3.70835848e-02,   2.10926682e-02,
          3.03350692e-03,   5.26486039e-02,   4.97658662e-02,
         -6.94915280e-02,   8.46390147e-03,  -6.98584914e-02,
         -6.66243583e-02,  -3.29799838e-02,  -2.45915875e-02,
         -3.47993225e-02,  -6.10367255e-03],
       [ -6.96506947e-02,   6.62809834e-02,   6.80250749e-02,
          1.85519445e-03,  -7.18478207e-03,  -3.46418582e-02,
         -7.39024356e-02,   2.48161308e-03,   7.24876672e-03,
          2.09598147e-04,  -9.43950005e-03,  -3.23149115e-02,
          6.59502670e-03,   3.21830697e-02,   1.23097477e-02,
          4.18167524e-02,  -4.82677948e-03,   6.23831246e-03,
         -9.19113494e-03,  -1.82715394e-02],
       [  2.07698960e-02,   2.48175748e-02,   1.09490566e-01,
         -4.16685008e-02,   3.20616178e-02,   1.23018175e-02,
          6.57536015e-02,  -3.62679586e-02,  -5.27051389e-02,
          2.58260901e-04,   4.81135249e-02,  -2.62515643e-03,
         -4.01255600e-02,  -3.29105034e-02,  -5.80054224e-02,
          3.14484946e-02,   5.75785637e-02,  -9.76749044e-03,
         -4.92938329e-03,   1.53189963e-02],
       [ -3.72135267e-02,  -3.20319682e-02,   5.53332269e-02,
          5.17668091e-02,   1.42032569e-02,   5.07679544e-02,
          5.03342040e-03,   7.97423068e-03,  -1.16932970e-02,
          6.56427955e-03,   4.34040977e-03,  -2.94801779e-02,
          4.79354113e-02,  -2.14465745e-02,   4.24061008e-02,
          5.75382300e-02,   2.69829426e-02,  -2.91223768e-02,
          6.58341721e-02,  -7.13919336e-03],
       [ -1.43122021e-02,  -2.21322197e-02,  -2.92035495e-03,
         -1.09423976e-02,   2.75501348e-02,  -8.28790218e-02,
         -3.60578112e-02,   2.52304412e-02,  -3.27152684e-02,
         -4.86259907e-02,   5.86823486e-02,   3.30411159e-02,
          2.45743729e-02,  -6.54765218e-02,  -6.96976259e-02,
          4.83217649e-02,  -4.91925608e-03,   2.91772131e-02,
         -7.76909234e-04,  -7.26970211e-02],
       [ -7.78887421e-02,  -1.74954142e-02,   3.36705409e-02,
          1.34781348e-02,  -5.13695776e-02,   4.17374820e-03,
          7.97183663e-02,  -4.60665189e-02,   2.21806429e-02,
         -3.70117724e-02,  -5.43433987e-02,  -5.31954467e-02,
         -3.09988298e-02,  -1.16532505e-01,   3.13700885e-02,
         -1.11438846e-02,  -2.36832611e-02,   7.65583962e-02,
         -2.91127129e-04,  -3.22042778e-02],
       [ -1.94436368e-02,  -7.67057762e-02,   3.56106944e-02,
          9.70973354e-03,   2.55337264e-02,  -4.43556495e-02,
         -5.98774627e-02,   4.88315076e-02,   7.50600547e-02,
         -1.66287795e-02,  -7.66222030e-02,   6.26023635e-02,
         -1.22545725e-02,   7.51586258e-02,  -2.78030839e-02,
          4.22392935e-02,   2.41328161e-02,   1.58209465e-02,
         -2.00684797e-02,   4.66053262e-02],
       [  2.40721088e-02,  -8.17758869e-03,   4.63813730e-03,
          9.68707800e-02,   2.13939920e-02,  -7.19269440e-02,
         -5.27807092e-03,   5.44090159e-02,   3.42865288e-03,
          1.17997145e-02,  -2.56500673e-02,   7.03401938e-02,
         -7.30689764e-02,   2.11407221e-03,  -1.20506421e-01,
         -1.25662489e-02,   2.32119560e-02,   1.80885587e-02,
          6.11485839e-02,   5.29352725e-02],
       [ -3.14183682e-02,   4.04451378e-02,   9.07545611e-02,
         -2.77475454e-04,  -2.42770854e-02,  -7.03774840e-02,
         -2.17742729e-03,  -1.11802956e-02,  -1.49022257e-02,
         -8.35798308e-03,   9.99682769e-02,   3.70575637e-02,
          4.67687808e-02,   1.31136328e-02,   1.39877737e-01,
          5.45051880e-02,   3.06137204e-02,   3.96171585e-04,
         -3.91282886e-02,  -2.88794395e-02],
       [ -7.38298008e-03,   4.75824699e-02,  -8.60861316e-02,
          8.56152996e-02,   1.92509021e-03,   3.50814015e-02,
         -2.60400604e-02,  -4.37485836e-02,  -2.23477408e-02,
         -2.78250910e-02,   4.87321354e-02,   8.41860846e-02,
         -9.28348210e-03,  -5.60395904e-02,   4.22465764e-02,
          3.67657617e-02,   4.93996218e-03,  -1.24525331e-01,
         -5.31999879e-02,   3.53799276e-02],
       [ -6.25358671e-02,   5.04019931e-02,   7.84564242e-02,
          6.78824931e-02,   3.76139651e-03,  -5.35028242e-02,
          4.92422804e-02,   5.38736163e-03,   1.80922356e-02,
         -2.24274918e-02,   1.03965841e-01,  -4.31013778e-02,
         -7.42815360e-02,  -4.28228974e-02,  -5.31226061e-02,
         -7.27185309e-02,   7.43120760e-02,   2.19803397e-02,
          1.94517374e-02,  -1.50358316e-03],
       [  4.73768823e-02,  -5.57605922e-02,   3.88906933e-02,
          6.55271485e-02,   8.52469429e-02,  -9.39800292e-02,
         -2.76096351e-02,  -5.68457646e-03,   1.47678582e-02,
         -3.60169597e-02,   3.45718525e-02,   1.02372088e-01,
          1.61036185e-03,  -1.19872265e-01,   3.95303182e-02,
          7.92885721e-02,  -1.30407633e-02,  -9.79344994e-02,
          3.96784134e-02,   5.85234119e-03],
       [  4.96032350e-02,   6.00131340e-02,  -7.40330666e-02,
         -1.07185498e-01,  -1.92677509e-02,   7.49933273e-02,
         -1.28952459e-01,  -6.44926280e-02,  -7.25456551e-02,
          4.27007154e-02,  -3.22565027e-02,   4.35428955e-02,
         -2.87292004e-02,   5.46464212e-02,   1.68045517e-02,
          1.49983459e-03,  -4.62893806e-02,  -8.18364695e-03,
          3.55159380e-02,   4.19709831e-02],
       [  1.73201077e-02,  -8.57258961e-03,  -1.83451083e-03,
          5.41612022e-02,   2.78150360e-03,   1.36613543e-03,
          3.25071774e-02,   5.39875738e-02,   8.92842039e-02,
          3.09033003e-02,  -3.67782800e-03,  -3.65182944e-02,
         -7.57294614e-03,   1.08139645e-02,  -4.97351699e-02,
          2.50340011e-02,   1.15388751e-01,   3.90136987e-03,
         -5.47987819e-02,   4.67903093e-02],
       [  8.09715167e-02,  -1.84746236e-02,   7.93265253e-02,
          4.53381129e-02,  -2.04505585e-02,   9.84810740e-02,
          3.90181839e-02,   1.88994985e-02,  -4.80451845e-02,
         -2.10317746e-02,  -1.08599022e-01,   1.55298216e-02,
         -1.22756315e-02,  -1.33523019e-02,  -3.15621682e-02,
         -5.33841364e-02,   5.02912663e-02,   5.20858131e-02,
          4.51088659e-02,   1.96222439e-02],
       [  2.91976929e-02,   6.91692978e-02,  -4.85840440e-02,
          3.08516659e-02,   5.51278982e-03,  -4.12376821e-02,
         -4.24854970e-03,  -8.31331909e-02,  -2.04420127e-02,
         -2.73715835e-02,   7.36309541e-03,  -2.99075106e-03,
         -5.28146029e-02,   1.28192768e-01,   3.67047153e-02,
          2.49425005e-02,   4.68193106e-02,   4.14818935e-02,
          5.49111664e-02,  -1.57624949e-02],
       [  7.64242932e-02,   1.03518061e-01,  -2.58697686e-03,
          1.19364057e-02,  -1.12448279e-02,  -5.62722571e-02,
         -5.41489236e-02,  -5.78761660e-02,   9.59521066e-03,
          1.30245434e-02,   8.61154217e-03,  -8.09162036e-02,
         -1.10563658e-01,  -7.39152580e-02,   4.55939397e-02,
         -1.01641221e-02,   3.91356237e-02,  -1.49736525e-02,
         -1.53472442e-02,   5.94995320e-02],
       [  3.81769240e-02,   8.38407502e-02,   5.10925315e-02,
          5.50137721e-02,   9.78994519e-02,  -4.82087694e-02,
         -3.51767950e-02,   7.75151625e-02,  -4.64624800e-02,
         -2.05699285e-03,  -7.16976076e-03,  -2.70638168e-02,
          1.45386187e-02,  -1.09478296e-03,  -1.31619563e-02,
          6.28402159e-02,  -5.24505135e-03,  -1.18538393e-02,
          4.03525941e-02,   6.79453984e-02],
       [  1.18777417e-02,   1.87528543e-02,  -3.69800143e-02,
          3.45204026e-02,   8.45083594e-02,  -4.74922955e-02,
         -1.73280388e-02,   1.50078852e-02,  -8.87828395e-02,
         -4.93762530e-02,   5.68892360e-02,   8.07563961e-02,
          3.68469916e-02,  -2.31987666e-02,  -3.66050862e-02,
          4.38536964e-02,   2.20484193e-02,   1.17687611e-02,
          1.09335758e-01,   4.03375141e-02],
       [  7.67371282e-02,  -5.53167649e-02,   4.82516699e-02,
          8.81079510e-02,  -1.15214111e-02,   4.72317375e-02,
         -7.03921681e-03,   6.57223612e-02,  -7.77766630e-02,
         -3.87470126e-02,  -6.27316162e-02,  -3.35216150e-02,
          6.63253590e-02,  -8.55316445e-02,   2.03922167e-02,
         -7.65225431e-03,   5.69043234e-02,   2.49382877e-03,
          4.29378711e-02,  -2.00508191e-04],
       [ -1.17228553e-02,  -1.21746315e-02,   9.27350372e-02,
          2.83601489e-02,  -5.75286758e-05,  -4.70453613e-02,
          2.96879839e-02,   1.64261200e-02,  -2.77814567e-02,
         -2.72117313e-02,   2.90433364e-03,   3.16781364e-02,
         -1.10491551e-03,  -2.50477437e-02,  -4.90630381e-02,
         -3.31152231e-02,  -2.79718675e-02,   3.93127464e-02,
         -7.79566690e-02,   3.64729352e-02],
       [ -4.55087330e-03,   7.73077756e-02,  -3.71050695e-03,
          4.98871282e-02,  -2.24684607e-02,   1.38466597e-01,
          3.43851186e-02,   6.27446920e-02,   7.19313044e-03,
         -1.14277033e-02,   8.34225342e-02,  -2.05111429e-02,
          4.58485521e-02,  -2.67688930e-02,   8.49062484e-03,
          2.13712025e-02,   3.11392844e-02,   1.29829228e-01,
          3.10475733e-02,   6.54894263e-02],
       [ -1.12577654e-01,   3.48277763e-02,  -8.06499124e-02,
          1.01844229e-01,   2.18286854e-03,   4.14588340e-02,
          9.48053598e-02,   4.89316089e-03,  -4.05463353e-02,
         -3.88850160e-02,  -2.77300365e-02,  -1.95252169e-02,
          9.48316678e-02,   6.11864626e-02,  -5.79353571e-02,
          3.34283756e-03,  -5.68848141e-02,  -3.09230443e-02,
         -4.30824561e-03,   4.06299494e-02],
       [  7.01381564e-02,   1.13002829e-01,   4.50898930e-02,
          2.04250193e-03,   5.50124235e-03,   1.15969330e-02,
         -4.17919382e-02,   7.02470262e-03,  -2.22022012e-02,
          4.92124520e-02,  -8.81796777e-02,   3.88741829e-02,
          1.74152236e-02,   1.74285173e-02,  -1.23109974e-01,
         -2.00420078e-02,  -5.19497395e-02,   8.38420764e-02,
         -2.28641853e-02,  -5.84986620e-03],
       [  3.73643599e-02,  -2.08722781e-02,   3.47151682e-02,
          1.99949164e-02,  -1.32197710e-02,   7.66294524e-02,
          5.01140468e-02,  -2.79748789e-03,  -1.44911081e-01,
          5.86724393e-02,   3.69680189e-02,   1.37009937e-02,
          1.95461214e-02,   2.42723301e-02,  -2.31014285e-03,
          4.17278148e-03,   2.08037924e-02,   8.38898420e-02,
         -1.27465948e-02,  -5.72266930e-04],
       [ -6.41984567e-02,   3.77902277e-02,  -1.19276373e-02,
          1.19234091e-02,   6.49826825e-02,  -6.10098206e-02,
         -1.47879764e-03,  -2.10427064e-02,  -6.46430999e-02,
          1.22311309e-01,   1.96839720e-02,  -7.04030991e-02,
          4.59570102e-02,   7.59801343e-02,   7.39170164e-02,
          3.17984237e-03,  -1.86298024e-02,  -3.18261161e-02,
         -6.32754434e-03,   7.97662660e-02],
       [ -2.03255378e-02,   7.84104764e-02,  -7.94561654e-02,
         -1.52742062e-02,  -1.90889165e-02,  -2.30859183e-02,
          6.02212548e-02,  -1.70946773e-02,  -5.55565059e-02,
         -3.08392383e-02,  -2.33066902e-02,  -1.02383688e-01,
         -7.53252432e-02,   7.10213184e-02,  -2.69932691e-02,
         -7.07802251e-02,   6.72971411e-03,  -1.35808287e-03,
         -8.26632045e-03,   5.55193312e-02],
       [ -8.89464021e-02,   4.29478362e-02,   2.71837413e-02,
         -4.13091946e-03,  -1.02590350e-02,  -4.33474369e-02,
          5.50746405e-03,  -2.29106215e-03,  -6.07720800e-02,
          6.86089322e-02,   2.01082230e-02,  -6.74153268e-02,
          1.61090400e-02,   5.09314984e-03,  -3.84391397e-02,
          3.56446244e-02,   3.37288976e-02,   5.01785949e-02,
         -3.23573290e-03,  -1.72397885e-02],
       [ -1.49913058e-02,  -3.22778113e-02,   6.11154735e-02,
          5.85995615e-02,  -6.52899593e-02,  -7.69176111e-02,
          8.18789303e-02,  -4.42508049e-02,   4.81236428e-02,
          6.80347299e-03,   3.40903103e-02,   7.34337419e-02,
          4.95626032e-02,   3.46016921e-02,   3.17237079e-02,
          2.41188961e-03,  -2.72571333e-02,   6.86293468e-02,
          2.97266990e-02,   9.43053421e-03],
       [ -3.97404507e-02,   2.90775355e-02,   4.74312790e-02,
          7.41846114e-03,  -4.71154489e-02,  -1.01233922e-01,
         -2.43840739e-03,   1.68475099e-02,   2.91163474e-02,
          6.12490438e-03,   4.51717228e-02,   8.35317820e-02,
          5.20997541e-03,  -3.47222798e-02,   4.34497744e-03,
          5.47402389e-02,  -9.02841426e-03,  -4.21572803e-03,
          1.97244827e-02,  -3.57438065e-03],
       [ -2.61948295e-02,   8.09281021e-02,   6.13063350e-02,
         -1.10478871e-01,   1.17033698e-01,   1.56395193e-02,
         -6.85114786e-02,  -4.30520363e-02,  -4.55799103e-02,
         -6.28188178e-02,   1.03151225e-01,   2.54356069e-03,
          1.60863753e-02,   1.11114187e-03,   3.57201844e-02,
         -1.19557232e-02,  -4.93875332e-03,   1.63711477e-02,
         -5.42310663e-02,   2.73261052e-02],
       [  4.38323840e-02,   6.28300235e-02,  -4.01256196e-02,
         -8.54078494e-03,   3.94214615e-02,  -1.63680967e-02,
          8.15780684e-02,   9.39320922e-02,  -4.33026068e-02,
         -1.07815064e-01,   2.65007894e-02,  -3.84234497e-03,
          1.45543171e-02,   5.70432432e-02,  -5.76508828e-02,
         -4.59316783e-02,   1.05155325e-02,  -4.73583229e-02,
         -9.63881686e-02,   4.80069630e-02],
       [  3.47918607e-02,   9.19579864e-02,   3.90509367e-02,
         -1.29818311e-02,   1.08838808e-02,   3.67367938e-02,
         -8.52896795e-02,   2.49462971e-03,  -1.01492099e-01,
          3.19792004e-03,   4.74200957e-02,   1.71845369e-02,
          3.46192308e-02,   5.09198084e-02,   4.03020484e-03,
         -3.03460248e-02,   5.68394177e-02,  -4.54193503e-02,
          1.22010624e-02,   2.45174225e-02],
       [ -3.80109102e-02,   4.39057425e-02,   6.77017942e-02,
         -4.89735119e-02,  -2.15870664e-02,  -6.19403236e-02,
         -6.84591830e-02,  -2.33693980e-02,   4.83731367e-03,
          2.54110526e-02,   5.09280227e-02,   6.39943108e-02,
          5.14013954e-02,   1.84066202e-02,  -5.02893217e-02,
         -1.22202756e-02,  -3.87286581e-02,  -5.31415716e-02,
          3.79597582e-02,   5.22264503e-02],
       [  4.00176184e-04,  -4.23018821e-03,   5.19032776e-02,
         -7.29339346e-02,  -6.74393252e-02,   9.20494553e-03,
          3.90029214e-02,   5.60325049e-02,  -3.78644317e-02,
          5.38731776e-02,   1.02310795e-02,  -2.67703962e-02,
         -1.05652891e-01,  -2.98245791e-02,  -4.67228107e-02,
         -1.94928292e-02,  -2.36166175e-02,   6.55861804e-03,
          7.30645144e-03,  -1.11213522e-02],
       [ -1.88982170e-02,   6.76330477e-02,  -3.97065170e-02,
         -1.41193643e-02,  -3.17977890e-02,  -3.50100994e-02,
          1.07952550e-01,   3.59643064e-02,   1.49460575e-02,
         -7.62437209e-02,  -5.52703254e-02,  -5.69590628e-02,
          1.07729971e-01,   3.75268422e-02,  -8.99521932e-02,
          3.13692875e-02,   4.24555652e-02,  -2.57836170e-02,
         -3.36627439e-02,  -3.23621929e-02],
       [  7.06136087e-03,   5.29360659e-02,   8.57993495e-03,
         -4.62289043e-02,  -3.16414610e-02,  -5.33177666e-02,
         -1.92125458e-02,  -2.78552808e-02,   2.86076367e-02,
          6.06687255e-02,  -4.51455414e-02,   2.10258756e-02,
         -3.96466441e-02,   4.34045568e-02,  -8.40032548e-02,
         -5.84222861e-02,  -1.32814096e-02,  -1.11659775e-02,
         -3.04610468e-02,   2.10791882e-02],
       [  1.42058181e-02,   6.53186142e-02,   3.22973542e-02,
          3.04504279e-02,   2.36728322e-02,  -5.62515249e-03,
          2.56285369e-02,   3.75259966e-02,  -2.93647479e-02,
         -2.30367966e-02,  -7.68268248e-03,   1.55660720e-03,
          2.51806807e-02,   8.85080695e-02,   7.73264095e-02,
         -2.12790119e-03,  -1.42616630e-02,   5.35331927e-02,
         -8.20723400e-02,   7.94088095e-02],
       [  6.24327958e-02,   8.52971971e-02,   2.16663834e-02,
         -4.11249027e-02,   4.63012606e-02,   8.13499931e-03,
         -4.30997126e-02,  -5.86305335e-02,  -1.45917404e-02,
          1.80300269e-02,  -5.24035804e-02,   1.70967844e-03,
         -3.09001654e-02,  -1.88708659e-02,  -2.61900462e-02,
         -1.05141900e-01,  -1.05352916e-01,  -1.85311176e-02,
         -4.61021438e-02,   6.40826374e-02],
       [  7.29854852e-02,   7.09982216e-02,  -4.80917888e-03,
          6.81120679e-02,  -1.96220074e-02,  -1.50474925e-02,
         -3.63124139e-03,   2.41156854e-02,   3.38981040e-02,
          2.20320430e-02,   8.04371666e-03,   5.78748819e-04,
          1.40709383e-02,  -3.52587216e-02,   9.33063552e-02,
          6.02646917e-03,   1.73584800e-02,  -1.94227081e-02,
         -1.85138993e-02,  -2.07929742e-02],
       [  2.64440756e-02,  -8.33822601e-03,  -5.10335639e-02,
         -1.26223817e-01,  -5.32029942e-02,   2.17093527e-02,
         -4.90895985e-03,   1.99701712e-02,   3.88592891e-02,
         -2.89716572e-02,  -2.02240907e-02,  -7.58477226e-02,
         -4.01681140e-02,  -1.57093275e-02,  -9.32257771e-02,
          4.60654758e-02,   5.06466888e-02,  -3.60988837e-04,
         -1.94385406e-02,  -8.56375042e-03],
       [ -2.09729373e-02,   1.09113241e-03,   1.23049263e-02,
          2.53799260e-02,   2.61182468e-02,  -1.43713998e-02,
         -1.66379344e-02,  -3.54232453e-02,   1.70798376e-02,
         -7.14422092e-02,  -1.04573451e-01,  -1.62684154e-02,
         -3.11798099e-02,   8.27524215e-02,   2.67689712e-02,
          4.32921015e-02,   1.05729504e-02,  -7.33110532e-02,
         -5.10439277e-02,   4.20869403e-02],
       [  4.32266518e-02,   3.00983544e-02,   5.46431057e-02,
          1.51067749e-02,   2.29209773e-02,  -2.19864827e-02,
          3.82179841e-02,  -3.68150398e-02,  -4.98773083e-02,
         -3.42311971e-02,   1.48338471e-02,  -2.15841811e-02,
         -2.17345520e-03,  -4.18747179e-02,  -6.38452992e-02,
          1.54293701e-02,   1.08028948e-02,  -8.51312354e-02,
          4.36198823e-02,   1.18162213e-02],
       [ -5.03196120e-02,   1.32854387e-01,   5.76231293e-02,
          3.90763171e-02,   2.17877980e-02,   1.51846204e-02,
         -1.57647785e-02,  -5.18895462e-02,   5.80905080e-02,
         -2.30061095e-02,   2.49236468e-02,   2.67813802e-02,
          2.27810312e-02,   1.12893343e-01,   4.04351987e-02,
         -2.03516241e-02,  -5.12101948e-02,   6.14255033e-02,
         -4.09188084e-02,  -6.58968464e-03],
       [ -6.52515516e-02,  -1.73808672e-02,   2.70266123e-02,
         -2.00675391e-02,  -2.08906513e-02,   9.87827107e-02,
          3.24168243e-02,   1.01830982e-01,   4.76567149e-02,
         -1.81932317e-03,  -2.42180843e-03,   7.64910057e-02,
         -9.54516158e-02,   4.23665643e-02,  -4.22377400e-02,
          2.11970787e-02,  -1.41647486e-02,   5.48333116e-02,
          2.91640516e-02,   8.25295001e-02],
       [ -3.94601040e-02,  -3.97892967e-02,  -3.37625332e-02,
          4.36825976e-02,  -2.73162615e-03,   1.34438397e-02,
          1.38240770e-01,  -5.69121242e-02,  -2.87662502e-02,
          9.28033590e-02,   7.48104900e-02,  -1.02995625e-02,
         -7.36442581e-03,  -1.35415969e-02,  -9.91400448e-04,
          1.87120438e-02,   2.56745797e-02,  -1.29864393e-02,
         -2.28236765e-02,  -7.30245039e-02],
       [  6.92861900e-02,  -5.44390157e-02,   3.53457369e-02,
          2.64262706e-02,   8.08649347e-04,   1.19303884e-02,
          1.31863073e-01,   6.68042526e-02,   6.18656836e-02,
         -7.93698281e-02,  -3.34926066e-04,   6.43813685e-02,
         -9.14404169e-02,  -4.84920330e-02,   3.18171829e-02,
          4.82292101e-02,  -2.68290918e-02,   1.62931662e-02,
          2.66678724e-02,  -1.81181636e-02],
       [  6.25806004e-02,  -5.63606024e-02,   1.47033213e-02,
         -3.80172506e-02,  -4.17547002e-02,   3.59895490e-02,
          1.67922378e-02,  -4.96773086e-02,   5.87537363e-02,
          8.16355497e-02,   1.98133960e-02,   4.35487032e-02,
         -2.28859894e-02,   2.04183646e-02,  -4.93654981e-02,
          7.61977816e-03,   3.71976383e-02,   7.71820247e-02,
          6.95231855e-02,   7.22406805e-03],
       [ -4.41965880e-03,   1.98045354e-02,   1.57912653e-02,
          8.75825062e-03,   2.16461625e-02,  -1.67130232e-02,
         -1.85275283e-02,   1.76806860e-02,   9.51498095e-03,
          1.47763684e-01,   5.74232154e-02,   1.71617772e-02,
          7.26088881e-02,   8.64217803e-02,   6.73355982e-02,
         -1.16289258e-02,  -1.24980193e-02,   6.93799481e-02,
         -7.89137185e-02,  -1.75910201e-02]], dtype=float32), array([ 0.,  0.,  0.,  0.,  0.,  0.,  0.,  0.,  0.,  0.,  0.,  0.,  0.,
        0.,  0.,  0.,  0.,  0.,  0.,  0.], dtype=float32)][array([[ 0.01435538],
       [ 0.08641586],
       [ 0.08208121],
       [ 0.04529996],
       [ 0.08264288],
       [-0.01627656],
       [ 0.00579176],
       [-0.00205536],
       [-0.01795951],
       [ 0.04528875],
       [ 0.05138   ],
       [-0.11859202],
       [-0.01355202],
       [ 0.03826457],
       [ 0.00401427],
       [-0.07863411],
       [-0.03696335],
       [ 0.05853266],
       [-0.01767247],
       [-0.0267445 ]], dtype=float32), array([ 0.], dtype=float32)]