[array([[ -1.43708708e-02,   4.20647338e-02,  -4.62469012e-02,
         -7.58358836e-02,   2.48262379e-02,  -1.43490825e-02,
         -2.79751271e-02,   1.15937941e-01,   4.29644436e-02,
          1.43780801e-02,   4.63682460e-03,  -5.64011037e-02,
         -5.10774441e-02,  -2.72940528e-02,   6.41615689e-02,
          5.65565825e-02,  -3.26236151e-02,   6.29520267e-02,
         -3.94354016e-03,  -5.88397309e-03,  -1.34163424e-01,
         -1.44193498e-02,  -3.39883976e-02,   5.18890396e-02,
         -2.82168686e-02,  -3.38508449e-02,   2.02034228e-02,
          9.03567970e-02,  -3.04193106e-02,  -2.27134433e-02,
          6.66341111e-02,   7.76879713e-02,   3.36693004e-02,
          2.04949677e-02,   9.08272192e-02,  -7.75987059e-02,
         -7.93257579e-02,  -2.73839980e-02,  -2.37709507e-02,
         -7.28119463e-02,  -6.46050870e-02,  -5.78235462e-02,
          3.15949544e-02,   4.75071929e-03,   1.37996793e-01,
         -6.35436401e-02,   3.63352597e-02,   6.56105354e-02,
         -1.67298131e-02,  -3.20792198e-02],
       [  7.71380886e-02,   2.30895095e-02,   4.30953281e-04,
         -4.94198082e-03,   1.47990929e-02,  -8.99757892e-02,
          8.71406272e-02,   1.30838816e-04,  -1.01261877e-01,
         -4.02851440e-02,   8.74786451e-03,   9.76054892e-02,
          1.21550504e-02,  -1.38271570e-01,  -1.77178010e-02,
          3.58647518e-02,  -4.62107360e-02,  -1.69498380e-02,
          1.45679889e-02,  -8.09578877e-03,  -4.99932766e-02,
         -4.18928564e-02,   7.23258778e-02,   1.92354340e-02,
          1.31422445e-01,   7.51584349e-03,   5.76570295e-02,
          8.00139531e-02,  -1.16851572e-02,   3.47801521e-02,
          2.57108267e-02,   3.39125469e-02,   5.42590395e-02,
         -4.94311266e-02,   5.08559942e-02,   2.61596236e-02,
          1.75346062e-01,  -3.09785847e-02,   1.07300645e-02,
          3.24352048e-02,   9.06076375e-03,  -6.80145621e-02,
          4.50965166e-02,  -3.03802872e-03,   2.19573155e-02,
          1.91248476e-03,   3.14322710e-02,   8.64041075e-02,
          6.54525459e-02,   6.24873154e-02]], dtype=float32), array([ 0.,  0.,  0.,  0.,  0.,  0.,  0.,  0.,  0.,  0.,  0.,  0.,  0.,
        0.,  0.,  0.,  0.,  0.,  0.,  0.,  0.,  0.,  0.,  0.,  0.,  0.,
        0.,  0.,  0.,  0.,  0.,  0.,  0.,  0.,  0.,  0.,  0.,  0.,  0.,
        0.,  0.,  0.,  0.,  0.,  0.,  0.,  0.,  0.,  0.,  0.], dtype=float32)][array([[ -5.24848811e-02,  -5.66673093e-02,  -4.48636673e-02,
         -6.92307157e-03,  -2.52094753e-02,  -3.15727964e-02,
          1.83012784e-02,   4.93046790e-02,  -3.61939482e-02,
         -5.63887917e-02,  -6.24506362e-02,  -1.65348127e-03,
         -7.55256712e-02,   1.71917200e-03,   1.70764085e-02,
          1.22600785e-02,  -1.73129048e-02,  -2.52216440e-02,
         -3.12163513e-02,   1.33218123e-02],
       [  1.97754838e-02,  -3.10923010e-02,   5.34502529e-02,
         -6.46020547e-02,  -5.32957986e-02,   3.95522416e-02,
          5.40943630e-02,  -6.11602562e-03,   4.77549583e-02,
         -5.64134233e-02,  -2.03288738e-02,  -1.74942501e-02,
         -4.05883081e-02,  -5.04967868e-02,   2.11918708e-02,
          2.19751354e-02,  -2.72604730e-02,  -4.30758437e-03,
          1.64200496e-02,  -1.95808019e-02],
       [ -8.93538725e-03,  -9.03743727e-04,  -4.51898240e-02,
          2.32476499e-02,  -2.47750636e-02,   2.71485690e-02,
          1.01899780e-01,  -3.78907360e-02,  -4.96602012e-03,
          5.35299024e-03,  -3.87202799e-02,   1.81551762e-02,
         -3.79798338e-02,  -7.42354617e-02,   8.41880124e-03,
         -4.80557978e-02,   5.78821488e-02,  -3.44757102e-02,
         -1.72204375e-02,   1.57604292e-02],
       [ -5.10829948e-02,  -6.45502657e-02,   9.86824930e-03,
          4.95878719e-02,  -2.24758196e-03,  -6.63921982e-02,
         -6.88243508e-02,   7.84488246e-02,   7.16895564e-03,
         -5.77370524e-02,  -5.97990863e-02,  -1.24278871e-04,
         -2.44258288e-02,  -6.00284450e-02,  -2.96228528e-02,
         -7.20159262e-02,   1.68097839e-02,  -3.27309966e-02,
          2.74118781e-02,  -2.37348657e-02],
       [ -8.83158576e-03,   7.53335953e-02,  -5.50382547e-02,
          2.28204969e-02,   4.02180851e-02,  -1.26466472e-02,
          6.40903860e-02,   1.58850979e-02,  -6.78036362e-03,
         -5.81817701e-02,   3.77750769e-02,  -8.31296369e-02,
         -2.60399915e-02,  -1.10791303e-01,   8.83091763e-02,
          2.67690104e-02,  -6.94347546e-02,  -7.99238160e-02,
          3.00477482e-02,  -5.24798001e-04],
       [ -1.10170124e-02,   6.77694604e-02,   9.16714892e-02,
         -4.73318808e-02,   2.04643700e-02,   2.21986510e-02,
         -1.45934626e-01,  -5.62390760e-02,  -4.41941578e-04,
         -4.82039787e-02,   2.72521228e-02,   2.74886843e-02,
         -1.33375721e-02,   1.40719116e-02,  -6.98303804e-02,
         -6.44039875e-03,  -1.12509169e-01,  -1.51960494e-03,
         -4.06091921e-02,   1.25098275e-02],
       [ -3.33618559e-02,  -6.71729669e-02,   6.85636625e-02,
          1.17772287e-02,   8.02937895e-02,  -5.39482795e-02,
         -3.50595862e-02,   2.56809276e-02,  -1.66439023e-02,
         -1.46253007e-02,   4.12334502e-02,   7.59934187e-02,
          4.28822748e-02,   2.50682440e-02,   1.37619916e-02,
         -7.37268999e-02,   5.47300242e-02,   5.51182888e-02,
          6.65202513e-02,  -6.84982762e-02],
       [  2.75137667e-02,  -8.46455842e-02,   1.67777743e-02,
          8.79088417e-03,   4.11507152e-02,  -8.49162117e-02,
          4.50345501e-02,   6.95920363e-02,   1.07910946e-01,
         -8.72344058e-03,  -7.07833022e-02,   4.29283530e-02,
         -1.77358519e-02,   2.52824016e-02,  -2.76877228e-02,
         -5.31683080e-02,  -1.33917183e-02,   9.89233479e-02,
         -7.82706365e-02,   9.23406631e-02],
       [ -2.11758055e-02,  -1.96591318e-02,  -6.66901171e-02,
          1.04998939e-01,  -7.13061122e-03,   9.85386744e-02,
         -3.96554247e-02,   5.46362065e-02,   3.39633338e-02,
         -9.25909430e-02,  -9.84542072e-03,  -8.58027562e-02,
         -4.53271763e-03,  -1.09443534e-02,   3.65356281e-02,
         -4.67918292e-02,  -5.14658168e-02,  -2.38327067e-02,
          2.29819771e-02,  -2.67765168e-02],
       [  4.84412648e-02,  -2.90962644e-02,  -2.66188867e-02,
         -6.05829842e-02,   6.97608516e-02,  -2.01412570e-02,
          9.58194118e-03,   1.03201307e-01,  -8.30947757e-02,
          1.83682330e-02,  -1.50781246e-02,  -4.95293699e-02,
         -2.47917641e-02,  -2.60476442e-03,   8.20309147e-02,
          5.17677180e-02,   1.58658102e-02,  -4.17461758e-03,
          6.62994236e-02,  -2.92289611e-02],
       [  2.03949437e-02,  -1.27909845e-02,   6.77975565e-02,
          8.32881704e-02,  -1.00299798e-01,  -1.18404843e-01,
         -6.97898716e-02,   4.12874892e-02,   3.90841141e-02,
         -3.04947887e-02,   2.96752211e-02,   2.06923541e-02,
          8.06856994e-03,   6.95791766e-02,  -5.47289811e-02,
         -8.63062125e-03,  -1.69753190e-02,   4.03012596e-02,
         -6.26273751e-02,  -4.13210988e-02],
       [ -3.57512129e-03,  -7.10753053e-02,  -3.99841778e-02,
          9.11085494e-03,  -8.57208148e-02,   2.31736172e-02,
         -5.28140254e-02,   5.35428114e-02,  -1.13404421e-02,
         -1.68686453e-02,  -3.13612185e-02,  -3.81532870e-02,
          7.88450334e-03,  -3.13111134e-02,  -2.90716533e-02,
          4.33195084e-02,   1.05132930e-01,  -7.16076717e-02,
         -7.48250708e-02,  -9.54995211e-03],
       [ -7.18802540e-03,   9.56269098e-04,  -1.26388147e-02,
          1.40931038e-02,  -3.56215201e-02,   9.72738690e-06,
          3.42516764e-03,   2.77587567e-02,   3.64120305e-02,
          1.02946898e-02,   1.36263417e-02,   4.25151084e-03,
         -1.01336455e-02,  -6.58534989e-02,  -1.03756331e-01,
         -1.69202760e-02,   4.21045236e-02,   8.03823173e-02,
          1.18360355e-01,   8.54171738e-02],
       [ -8.71504843e-02,  -5.87528525e-03,   3.69268954e-02,
          4.18283753e-02,   9.59322676e-02,   1.05226897e-02,
         -1.09106056e-01,   1.62604284e-02,  -2.30235886e-03,
         -1.03267720e-02,  -3.15629616e-02,  -2.85129305e-02,
          6.05582669e-02,  -2.67294105e-02,  -5.43895476e-02,
          5.42557053e-02,   4.00496535e-02,  -4.51367758e-02,
          6.87179789e-02,   5.79645224e-02],
       [  4.03779298e-02,   8.20969567e-02,   6.94363564e-02,
         -7.60912597e-02,  -7.01697990e-02,   2.37591434e-02,
          3.14624570e-02,  -4.96702231e-02,  -1.38533255e-02,
         -4.22255471e-02,   4.63016182e-02,   7.49039873e-02,
         -1.84982065e-02,   5.82524808e-03,   2.07151310e-03,
          5.04085906e-02,  -4.67217602e-02,  -2.35330220e-02,
          1.18297590e-02,  -9.27267756e-05],
       [  2.74492744e-02,   1.01264551e-01,   4.22932319e-02,
          3.80055495e-02,   7.14982152e-02,   2.48064529e-02,
         -4.16913927e-02,  -6.73397705e-02,  -1.36482522e-01,
          4.88073528e-02,  -3.70687135e-02,  -1.66637395e-02,
         -3.86375636e-02,  -5.52240573e-02,  -2.82067936e-02,
          5.72499447e-02,   4.82114069e-02,   1.05592981e-01,
          1.41124502e-02,   8.60190019e-02],
       [  8.87842923e-02,  -5.49597628e-02,  -5.35935126e-02,
         -3.70687954e-02,  -8.89175106e-03,  -1.03619741e-02,
         -4.73540090e-02,   3.78644988e-02,   3.39914970e-02,
         -3.40492763e-02,   5.57066780e-03,  -1.67257804e-02,
          8.96629393e-02,  -3.20184492e-02,  -1.48617746e-02,
          3.65145691e-02,  -2.38645356e-02,  -3.54744941e-02,
         -1.48509936e-02,  -4.03243043e-02],
       [ -2.59014964e-02,  -3.98367234e-02,  -1.11681363e-03,
         -3.16166575e-03,   8.96657333e-02,   8.12516287e-02,
          7.96405002e-02,  -7.05755800e-02,   3.92987840e-02,
         -2.94334926e-02,  -9.34168231e-03,  -5.93044236e-02,
         -4.91136499e-02,  -8.48369226e-02,  -4.16484512e-02,
         -4.92970161e-02,   2.35012192e-02,  -2.75368076e-02,
          8.48487243e-02,   2.34474000e-02],
       [ -4.10636030e-02,   1.10581480e-02,   3.21317799e-02,
          4.00087833e-02,   7.80118629e-02,   1.25693157e-02,
         -4.97649482e-04,   1.43985767e-02,   1.00428704e-02,
          6.49113953e-02,  -1.80794708e-02,   2.75142323e-02,
         -3.38600273e-03,   1.01609468e-01,  -9.25979316e-02,
         -3.30654420e-02,   1.29198926e-02,   6.68499246e-02,
          6.81476668e-02,   5.10234619e-03],
       [  5.03886826e-02,  -6.22327030e-02,   5.64900339e-02,
         -1.31537989e-02,  -8.29854682e-02,   5.03419898e-02,
         -6.73756376e-02,   6.56403974e-02,  -2.28738040e-02,
          5.10229655e-02,  -6.45205006e-03,  -8.12147781e-02,
         -7.51541257e-02,   1.03021644e-01,   6.70511127e-02,
         -4.28732298e-02,  -4.49836589e-02,   3.29512581e-02,
          2.39679143e-02,  -1.96442604e-02],
       [ -6.47912994e-02,   4.96557541e-03,  -7.07908720e-02,
          8.14356133e-02,   3.30860517e-03,   5.11931963e-02,
         -7.77747808e-03,   7.16395974e-02,  -3.32153104e-02,
          3.92856523e-02,  -8.50934163e-02,   1.18344715e-02,
          4.00986038e-02,  -5.60572036e-02,   7.52997249e-02,
         -4.52401675e-02,  -9.59053114e-02,   5.67233823e-02,
          3.63470837e-02,  -2.15852503e-02],
       [ -6.52605966e-02,  -6.64418265e-02,  -2.91058272e-02,
         -2.41059270e-02,  -2.47796029e-02,   1.99726354e-02,
         -6.41797259e-02,  -1.15020135e-02,  -1.21196233e-01,
          2.08608303e-02,   3.17292921e-02,   8.09025839e-02,
         -3.94713972e-03,   4.21013460e-02,   7.65145719e-02,
         -4.30685319e-02,  -7.69311711e-02,  -5.31352721e-02,
         -1.84392910e-02,  -8.73639211e-02],
       [ -7.96418190e-02,   1.10323191e-01,  -1.79296788e-02,
          1.27128527e-01,   7.69376755e-02,  -9.91216768e-03,
         -5.96947223e-03,   4.81753238e-02,   3.68274823e-02,
         -1.02242909e-01,  -2.07700562e-02,   1.29352137e-02,
          6.97517768e-02,  -1.63554288e-02,   3.70535068e-02,
          3.93498093e-02,   7.10999314e-03,   2.85897460e-02,
         -8.31983984e-03,   5.75696416e-02],
       [ -1.59683693e-02,  -4.07728218e-02,   3.01033314e-02,
          5.56793343e-03,   4.88315821e-02,   7.37770349e-02,
          5.09443395e-02,  -8.97975545e-03,   5.02285594e-03,
         -8.82345736e-02,  -2.78597083e-02,   9.37147439e-03,
         -7.10608363e-02,  -5.61756305e-02,  -3.21007036e-02,
         -1.59479976e-02,  -9.94943641e-03,  -3.25792320e-02,
          3.47992480e-02,  -1.01115592e-02],
       [ -5.84435835e-03,   1.44995246e-02,  -3.40723805e-02,
         -1.89108718e-02,  -3.47455367e-02,  -6.19022138e-02,
         -4.68853973e-02,  -2.23773234e-02,  -3.91374109e-03,
         -4.61181663e-02,   3.70859099e-03,   3.65147591e-02,
         -1.94921475e-02,  -4.42970451e-03,   7.04917833e-02,
         -7.43568921e-03,   3.39985895e-03,   3.64309996e-02,
         -2.78949831e-02,   2.00576261e-02],
       [ -1.33004459e-02,   2.56372541e-02,   9.24201980e-02,
          2.47443598e-02,   3.06074563e-02,   1.97168672e-04,
         -6.21089414e-02,  -1.26123847e-02,   1.14732184e-01,
         -3.08828410e-02,   1.34315461e-01,   1.47373294e-02,
         -1.11041719e-03,  -5.18619716e-02,  -6.47307858e-02,
          3.14758793e-02,  -3.43951732e-02,  -1.04262270e-01,
          1.83682032e-02,   3.91028486e-02],
       [  1.20464375e-03,   4.81474493e-03,  -7.24620745e-02,
          1.60462204e-02,   3.18252854e-02,  -6.60603270e-02,
          1.12715075e-02,   1.02604888e-01,  -5.49875386e-02,
         -2.02607014e-03,  -6.66828007e-02,   4.07201611e-02,
         -1.29924656e-03,  -1.58577915e-02,  -1.02063231e-01,
         -1.15022259e-02,  -2.19977237e-02,  -3.56298946e-02,
          5.36437742e-02,  -7.47762751e-05],
       [ -5.89847080e-02,  -2.85783261e-02,  -7.36082643e-02,
          4.59372811e-02,  -2.25997139e-02,  -1.38937803e-02,
         -1.67298932e-02,  -2.89331321e-02,  -1.56381596e-02,
         -3.73200490e-03,   4.08646725e-02,  -2.97358185e-02,
         -1.42423496e-01,  -1.30448481e-02,   1.80892628e-02,
         -1.24627873e-02,   2.32528001e-02,  -6.75464934e-03,
          5.34505509e-02,   2.39489283e-02],
       [  5.20317070e-02,  -5.50435856e-02,   1.77457128e-02,
          4.92862426e-03,   1.06569268e-01,   2.44825911e-02,
         -2.21643951e-02,  -1.11147262e-01,   6.44288305e-03,
         -1.27554676e-02,   1.93178486e-02,   2.71380842e-02,
          6.45209625e-02,   1.58955473e-02,  -2.88028475e-02,
          5.63413603e-03,  -4.84038331e-03,  -9.09617171e-02,
         -1.62732396e-02,   3.89882438e-02],
       [  1.80007741e-02,  -2.03133579e-02,  -4.75797895e-03,
          4.42687050e-02,   5.30555518e-03,  -6.55845255e-02,
         -2.70597055e-03,   4.32528295e-02,   1.38208093e-02,
          1.82759967e-02,  -2.91026533e-02,   8.26432556e-02,
         -1.14048189e-02,   9.50986072e-02,  -6.68028519e-02,
          5.02673499e-02,   2.20077466e-02,   3.50412773e-03,
         -1.35472985e-02,   1.99360456e-02],
       [  7.68012553e-03,  -1.59920882e-02,  -7.80063048e-02,
         -4.36099954e-02,   5.74519113e-02,   5.04008606e-02,
         -8.29748623e-03,  -5.24931811e-02,   1.26635721e-02,
         -1.29814527e-03,   2.01451848e-03,  -4.65490147e-02,
          5.06577864e-02,  -1.52700571e-02,  -5.49070202e-02,
         -4.20784317e-02,  -1.84677243e-02,  -3.57519500e-02,
         -3.48270349e-02,  -6.15161918e-02],
       [  4.54205573e-02,  -1.23384865e-02,   1.96623374e-02,
          4.44898903e-02,   5.94568513e-02,  -7.35347718e-03,
         -4.34622839e-02,   4.11727615e-02,  -1.00592291e-02,
          1.16894487e-02,  -2.44576633e-02,   2.53922250e-02,
         -2.35903654e-02,   3.80689763e-02,   4.61220294e-02,
         -4.38865684e-02,   7.61301294e-02,  -5.86717092e-02,
         -3.53102610e-02,   3.47684026e-02],
       [ -3.31902988e-02,   1.20276166e-02,  -3.28172371e-02,
          5.15797213e-02,  -7.51080737e-02,  -3.92226428e-02,
          1.07770031e-02,   2.65909769e-02,   3.88201326e-02,
         -1.46517623e-02,  -1.22626364e-01,  -5.13372608e-02,
          3.69756594e-02,   1.41800661e-02,   2.51305494e-02,
          6.08449951e-02,   7.41858631e-02,   3.70959453e-02,
         -2.15402599e-02,   1.74078103e-02],
       [ -5.59674688e-02,  -1.45133380e-02,  -1.29805030e-02,
         -5.91698894e-03,   2.47072112e-02,   8.07228759e-02,
         -4.27841470e-02,  -9.14742891e-03,  -2.47417227e-03,
          5.02406769e-02,  -3.71980369e-02,   7.36859888e-02,
          3.35664265e-02,  -2.00829804e-02,   9.51301586e-03,
          5.43964021e-02,   1.77154578e-02,   2.80993106e-03,
          5.77487722e-02,   1.74858607e-02],
       [  1.09984493e-02,   6.50013983e-02,   3.87373827e-02,
         -4.54188250e-02,  -1.66389253e-02,   5.42084575e-02,
          1.60177276e-02,   8.36214423e-02,   3.48635688e-02,
         -5.72681539e-02,   5.84107637e-02,   2.07165089e-02,
          4.24986072e-02,  -6.38732165e-02,  -4.45451448e-03,
         -1.59476623e-02,  -1.03006460e-01,  -1.22982718e-01,
          4.35030423e-02,  -1.90718621e-02],
       [  3.62877548e-02,   3.32364514e-02,  -5.12372814e-02,
         -6.08890019e-02,   9.32979211e-02,   4.62271422e-02,
         -7.38880262e-02,   2.25244202e-02,   1.03668338e-02,
          9.08734724e-02,  -6.72492525e-03,  -5.04079275e-02,
          7.49047920e-02,   6.65866882e-02,   4.39002365e-02,
         -4.67862859e-02,   7.68173859e-02,  -2.30267495e-02,
          2.74816491e-02,  -2.10227575e-02],
       [  4.14668433e-02,   3.52554806e-02,   7.09209684e-03,
         -5.16339503e-02,  -5.21749165e-03,   7.44158849e-02,
          2.33873893e-02,   5.92943244e-02,   4.26875167e-02,
          4.67065871e-02,   2.48995163e-02,   1.38863353e-02,
          3.07978038e-02,  -2.50300262e-02,   8.87171738e-03,
         -2.65403222e-02,  -2.44251662e-03,   1.27388192e-02,
         -9.53190550e-02,  -7.91927055e-02],
       [ -1.77073979e-03,  -1.41881257e-02,   6.35602027e-02,
          4.22363058e-02,   1.17341928e-01,   3.07268407e-02,
          9.11060274e-02,  -5.57476953e-02,   1.93135142e-02,
          4.74588424e-02,   7.61881918e-02,  -4.24071215e-02,
          3.84809785e-02,  -1.40377255e-02,  -2.05143318e-02,
          6.17649071e-02,   1.77191570e-02,   3.89358662e-02,
         -9.86863859e-03,  -2.33773421e-02],
       [ -1.76714398e-02,  -9.38120589e-04,   9.10519436e-03,
          5.29413931e-02,   3.93205276e-03,  -2.16801781e-02,
          1.28748268e-02,  -9.34964716e-02,  -2.82631163e-02,
          3.64566818e-02,  -4.96155135e-02,  -5.04217409e-02,
          1.76539028e-03,   2.26361044e-02,  -5.80858486e-03,
         -9.10114590e-03,   3.17515209e-02,   1.15609746e-02,
         -1.89057942e-02,   4.65132035e-02],
       [ -2.50954870e-02,   5.66075444e-02,   3.46038416e-02,
          6.61442205e-02,   5.56831844e-02,   2.48966692e-03,
          8.40154216e-02,  -3.89771909e-02,  -3.39429011e-03,
         -5.68281412e-02,   1.02909103e-01,  -1.12289704e-01,
          4.30962034e-02,   3.54630910e-02,  -3.85423601e-02,
          7.87370503e-02,  -1.59943500e-03,  -4.81010489e-02,
          7.34924600e-02,   8.70439410e-03],
       [ -8.96957144e-02,   1.77466162e-02,  -1.92135125e-02,
         -6.64210273e-03,   1.11340560e-01,  -5.08896075e-02,
          8.49441346e-03,   3.08920238e-02,   1.39736636e-02,
          4.35376726e-02,   1.15468623e-02,   2.19585095e-02,
         -4.41631153e-02,   1.26791894e-01,   2.59379689e-02,
          1.84778180e-02,   3.70349512e-02,  -3.23911868e-02,
          1.62752140e-02,  -3.52441035e-02],
       [ -6.89237863e-02,  -4.88404036e-02,   3.86131443e-02,
          3.19136493e-02,   1.28621999e-02,  -1.28210429e-02,
         -9.32000577e-03,   3.04145459e-02,   1.37726655e-02,
         -3.22814584e-02,  -5.93781136e-02,   7.99441244e-03,
          7.12661147e-02,   1.08071277e-02,  -2.33879182e-02,
          4.87975366e-02,   2.25557741e-02,   7.19288513e-02,
         -5.52306883e-02,  -4.11371514e-02],
       [ -5.91348670e-02,   3.68611254e-02,   5.24989925e-02,
         -7.54947066e-02,  -6.67917952e-02,   8.59727785e-02,
         -3.05205137e-02,   6.66932389e-02,   4.88515608e-02,
          3.09509430e-02,   2.56554428e-02,  -2.15087775e-02,
          2.69173291e-02,   2.73366552e-02,   1.49558624e-02,
         -1.36890067e-02,  -7.06106946e-02,   5.19366823e-02,
          4.41217683e-02,   1.63004324e-02],
       [  1.35804312e-02,   2.03359704e-02,   1.09390123e-02,
         -5.20449579e-02,   4.16500904e-02,   9.50646773e-03,
          3.41596790e-02,  -7.24916384e-02,   8.71961750e-03,
          1.18794283e-02,   1.03322640e-02,   7.10603967e-03,
         -3.89858857e-02,   5.10448329e-02,  -6.89454749e-02,
         -1.07233347e-02,  -3.87511663e-02,   4.92948778e-02,
          2.84517407e-02,  -4.24547903e-02],
       [ -7.07518542e-04,   1.03762951e-02,  -6.39097020e-03,
         -6.74754903e-02,  -3.23321484e-02,  -6.11620024e-02,
         -4.36395593e-03,   2.59166844e-02,  -3.96748558e-02,
          5.82562089e-02,  -5.41594811e-02,  -6.39934167e-02,
          1.88764296e-02,   1.39197502e-02,  -1.05360188e-01,
          7.72110373e-03,  -1.01187885e-01,  -1.61965229e-02,
          9.04032513e-02,   4.76401635e-02],
       [  5.80595201e-03,  -5.21181570e-03,   1.66911818e-03,
         -1.13255037e-02,   1.95375849e-02,  -3.01263127e-02,
          4.95515428e-02,  -5.83582483e-02,   1.35133788e-02,
          8.50424077e-03,  -1.46653339e-01,  -1.86202135e-02,
         -1.75278857e-02,   2.84925457e-02,  -2.04561707e-02,
         -2.10002251e-02,   4.87399511e-02,   7.71040767e-02,
         -6.32930845e-02,  -6.57035634e-02],
       [  4.42065597e-02,   7.16921017e-02,  -5.37466817e-02,
          4.49631782e-03,   9.50699579e-03,   1.49030238e-02,
          6.77776560e-02,  -3.49144973e-02,   2.80724764e-02,
         -3.38697247e-02,  -7.18667451e-03,  -3.05860545e-02,
         -8.55798926e-03,   5.59688881e-02,  -1.08518479e-02,
          3.66327330e-03,  -4.92872037e-02,  -2.16841083e-02,
          4.43506390e-02,  -1.83068942e-02],
       [  1.42788365e-02,   1.89052727e-02,   3.73108760e-02,
         -8.24016184e-02,  -5.83363585e-02,   1.12514377e-01,
          1.46768168e-02,   2.12230757e-02,  -4.43557091e-02,
          6.05227128e-02,  -3.60188559e-02,   3.14243026e-02,
          9.13476720e-02,  -3.86378355e-03,  -4.80259769e-02,
          1.95208583e-02,   8.12753513e-02,   7.69542232e-02,
          4.54832874e-02,  -3.68791111e-02],
       [ -1.28788576e-02,  -8.74060616e-02,  -9.85890627e-02,
          9.48011726e-02,  -6.34444579e-02,   2.13227700e-02,
         -2.93353498e-02,   5.85429138e-03,  -1.15714455e-02,
          6.14738499e-04,   7.32922787e-03,   3.03776395e-02,
         -2.47924905e-02,   1.52524058e-02,  -3.83912362e-02,
          2.70866733e-02,  -2.16552187e-02,   4.28455360e-02,
         -4.94327322e-02,  -7.23010823e-02],
       [  4.28489177e-03,   2.10212730e-02,   1.32436175e-02,
         -2.19794270e-02,   8.59529432e-03,   9.96642746e-03,
         -1.95693504e-02,  -7.00419489e-03,   4.45734151e-02,
         -5.41582666e-02,   1.20580746e-02,  -2.73309648e-02,
          2.81691384e-02,   3.38458386e-03,  -7.59710595e-02,
          3.66243869e-02,  -9.48094457e-05,   5.26166614e-03,
         -6.05794378e-02,  -2.09964719e-02]], dtype=float32), array([ 0.,  0.,  0.,  0.,  0.,  0.,  0.,  0.,  0.,  0.,  0.,  0.,  0.,
        0.,  0.,  0.,  0.,  0.,  0.,  0.], dtype=float32)][array([[  1.49089191e-02],
       [  9.94178280e-02],
       [ -4.04798687e-02],
       [  1.87709965e-02],
       [ -7.72620691e-03],
       [  6.60381690e-02],
       [ -4.17861938e-02],
       [  2.45012566e-02],
       [ -7.64391953e-05],
       [ -3.83392647e-02],
       [  2.97574308e-02],
       [  1.93002690e-02],
       [  5.54789566e-02],
       [  7.77446181e-02],
       [  6.25292733e-02],
       [ -2.66004559e-02],
       [ -6.74887821e-02],
       [ -3.20679694e-02],
       [  4.17857580e-02],
       [  4.29723561e-02]], dtype=float32), array([ 0.], dtype=float32)]