[array([[ -7.80178010e-02,   5.39095290e-02,  -5.82711995e-02,
          1.17991082e-01,   4.68865177e-03,   1.13562644e-02,
         -1.52754962e-01,   4.63473685e-02,   2.18854472e-02,
          1.21053616e-02,   4.73739952e-03,  -7.15447590e-02,
          2.47219205e-03,  -3.87061350e-02,  -5.83086861e-03,
         -5.65458201e-02,  -1.59732234e-02,  -8.09808597e-02,
         -2.75588315e-02,  -1.19552268e-02,   3.70003879e-02,
          1.86998751e-02,   3.40828449e-02,  -6.33858517e-02,
         -2.84643900e-02,   3.67088616e-02,   2.08329316e-02,
          1.53060304e-02,  -1.10971986e-03,  -1.26099018e-02,
          1.72431003e-02,   3.33160274e-02,   5.41770784e-03,
         -5.98632507e-02,   5.34018083e-03,  -4.62682918e-02,
          1.20767079e-01,   7.40834996e-02,  -1.47491936e-02,
         -2.98161041e-02,  -2.66020633e-02,  -1.66866258e-01,
          6.70655770e-03,   3.08473948e-02,   1.77049323e-03,
         -9.12485197e-02,   2.95210425e-02,  -6.74049780e-02,
         -7.36530349e-02,  -1.20411045e-03],
       [ -5.95637560e-02,   1.23855919e-02,  -2.33165585e-02,
          2.04728842e-02,   8.67533498e-03,   1.64025612e-02,
          3.37853096e-02,   7.68645806e-03,   8.70949030e-03,
          1.10741509e-02,  -3.10044382e-02,  -2.23623086e-02,
          2.18011271e-02,   5.87715507e-02,  -4.81670313e-02,
          1.03159714e-02,   1.38498917e-02,  -2.41362695e-02,
          6.52027056e-02,   5.10088578e-02,  -4.62979339e-02,
          5.83320335e-02,   4.40763310e-02,  -9.56663687e-04,
          2.05440819e-02,   5.34497462e-02,   2.06144154e-02,
          8.74193385e-02,  -1.58484206e-02,  -3.07590272e-02,
          7.06917560e-03,  -1.15641616e-01,  -2.88476702e-02,
         -5.39474860e-02,  -7.17276183e-04,   1.02499155e-02,
          6.07360192e-02,  -3.63733582e-02,  -4.60043252e-02,
         -7.60274148e-03,  -4.86330455e-03,   8.21157619e-02,
         -3.59656550e-02,   7.31792077e-02,  -1.78958494e-02,
          8.30856338e-02,  -6.10737987e-02,   6.04750924e-02,
         -4.24710326e-02,   7.65877143e-02],
       [ -5.75384088e-02,   9.73194316e-02,  -1.68374516e-02,
         -4.15602215e-02,  -7.45550869e-03,  -4.71634679e-02,
          5.52286170e-02,   1.61618390e-03,   6.43281415e-02,
          1.78184640e-02,   5.93753345e-02,  -2.10947730e-03,
         -3.57644074e-02,  -4.92981486e-02,  -9.69714150e-02,
         -1.00052677e-01,  -3.86837088e-02,   1.90643240e-02,
          2.06543156e-03,  -4.92684729e-02,   1.81022901e-02,
         -3.64601426e-02,  -1.63413100e-02,  -4.83151376e-02,
         -1.10611459e-03,   2.26566326e-02,  -1.65556874e-02,
         -9.84876230e-03,  -1.10861063e-02,  -1.23588376e-01,
          1.08902967e-02,  -3.79781835e-02,   3.45305284e-03,
          6.10583983e-02,  -8.31670389e-02,   2.69607455e-02,
          5.89198060e-02,   3.48462872e-02,  -4.37961426e-05,
          3.02518513e-02,  -1.13112424e-02,   1.63985509e-02,
         -9.52169001e-02,  -2.16597226e-02,   4.17454839e-02,
          2.00831573e-02,   4.88846563e-02,  -3.05496193e-02,
         -1.57673489e-02,  -1.03342809e-01],
       [  4.54077572e-02,   8.24737847e-02,   6.33875877e-02,
          1.82074700e-02,  -4.16591279e-02,  -1.89359616e-02,
         -2.27664057e-02,   1.05159255e-02,   6.52575567e-02,
          2.30133273e-02,  -2.80683376e-02,   1.55634014e-02,
         -1.16457582e-01,  -3.74647267e-02,  -4.10121828e-02,
          2.66903918e-02,  -1.39191989e-02,   2.60221995e-02,
          2.47681495e-02,  -2.87728347e-02,  -5.83118154e-03,
         -3.73189128e-03,  -3.69533114e-02,   1.52907139e-02,
          6.44180039e-03,  -7.15553388e-03,   1.06526082e-02,
         -3.10948100e-02,  -1.66575108e-02,   4.65188734e-02,
         -7.02512590e-03,   2.20272015e-03,  -6.68553039e-02,
          2.94069648e-02,   6.30272552e-02,  -3.66134904e-02,
          5.49711287e-02,   4.23878171e-02,   4.73825894e-02,
          7.66462609e-02,   4.38213646e-02,   7.37959146e-02,
         -1.73972342e-02,  -2.77312901e-02,   1.88705456e-02,
         -3.05919033e-02,  -9.39577911e-03,   4.23159413e-02,
         -9.64707043e-03,   1.49693387e-02],
       [  3.79252136e-02,   4.48729917e-02,   9.35773179e-02,
         -5.54161146e-02,   1.51351560e-02,   3.92666465e-04,
         -1.77240409e-02,  -8.38368572e-03,   5.37443869e-02,
          3.04905176e-02,   4.47027534e-02,  -2.65262313e-02,
          1.14671439e-02,   9.89453215e-03,   1.88535620e-02,
          5.24751432e-02,  -2.51164963e-03,  -4.34737466e-02,
         -5.72778955e-02,  -1.12039559e-02,  -6.28997013e-02,
         -3.27462479e-02,  -8.02055374e-02,   2.74088271e-02,
          4.36767228e-02,  -6.12011366e-02,  -6.58541992e-02,
          4.55703102e-02,  -7.63455629e-02,  -5.25298491e-02,
          2.45752409e-02,  -8.39803442e-02,  -7.29381144e-02,
          3.46945110e-03,  -2.03401260e-02,   8.69747698e-02,
          2.99563981e-03,   1.71777140e-02,   1.19400192e-02,
          1.15411639e-01,   2.57446058e-02,  -2.95644533e-02,
         -2.76301987e-02,  -4.95903520e-03,  -1.04613714e-01,
         -2.58300211e-02,  -6.44713058e-04,  -9.21854842e-03,
          2.95072724e-03,   4.86854874e-02],
       [ -8.74582827e-02,  -7.66816065e-02,  -1.67956036e-02,
         -7.04066902e-02,   3.67842205e-02,  -1.01329312e-02,
         -1.44903082e-02,  -2.19417196e-02,   5.66425882e-02,
         -8.03218316e-03,  -8.79191384e-02,   1.46945314e-02,
         -2.19547991e-02,  -3.17159332e-02,   2.38652099e-02,
         -3.68755125e-02,  -3.13014239e-02,   2.51830406e-02,
          7.60579929e-02,  -4.29899655e-02,   1.03602245e-01,
         -1.64522026e-02,  -3.01030632e-02,   5.26437722e-02,
         -8.35267641e-03,   4.05760966e-02,  -8.80702138e-02,
          8.21881518e-02,   7.38829821e-02,   8.64780843e-02,
         -4.96217003e-03,  -2.23206021e-02,   7.73649961e-02,
         -1.37280216e-02,   6.40323684e-02,  -9.75624379e-03,
          2.42034178e-02,   8.39528814e-03,  -2.26473268e-02,
          6.79950267e-02,   5.07252589e-02,   3.63623649e-02,
         -2.62602847e-02,   3.82194342e-03,   4.25451510e-02,
         -5.50404079e-02,   1.85562745e-02,  -7.54903778e-02,
         -9.29320678e-02,  -2.58854721e-02],
       [  2.41960734e-02,  -8.54477007e-03,  -6.40156791e-02,
         -1.29831070e-03,  -9.55242198e-03,   7.90494010e-02,
         -5.28171323e-02,  -4.40250635e-02,  -5.33064306e-02,
         -7.46756047e-03,  -8.68188497e-03,  -4.27645259e-02,
         -4.75882106e-02,  -5.06950580e-02,  -8.05305392e-02,
          9.86520201e-02,   7.56287202e-03,   5.68537489e-02,
          2.79530715e-02,  -1.29390955e-02,  -8.75888467e-02,
         -3.36553552e-04,  -3.98210920e-02,  -6.90616593e-02,
          2.12294725e-03,  -6.03829697e-02,  -1.78621933e-02,
          1.47707481e-02,   2.16706228e-02,  -1.44845070e-02,
         -6.13287054e-02,   7.20558269e-03,   1.88861825e-02,
          1.65623352e-02,  -3.13047841e-02,  -3.61791812e-02,
         -4.74173948e-02,  -8.95803794e-02,   7.56353587e-02,
         -5.35468571e-02,  -1.01290695e-01,  -4.62046377e-02,
         -2.07754578e-02,   7.59632885e-02,   5.76028824e-02,
          5.02749346e-02,   2.43311352e-03,  -4.46418375e-02,
          1.37818204e-02,   7.89251830e-03],
       [ -3.63371558e-02,   1.40981823e-02,  -1.40018361e-02,
          1.05206311e-01,   4.65064757e-02,   3.14945579e-02,
          7.19226897e-02,  -4.77435552e-02,   4.11603786e-02,
         -1.74848754e-02,  -5.60062891e-03,   2.87973788e-02,
         -8.63134786e-02,   8.15615337e-03,  -3.12992670e-02,
         -9.32898223e-02,  -8.43483135e-02,  -7.03045651e-02,
         -3.95934395e-02,   4.02136408e-02,  -5.94550446e-02,
         -3.12646292e-02,   1.70414392e-02,  -9.31955874e-03,
         -3.08557432e-02,  -3.93917374e-02,   2.24281605e-02,
         -4.39645583e-03,   1.32229356e-02,   3.20678055e-02,
         -1.71893742e-02,   2.15960462e-02,  -3.05484142e-02,
         -4.80167605e-02,  -3.82387452e-02,  -1.62365418e-02,
          5.44364117e-02,   2.41357628e-02,  -4.89566736e-02,
         -4.64197136e-02,  -2.91038360e-02,  -4.51001711e-02,
         -2.81314831e-02,  -4.39375406e-03,  -3.46146040e-02,
          3.82394306e-02,  -1.39821190e-02,  -3.86427268e-02,
         -7.22396299e-02,  -9.45412293e-02]], dtype=float32), array([ 0.,  0.,  0.,  0.,  0.,  0.,  0.,  0.,  0.,  0.,  0.,  0.,  0.,
        0.,  0.,  0.,  0.,  0.,  0.,  0.,  0.,  0.,  0.,  0.,  0.,  0.,
        0.,  0.,  0.,  0.,  0.,  0.,  0.,  0.,  0.,  0.,  0.,  0.,  0.,
        0.,  0.,  0.,  0.,  0.,  0.,  0.,  0.,  0.,  0.,  0.], dtype=float32)][array([[  4.40334901e-02,  -6.79251179e-02,   6.00262396e-02,
         -9.27152857e-02,  -4.43570428e-02,  -6.96936324e-02,
          6.58936128e-02,  -4.94459532e-02,  -5.85253723e-02,
         -1.73767712e-02,   8.25918168e-02,   1.27251491e-01,
         -1.45349512e-03,   3.64466794e-02,   7.67816305e-02,
          4.68073450e-02,   1.05928173e-02,   3.45127992e-02,
          1.06560305e-01,   1.09637737e-01],
       [ -2.04623137e-02,  -4.36659269e-02,   3.42757516e-02,
         -2.57459618e-02,   4.74368222e-02,  -4.36123349e-02,
          2.01754807e-03,   1.12937234e-01,   6.33990914e-02,
         -1.65004954e-02,  -7.60195181e-02,  -5.67145012e-02,
         -6.21822802e-03,  -1.06089273e-02,   6.75521195e-02,
         -1.01978553e-03,   5.03320768e-02,  -1.64080281e-02,
          4.79149111e-02,   1.12321272e-01],
       [  1.93430986e-02,  -2.23900843e-02,   1.06592409e-01,
          4.47652042e-02,  -4.15623151e-02,  -3.28704454e-02,
          9.92230028e-02,  -5.64358905e-02,   7.80119225e-02,
          1.12497441e-01,   7.98749477e-02,  -3.55379395e-02,
         -1.86986122e-02,   1.63339134e-02,   2.80515086e-02,
         -7.08698034e-02,   6.09935336e-02,  -9.31255743e-02,
         -6.78231344e-02,  -3.95765416e-02],
       [  2.27043927e-02,  -4.44686674e-02,  -8.81062727e-03,
          6.62865117e-03,   8.93401727e-03,  -1.37587506e-02,
         -2.58241035e-02,   4.55448851e-02,  -1.29681304e-02,
          1.09632546e-03,  -3.43137011e-02,   4.78364788e-02,
         -5.03459871e-02,  -2.21119123e-03,  -9.24571976e-02,
         -5.84381297e-02,  -1.56594964e-03,   1.05042897e-01,
         -5.94329126e-02,   4.19520102e-02],
       [ -9.10698995e-02,  -4.35734279e-02,  -3.15543897e-02,
          3.93383652e-02,   3.79393212e-02,  -4.82279770e-02,
          2.94351075e-02,  -5.16223386e-02,   3.91726457e-02,
         -3.16709839e-02,  -3.19351032e-02,   1.17309704e-01,
         -2.19198479e-03,  -1.07564047e-01,   1.23240069e-01,
          2.68086623e-02,  -1.99466776e-02,   5.60120046e-02,
          1.70281660e-02,   8.18586871e-02],
       [  7.15439245e-02,   1.06600963e-03,  -1.23051116e-02,
          1.07723130e-02,   1.02302484e-01,  -7.61175305e-02,
          4.46282215e-02,   1.81200134e-03,  -5.97105622e-02,
          4.08306979e-02,   1.09229693e-02,  -1.95574667e-02,
          6.19265102e-02,   7.06303194e-02,  -6.28779316e-03,
         -1.47896156e-01,   4.19099480e-02,   1.79134179e-02,
          1.61518659e-02,  -1.21559864e-02],
       [  7.18581304e-02,   3.20020728e-02,  -3.17327417e-02,
         -3.66956405e-02,   5.07419743e-03,  -6.90579507e-03,
          4.92586046e-02,  -8.66522954e-04,   2.75490731e-02,
          5.39667197e-02,   4.46362421e-02,  -3.92060839e-02,
         -3.40644531e-02,   3.85768823e-02,   3.01531851e-02,
          5.64605370e-02,   7.20311282e-03,   2.13628672e-02,
         -3.84286903e-02,   1.02276817e-01],
       [  7.27809891e-02,   1.39265424e-02,  -1.19813029e-02,
         -3.16678770e-02,  -1.99539047e-02,   3.26422006e-02,
          1.47010330e-02,  -4.90426831e-02,  -3.94281261e-02,
          1.55231180e-02,   8.14994704e-03,  -3.71551737e-02,
         -3.03716306e-02,   8.84921178e-02,  -7.56199136e-02,
         -7.47114569e-02,   1.75771397e-02,   5.65309525e-02,
          1.39574083e-02,  -1.00802295e-02],
       [ -1.74234938e-02,  -4.98234890e-02,  -5.08828834e-02,
          1.51568446e-02,   2.40582936e-02,  -2.48557813e-02,
          4.79806662e-02,  -2.34682877e-02,  -6.64647995e-03,
         -4.07240987e-02,  -4.32212045e-03,  -1.45021100e-02,
          3.46735232e-02,  -4.33631353e-02,   3.20989750e-02,
          4.52304818e-02,   7.26991147e-02,  -1.39061449e-05,
          7.30457157e-02,   3.09031606e-02],
       [  5.60514331e-02,   1.45713808e-02,   2.66978797e-02,
          4.81089465e-02,   7.49387359e-03,  -2.17576828e-02,
         -5.09520769e-02,   2.25045066e-02,   2.94343289e-03,
          8.37905239e-03,   1.74696799e-02,  -1.02778338e-02,
          1.61721148e-02,   7.74591491e-02,  -9.92548466e-03,
          4.03893478e-02,   2.88050156e-02,   4.80052643e-02,
          5.15921526e-02,   2.90122218e-02],
       [ -4.15225839e-03,  -1.35164382e-02,  -2.41241287e-02,
         -6.93505723e-03,   1.38554890e-02,  -5.25257960e-02,
          1.25014354e-02,   7.71007268e-03,  -1.81675497e-02,
         -4.15129820e-03,  -2.94875093e-02,  -1.29147321e-02,
         -3.71255283e-03,   3.92674804e-02,  -4.53276820e-02,
         -3.71019952e-02,  -1.89081710e-02,  -1.71128762e-04,
         -2.74551045e-02,   5.75737953e-02],
       [ -9.61164385e-03,  -4.64554876e-03,  -9.13017895e-03,
         -1.02365669e-02,  -7.27514780e-05,  -1.33073479e-01,
         -5.95050268e-02,   7.23570809e-02,   6.66854996e-03,
         -5.77041171e-02,  -7.10650859e-03,   3.99496220e-02,
         -6.56664148e-02,   8.51274058e-02,   3.51509340e-02,
          3.54865119e-02,   6.21692538e-02,   6.09490350e-02,
         -8.79144948e-03,   6.46927953e-02],
       [  2.49916147e-02,   9.31302384e-02,   5.06648980e-02,
          4.37378436e-02,  -4.88010347e-02,   7.86882490e-02,
          1.04355803e-02,   3.44093405e-02,   1.42116025e-02,
         -8.04804787e-02,  -1.49458051e-02,  -4.68758605e-02,
          6.54859617e-02,   5.24335727e-03,  -1.36394771e-02,
          3.57934716e-03,  -2.29879729e-02,  -3.95964757e-02,
          2.33411044e-02,   4.03345004e-02],
       [  9.08444449e-02,  -4.92258882e-03,   1.11917472e-02,
          2.86513604e-02,  -3.06033287e-02,  -3.09448577e-02,
         -1.04884272e-02,  -9.74334963e-03,  -1.55515987e-02,
          2.17498504e-02,  -1.18080415e-01,  -5.77015691e-02,
         -6.17366917e-02,   2.29171719e-02,   1.77736115e-03,
          4.52249348e-02,  -3.84486578e-02,  -3.75627875e-02,
          4.59992550e-02,  -6.65289611e-02],
       [ -4.08997424e-02,   1.07831545e-02,  -1.08983796e-02,
         -2.34525255e-03,   1.11971132e-01,   3.23602632e-02,
         -2.28773244e-02,  -2.21312996e-02,  -7.01007098e-02,
         -6.09631948e-02,  -4.32373695e-02,  -7.71453902e-02,
         -7.96625838e-02,   4.94264392e-03,   6.16813116e-02,
          3.70590352e-02,  -1.87982414e-02,   8.43144581e-02,
          1.13001525e-01,   5.69302700e-02],
       [ -8.73261690e-02,  -9.35119018e-02,  -4.30524871e-02,
         -7.59706972e-03,  -3.26075703e-02,  -1.07556812e-01,
         -5.64077012e-02,  -5.34590892e-02,  -1.87505560e-03,
          2.90153865e-02,   1.70568358e-02,   1.81165561e-02,
          9.15940255e-02,   6.50080666e-03,  -5.76122664e-02,
         -2.40959357e-02,   4.01237197e-02,  -4.55279611e-02,
          7.47485459e-02,  -7.12014064e-02],
       [ -3.71425524e-02,   4.29189242e-02,  -5.61184697e-02,
         -3.10591795e-02,  -3.73386480e-02,  -4.07324098e-02,
          4.61473390e-02,   1.91706400e-02,  -1.17352918e-01,
         -4.77704732e-03,   1.10209063e-01,   2.22331118e-02,
          6.11188523e-02,   4.73720096e-02,   1.68949887e-02,
         -3.96798216e-02,   6.81117550e-02,   5.59524968e-02,
          5.19200452e-02,  -2.46960111e-02],
       [  1.13055129e-02,   2.83710193e-02,  -3.01524196e-02,
         -8.93154144e-02,  -3.81501652e-02,  -5.43731935e-02,
         -1.04903400e-01,  -2.69635320e-02,   3.79734375e-02,
          5.05227549e-03,   3.87203954e-02,  -5.59924133e-02,
         -7.78020883e-04,  -6.43300712e-02,   4.05444764e-02,
         -4.81142588e-02,  -4.11937647e-02,   2.79758908e-02,
         -1.69848949e-02,   1.41434390e-02],
       [ -4.55757137e-03,   6.91308454e-02,  -2.37030182e-02,
          3.14324014e-02,  -4.15776968e-02,  -9.36800241e-02,
          5.06769530e-02,   4.35895845e-02,  -2.62960680e-02,
         -6.02239333e-02,   4.58410056e-03,  -1.47849163e-02,
         -3.27220075e-02,  -4.74171489e-02,   7.05215288e-03,
         -4.31102095e-03,   6.16213940e-02,   7.88815171e-02,
         -8.44703428e-03,   2.02733036e-02],
       [  7.15450570e-02,   7.33532980e-02,   5.44883683e-02,
          1.11514796e-02,  -1.52225345e-02,  -7.95195922e-02,
         -1.28698377e-02,  -7.64395669e-02,  -3.80391143e-02,
          2.57221758e-02,   4.00271714e-02,   4.39373702e-02,
         -5.40236644e-02,   6.52794912e-02,   8.82714838e-02,
         -4.01105694e-02,  -5.42136608e-03,   3.28576975e-02,
          6.74520433e-02,   3.53458636e-02],
       [ -1.38442755e-01,  -4.53377776e-02,  -3.35520916e-02,
         -1.22335097e-02,  -3.73434983e-02,   9.54006538e-02,
          4.99268435e-02,  -8.53735656e-02,  -7.86653385e-02,
         -1.00048102e-01,   5.77078722e-02,  -3.14155407e-02,
          6.15420602e-02,   3.50315981e-02,   8.76250491e-02,
         -3.42504643e-02,   5.28909080e-02,  -2.37987507e-02,
          1.11308090e-01,   1.08466603e-01],
       [  3.19681577e-02,  -6.59610629e-02,   5.05932942e-02,
          6.42152876e-03,  -6.10521203e-03,  -8.39850903e-02,
         -1.47848830e-01,   6.67514428e-02,   2.11089179e-02,
         -2.06349194e-02,  -2.96419319e-02,  -6.51628419e-04,
         -4.83436026e-02,   4.16572802e-02,  -2.37839110e-02,
         -1.94142219e-02,  -3.69331874e-02,   1.52865639e-02,
          5.09551764e-02,  -3.90051194e-02],
       [ -1.51477372e-02,  -1.40179670e-03,   1.07157910e-02,
         -9.31684449e-02,   2.63013188e-02,   2.81899255e-02,
          9.01491567e-02,  -8.36444553e-03,  -3.38064507e-02,
         -7.73935542e-02,  -4.61722016e-02,   2.85627227e-02,
         -9.41360649e-03,  -2.67929733e-02,  -8.91764164e-02,
          2.87854653e-02,  -2.73820497e-02,  -1.55926915e-02,
          1.18458383e-01,   2.62804832e-02],
       [  2.82971412e-02,  -3.97556573e-02,  -1.13048004e-02,
          4.10090834e-02,  -3.04795243e-02,  -6.61683232e-02,
          3.95789556e-02,  -2.95827836e-02,  -8.54955539e-02,
         -1.69344735e-03,  -4.34962008e-03,  -2.57123150e-02,
         -3.00549604e-02,  -1.96259972e-02,   1.00147100e-02,
         -6.14393363e-03,  -1.11089461e-01,   2.92913821e-02,
          6.64747506e-03,  -7.77885243e-02],
       [ -2.58591808e-02,  -1.59999624e-01,   6.26594154e-03,
          3.25942375e-02,   4.76587331e-04,  -4.61466387e-02,
          3.69116627e-02,  -3.75108980e-02,  -2.20539863e-03,
          2.06688214e-02,   2.54998934e-02,   6.65588155e-02,
          4.94529121e-02,   7.20515773e-02,   4.00365256e-02,
         -2.84744147e-02,   3.79262455e-02,   4.89024594e-02,
         -4.14520595e-03,   3.96832861e-02],
       [  1.00257076e-01,  -2.27430891e-02,   3.97994556e-03,
         -2.55976859e-02,  -9.20365658e-03,   1.15147149e-02,
          4.06604558e-02,  -4.54326160e-02,   1.63705405e-02,
         -4.52484563e-02,  -3.76214050e-02,  -2.51044054e-03,
          1.30987382e-02,   6.37289733e-02,  -2.95524243e-02,
          4.11896296e-02,   3.02426256e-02,   1.14228569e-01,
         -2.52655186e-02,  -7.18369111e-02],
       [ -3.65452655e-02,  -8.55443254e-02,  -1.25098182e-02,
         -3.78903858e-02,   4.73820828e-02,  -4.28748094e-02,
         -4.96953120e-03,  -1.59541816e-02,   1.99962463e-02,
          2.12352481e-02,   1.52425617e-02,  -4.27141041e-02,
         -2.96050739e-02,  -2.77262088e-02,   1.75013486e-03,
         -4.01047654e-02,  -7.02349767e-02,  -1.12329004e-02,
         -1.09656630e-02,   1.46281412e-02],
       [ -3.28031555e-02,  -1.50423339e-02,   4.27039526e-03,
          2.00705808e-02,   5.04060090e-02,  -4.92189154e-02,
          3.01662590e-02,   5.66200400e-03,   3.71445827e-02,
         -1.25444448e-02,   1.01287901e-01,  -4.63562571e-02,
         -3.87021638e-02,   2.80314293e-02,  -2.01323885e-03,
          4.95969132e-02,   1.12946210e-02,  -5.74120469e-02,
         -3.12467404e-02,   6.59054443e-02],
       [  3.75134870e-02,  -9.62937810e-03,   1.05711007e-02,
          4.55628745e-02,   1.11638360e-01,  -5.61267845e-02,
         -5.22019044e-02,   4.97065447e-02,   1.22189395e-01,
          2.45089885e-02,   1.43270884e-02,  -1.11703865e-01,
         -3.32020037e-02,  -8.77590999e-02,  -3.33509385e-03,
          3.04505285e-02,   1.62784718e-02,   3.00267339e-03,
         -6.04160838e-02,   1.34326164e-02],
       [  6.18510135e-02,   1.16487242e-01,   4.92259450e-02,
         -8.44703149e-03,  -3.84005122e-02,   3.00006401e-02,
          1.04051118e-03,   8.75738785e-02,   3.15472074e-02,
          1.32831531e-02,  -6.80379868e-02,  -3.88014503e-02,
          2.20616516e-02,  -8.37162361e-02,   1.50945056e-02,
         -1.36783496e-01,  -5.94670959e-02,  -1.73163898e-02,
         -3.02511752e-02,  -7.00146481e-02],
       [  4.07398716e-02,  -2.75615454e-02,  -8.98321196e-02,
         -2.07515340e-03,   3.33715789e-02,  -3.58777270e-02,
          1.89024974e-02,  -4.66022268e-02,   4.00456367e-03,
          9.49752852e-02,   1.95861086e-02,  -3.50569971e-02,
          1.44986277e-02,   7.66316578e-02,  -1.10160053e-01,
          4.16522287e-03,  -1.74469687e-02,  -1.32612083e-02,
         -3.09033552e-03,  -3.06734373e-03],
       [  5.09658754e-02,  -4.93729748e-02,   6.22059777e-02,
         -1.99024584e-02,   9.74972323e-02,   1.70072056e-02,
          9.23128203e-02,   7.43454788e-03,   2.62373965e-02,
         -3.85132022e-02,  -1.67274009e-02,  -2.86905058e-02,
         -1.00043509e-02,   1.89669561e-02,   3.96899767e-02,
          9.41610262e-02,   3.11479997e-02,   2.52413284e-02,
         -6.04909472e-02,  -1.36434063e-02],
       [ -1.57715436e-02,   2.65184082e-02,  -5.72923012e-03,
          1.08942250e-02,  -7.27962106e-02,   4.50920314e-02,
         -6.45393357e-02,   1.61329303e-02,   1.65389720e-02,
         -1.06664993e-01,   3.01455390e-02,  -9.42760706e-03,
         -7.19626620e-02,  -2.43048295e-02,  -1.94166973e-02,
         -1.39913736e-02,   2.94491556e-03,   1.01669706e-01,
          2.28709411e-02,   2.02308837e-02],
       [ -2.67909598e-02,   1.97946653e-02,   5.61071932e-02,
          1.06424075e-02,   9.41496044e-02,  -2.94612478e-02,
          2.87870906e-04,  -7.59841362e-03,  -7.92172402e-02,
          1.22830039e-02,  -3.97301577e-02,   2.74849683e-02,
         -5.44140339e-02,   5.43701537e-02,  -7.90675208e-02,
         -4.68167178e-02,  -1.01605676e-01,  -1.97185855e-02,
          1.56979505e-02,  -5.68770766e-02],
       [ -1.78581011e-02,   1.38546471e-02,  -5.94197586e-02,
         -4.82990518e-02,  -2.37921253e-04,   6.64964691e-02,
          4.75220904e-02,   1.02386974e-01,  -3.97241004e-02,
          4.83783558e-02,   3.32693569e-03,   2.87077818e-02,
          1.24825679e-01,   3.80834155e-02,   5.58376983e-02,
          7.41617009e-02,   4.68810871e-02,   1.21809147e-01,
          2.93885674e-02,  -1.67174086e-01],
       [  1.19900644e-01,   4.70845364e-02,   3.94538157e-02,
         -5.39858751e-02,  -4.38462608e-02,   4.24219184e-02,
          1.90828496e-03,  -5.52035160e-02,  -3.58781144e-02,
         -1.61383580e-02,  -3.70967612e-02,  -4.72705401e-02,
          2.65574958e-02,   5.14077917e-02,   2.66567152e-02,
          3.87699492e-02,   2.37114914e-02,  -6.35094056e-03,
          6.77730367e-02,  -2.95256581e-02],
       [  5.95626123e-02,   2.39468981e-02,  -5.62061183e-03,
          2.91839708e-03,   5.02937846e-02,   4.27950844e-02,
          6.17298968e-02,  -6.00358844e-02,  -6.81407154e-02,
          2.41289493e-02,   5.11517143e-03,   4.97349463e-02,
         -5.99538386e-02,   1.58208513e-06,   4.99368645e-02,
         -2.67125852e-03,   1.16287246e-02,  -2.40682252e-03,
          1.42711150e-02,   3.78293134e-02],
       [  9.97817740e-02,   6.26912042e-02,   8.01690202e-03,
          4.19017784e-02,  -9.38373711e-03,  -2.83515938e-02,
          1.03594791e-02,   6.98217973e-02,  -2.77198590e-02,
          4.52084653e-02,  -4.67636995e-03,  -5.97813539e-02,
          6.10664189e-02,   7.89292902e-02,  -5.91554716e-02,
         -2.97225430e-03,   5.25320973e-03,   5.40874116e-02,
          1.83739443e-03,  -5.32000922e-02],
       [ -3.25397849e-02,  -3.63183841e-02,   1.90036334e-02,
         -6.31984100e-02,  -2.23585721e-02,   1.00941710e-01,
          7.97496364e-02,  -1.10933840e-01,  -9.21679102e-03,
         -6.45782575e-02,  -7.01634213e-02,   7.86873922e-02,
          8.24313387e-02,  -8.22991952e-02,  -6.79716468e-02,
         -1.44390007e-02,  -1.33658692e-01,   3.22861201e-03,
         -4.71088249e-04,   7.75963888e-02],
       [  3.74968653e-03,  -3.47697586e-02,   7.17761293e-02,
          5.28094061e-02,   6.71903417e-02,   1.92619916e-02,
          4.82307300e-02,  -7.50510320e-02,   2.97462028e-02,
         -1.81906335e-02,  -2.44348291e-02,  -2.84635909e-02,
         -3.13450757e-04,   3.68651152e-02,   2.76545691e-03,
         -4.83568711e-03,   9.44947824e-02,   4.97291498e-02,
          3.53106633e-02,  -4.35140096e-02],
       [  2.42900215e-02,  -1.70224141e-02,  -9.62806772e-03,
          6.38287608e-03,  -2.15228554e-02,   5.89515897e-04,
          5.87936444e-03,   8.61724745e-03,  -5.67361005e-02,
          5.03061675e-02,   3.53055857e-02,   1.04420640e-01,
          1.26674445e-02,  -8.15314520e-03,  -6.26283512e-02,
         -2.69933194e-02,  -1.08317330e-01,  -1.96191166e-02,
          1.18767947e-03,   4.42173593e-02],
       [  3.41285369e-03,  -5.38840853e-02,  -8.22940618e-02,
          1.30610531e-02,  -3.57897840e-02,  -9.96956136e-03,
         -5.02099805e-02,  -9.37662348e-02,   2.78347470e-02,
          1.86902862e-02,   8.37928131e-02,  -1.07659176e-01,
          4.64276178e-03,   1.79076669e-04,  -1.83845591e-02,
         -1.28530839e-03,  -1.40114622e-02,  -2.78201792e-02,
         -6.48121610e-02,  -3.51912975e-02],
       [ -2.88322903e-02,  -2.45434269e-02,   8.62550437e-02,
          5.35530737e-03,   3.49531323e-02,   2.48569474e-02,
         -1.56071698e-02,   7.42031932e-02,   7.21498355e-02,
          8.96595046e-03,   1.37621246e-03,  -2.81776693e-02,
         -1.51047722e-01,  -4.67535891e-02,  -2.48587746e-02,
         -5.06535545e-02,   6.31428361e-02,   7.08551034e-02,
          6.43450469e-02,  -3.72279920e-02],
       [ -1.63354874e-02,  -1.18566956e-02,  -3.29307355e-02,
         -1.01581682e-02,   5.62376268e-02,  -7.50464126e-02,
          1.68563016e-02,  -5.01207821e-02,   3.03495745e-03,
          3.29407007e-02,  -2.84097102e-02,   6.75850213e-02,
         -5.55166451e-04,   1.63038578e-02,   4.96775471e-02,
          9.55528766e-03,  -1.01408027e-02,  -6.48739040e-02,
         -5.97978830e-02,  -2.18878239e-02],
       [ -8.87780264e-03,  -3.20939571e-02,  -2.60346439e-02,
          1.38875619e-02,   5.43441549e-02,   2.00232547e-02,
          3.06923483e-02,   2.71444675e-02,   2.74447240e-02,
         -3.29130106e-02,   2.03339402e-02,  -2.69344877e-02,
         -1.42090889e-02,   1.17167300e-02,  -1.17917629e-02,
          8.42309464e-03,   5.95443249e-02,  -6.39280900e-02,
         -9.90468916e-03,  -1.28619885e-02],
       [ -5.01484945e-02,  -6.37295768e-02,  -8.20810627e-03,
          6.42515942e-02,  -4.57473546e-02,   2.86963414e-02,
         -1.33199664e-02,  -2.10436378e-02,   1.14088930e-01,
          5.66263013e-02,   5.89153729e-02,   7.60392249e-02,
          1.02965452e-01,   8.23212322e-03,   1.04561843e-01,
         -2.09078919e-02,  -5.35579585e-02,   1.77769674e-04,
         -2.10709702e-02,  -2.06283908e-02],
       [  1.54811060e-02,   9.15669743e-03,  -1.70599017e-02,
          5.29173091e-02,  -1.60106029e-02,   4.19712532e-03,
          6.50556758e-03,  -9.24108848e-02,   2.87622362e-02,
         -9.47008561e-03,  -3.88163775e-02,  -7.16059506e-02,
          1.55997640e-02,  -8.76481459e-02,   1.08268298e-02,
          1.45694031e-03,   3.07530463e-02,  -1.01016713e-02,
          2.47663315e-02,  -2.64634248e-02],
       [  7.78465420e-02,   1.17233492e-01,  -5.33745103e-02,
          7.78658455e-03,   5.05454317e-02,  -3.35560180e-02,
         -1.65155493e-02,   3.20411325e-02,  -6.93393722e-02,
          5.08554392e-02,  -2.14840304e-02,  -9.49522555e-02,
          4.30091610e-03,  -1.48567101e-02,   2.41761357e-02,
          2.74384115e-02,   1.19210243e-01,   3.42005603e-02,
         -4.39457735e-03,   2.98106368e-03],
       [  8.06270342e-04,   1.36066629e-02,   4.33817022e-02,
          8.88783950e-04,   1.21300928e-01,  -6.76256046e-02,
         -2.58908570e-02,   2.11584438e-02,   4.64768969e-02,
          7.09934309e-02,  -3.90963070e-02,   2.85709333e-02,
          4.09994386e-02,  -7.71727189e-02,   4.86905165e-02,
          7.05545172e-02,  -1.07830754e-02,   6.25171140e-03,
         -8.71169791e-02,   1.61577445e-02],
       [ -3.82136405e-02,   2.17595827e-02,   1.19575318e-02,
         -5.14291339e-02,   2.22217888e-02,   6.88112155e-02,
         -4.24079672e-02,   1.87820382e-02,   1.26070976e-02,
          2.60681044e-02,  -2.29859110e-02,   5.38978465e-02,
         -7.15666637e-02,  -6.16271794e-02,  -2.25368282e-03,
         -6.70989379e-02,   5.91578968e-02,  -5.56571502e-03,
          7.32674673e-02,  -3.91031578e-02]], dtype=float32), array([ 0.,  0.,  0.,  0.,  0.,  0.,  0.,  0.,  0.,  0.,  0.,  0.,  0.,
        0.,  0.,  0.,  0.,  0.,  0.,  0.], dtype=float32)][array([[ 0.04895846],
       [ 0.02098057],
       [ 0.05004806],
       [ 0.02305853],
       [-0.05623245],
       [ 0.01303112],
       [-0.03883858],
       [ 0.07612954],
       [-0.03970427],
       [-0.01019801],
       [-0.08917116],
       [ 0.02129531],
       [-0.06184345],
       [ 0.04144372],
       [-0.07551284],
       [ 0.00357046],
       [-0.06900021],
       [-0.08079069],
       [-0.04250875],
       [ 0.08725592]], dtype=float32), array([ 0.], dtype=float32)]