[array([[ 0.01315129,  0.04732948,  0.03349248, -0.02108783, -0.00832798,
         0.05119586, -0.01879574, -0.06245597,  0.02333923,  0.14173877,
         0.10024717,  0.0179437 ,  0.00142174,  0.05445847, -0.05532752,
         0.0176883 ,  0.07327399, -0.03155607,  0.08322898,  0.10683557,
         0.08948915,  0.04177529,  0.01912989, -0.03266617, -0.02984279,
        -0.07100391, -0.01339219,  0.00140561, -0.0050903 ,  0.0851917 ,
         0.002975  ,  0.05680272,  0.02481504,  0.08595666, -0.02093374,
        -0.1049103 , -0.07989507,  0.0746968 ,  0.10997603,  0.01257561,
        -0.10584671, -0.0710582 , -0.0183662 , -0.00147479, -0.00533671,
         0.08780026, -0.03619357,  0.01942398, -0.02618854,  0.00588598],
       [-0.02124847,  0.07826237, -0.06060314,  0.06626027, -0.03838022,
         0.10305025,  0.01624002, -0.04438305,  0.07907026, -0.04327323,
        -0.04859799, -0.04298387,  0.00036426,  0.01859173, -0.01592228,
         0.00723512, -0.01602907, -0.0265178 ,  0.00243838,  0.05280212,
         0.03964181,  0.02298492,  0.03182983, -0.00134385, -0.05980264,
         0.02542569,  0.03934709,  0.10537045,  0.03572175,  0.02777935,
        -0.04523896,  0.06561644,  0.09855834, -0.05195132, -0.01777317,
        -0.02338856,  0.06364699, -0.02580186, -0.02928769, -0.02677309,
        -0.07587755, -0.03555118,  0.04568593, -0.02503004, -0.02006565,
        -0.00285848, -0.02334023, -0.04213396,  0.05624218,  0.04319714]], dtype=float32), array([ -2.68915956e-05,  -1.61894732e-05,   1.16169094e-05,
        -5.96242671e-06,   3.08278977e-05,  -1.53296332e-05,
         9.73085480e-06,  -9.33887293e-07,   2.56681756e-06,
         9.20687398e-06,  -6.33545142e-06,   2.98007071e-05,
        -1.37933466e-05,  -1.84648854e-06,   3.23440332e-07,
         1.29413329e-05,   2.01002767e-05,  -5.41951567e-06,
        -1.52490247e-05,   1.54497377e-06,  -9.78463686e-06,
        -1.70993826e-05,   3.34355548e-07,  -9.66223161e-06,
         3.21820953e-05,   2.57448446e-05,   1.25488418e-06,
         4.83230324e-05,  -3.06149050e-05,  -6.06863578e-05,
        -4.72040078e-08,  -2.42114766e-05,   8.35391711e-06,
        -1.79897379e-05,   9.92057994e-06,   1.52442863e-05,
         2.72774669e-05,   2.53606122e-05,  -1.69859286e-05,
        -1.17665131e-05,  -1.07157211e-05,  -9.19953254e-06,
        -2.46087184e-05,   2.92128461e-05,  -8.31468515e-06,
        -1.51048935e-05,  -1.23089840e-05,   1.96068513e-07,
         1.40668426e-05,   1.44892037e-05], dtype=float32)][array([[ -5.17596230e-02,  -2.37308443e-02,   7.16821328e-02,
         -4.43732403e-02,  -4.01348546e-02,   8.22289214e-02,
         -5.53002842e-02,   6.44230843e-02,   1.31626785e-01,
         -7.13216960e-02,  -8.03885013e-02,  -2.11326573e-02,
         -5.71090505e-02,   7.53520057e-02,   5.75047024e-02,
          3.58130820e-02,  -3.93994972e-02,   3.04071046e-02,
         -2.39957254e-02,  -1.16778322e-01],
       [ -8.06567818e-03,   2.60008331e-02,  -7.40874605e-03,
          2.96218079e-02,  -3.03058233e-02,  -1.28220133e-02,
          1.88437775e-02,   2.96457149e-02,  -1.55755058e-01,
         -9.61946025e-02,  -6.25219494e-02,  -2.69069616e-02,
         -2.81140152e-02,   3.13321911e-02,  -2.78492626e-02,
          1.21388450e-01,   4.61116945e-03,  -2.50407718e-02,
         -1.28332479e-02,  -3.58223170e-02],
       [  3.35337557e-02,  -9.31878388e-02,  -1.87562183e-02,
          4.17900048e-02,  -1.68992937e-01,  -8.39185063e-03,
          1.59072615e-02,  -2.26123463e-02,   3.67717855e-02,
          1.90468354e-03,  -2.73079406e-02,   1.79919880e-02,
         -2.98996791e-02,   1.02159036e-02,   1.31495856e-02,
         -3.96392830e-02,  -6.73638210e-02,  -6.64933771e-02,
         -9.12965536e-02,  -1.22141875e-01],
       [  3.33872885e-02,   7.46056512e-02,  -1.54413031e-02,
         -4.82303537e-02,   3.82818095e-02,  -2.08434984e-02,
         -6.93671256e-02,   6.57136142e-02,   5.16556762e-02,
          4.24857028e-02,  -3.21526416e-02,   3.33103165e-02,
          1.79946311e-02,  -1.03783645e-02,  -7.24722072e-02,
         -1.01982737e-02,  -1.14436494e-02,  -3.17961723e-02,
         -5.16377166e-02,   3.80414026e-03],
       [ -4.91996408e-02,  -2.89535373e-02,  -8.32201093e-02,
         -6.60586432e-02,   7.11631700e-02,  -7.82220140e-02,
          4.85761985e-02,   3.35691981e-02,  -3.97030031e-03,
          6.36327453e-03,   8.85877479e-03,   8.14230647e-03,
         -2.18007043e-02,  -2.33168043e-02,   4.70656715e-02,
          2.88781933e-02,  -2.41755433e-02,   4.25151363e-02,
          1.50808878e-02,  -3.21253799e-02],
       [  9.09412559e-03,   7.31650740e-02,  -1.80800129e-02,
         -6.96101272e-03,   3.51640582e-02,   5.74826263e-02,
          2.52945796e-02,  -2.85374979e-03,  -4.14015679e-03,
         -1.56907607e-02,  -4.09487039e-02,  -3.99759942e-04,
         -1.11346126e-01,  -2.71739457e-02,  -1.94810629e-02,
          1.27320131e-02,   1.41269444e-02,  -1.66499838e-02,
          3.86013091e-02,  -3.47352326e-02],
       [ -3.04447562e-02,   1.44144578e-03,   3.79983149e-03,
          4.09039482e-02,   9.25429016e-02,   4.24852632e-02,
         -6.40571937e-02,   3.62374745e-02,  -5.37628867e-02,
          6.07854687e-02,  -1.49622411e-02,   1.26306742e-01,
          4.80632000e-02,  -3.67097557e-02,   4.52421941e-02,
          1.50553267e-02,   9.18896124e-02,   4.14170660e-02,
         -1.09522030e-01,   7.15456009e-02],
       [  1.88402701e-02,   7.87810702e-03,   3.56438458e-02,
          6.01997226e-02,   3.96923684e-02,  -1.00862365e-02,
         -7.63901696e-02,  -6.86730072e-02,   3.34077328e-02,
          2.02055108e-02,   9.97295380e-02,   1.00115286e-02,
         -5.93771636e-02,   2.53864434e-02,  -1.79743562e-02,
          2.95087583e-02,   9.40364599e-03,  -3.17643844e-02,
         -2.03124117e-02,  -5.99203445e-02],
       [  9.73176397e-03,  -3.40395607e-02,  -6.48384169e-03,
          4.69851494e-03,  -4.99488972e-02,  -1.45947365e-02,
          1.01807453e-01,  -1.04152989e-02,   1.38866436e-02,
          7.69631714e-02,  -7.61799663e-02,  -1.34325819e-04,
         -8.67440850e-02,  -8.14101025e-02,   2.56568640e-02,
          9.13568661e-02,   2.52220873e-02,  -5.95068038e-02,
         -3.44875432e-03,   6.35460690e-02],
       [ -1.06150294e-02,  -9.42303520e-03,  -5.63247874e-02,
          1.78411361e-02,   3.09347585e-02,  -8.89454708e-02,
          5.25379516e-02,   1.17313802e-01,   2.01903284e-02,
         -1.63221639e-02,   6.88384986e-03,  -6.06277511e-02,
         -6.17568307e-02,   3.94854471e-02,  -8.31353571e-03,
          4.04692069e-02,   1.90406144e-02,   8.79606139e-03,
          7.06944149e-03,  -4.64855321e-02],
       [  4.52574603e-02,   7.25219101e-02,   3.36398892e-02,
         -1.09933756e-01,  -7.33764246e-02,   6.05833670e-03,
          1.21697672e-01,   4.15900908e-03,  -4.97537032e-02,
         -7.08564669e-02,  -6.10683858e-02,   4.02939469e-02,
          7.06020147e-02,  -1.51194772e-02,   6.53998405e-02,
          2.13446822e-02,   8.91191233e-03,   1.51894102e-02,
         -1.51103605e-02,   9.85384732e-03],
       [  6.94564730e-02,  -6.80059120e-02,  -5.97884357e-02,
          7.28820413e-02,  -3.94608686e-03,  -4.17974293e-02,
         -1.41400453e-02,  -1.13006134e-03,   8.26640502e-02,
          3.42800952e-02,   2.21485309e-02,   7.61212856e-02,
         -6.47174194e-02,  -4.74326545e-03,  -3.90487425e-02,
          3.83838788e-02,   4.85554151e-02,   2.69136298e-03,
         -1.48904428e-01,  -3.34401727e-02],
       [ -3.14114653e-02,   1.32093644e-02,  -3.26097831e-02,
          3.94165590e-02,   3.11363917e-02,   6.50330707e-02,
          3.68860476e-02,  -4.25572544e-02,   2.88661607e-02,
          5.00006489e-02,   4.41526156e-03,  -5.44155315e-02,
          1.12665957e-02,   1.43243866e-02,  -2.95579736e-03,
         -1.93942450e-02,   9.05718058e-02,   3.09051778e-02,
          1.66352745e-02,   7.41123036e-02],
       [ -1.21920682e-01,  -1.38728619e-02,  -3.31819579e-02,
          2.47356612e-02,  -6.48159236e-02,   1.88958384e-02,
         -1.18109740e-01,   4.77856882e-02,   1.15596633e-02,
          3.15178856e-02,  -1.15548307e-02,  -2.48067025e-02,
          7.35467486e-03,  -5.75956851e-02,  -2.41247751e-02,
          5.16124181e-02,   6.44392893e-02,  -1.74050778e-02,
          7.67611107e-03,   6.71825632e-02],
       [  1.72394272e-02,  -5.10062091e-03,   7.44700953e-02,
         -1.86044350e-02,  -5.38513735e-02,   3.98220941e-02,
         -7.80557618e-02,  -7.01407529e-03,   2.32858565e-02,
          5.70630282e-02,  -6.35182709e-02,   6.07707761e-02,
         -1.63687766e-02,  -8.92286655e-03,   1.87654886e-03,
         -8.11500773e-02,  -4.52936105e-02,   3.70629467e-02,
          1.61091483e-03,   2.68992856e-02],
       [ -2.57934425e-02,  -2.96561792e-02,  -5.25360890e-02,
         -6.28639236e-02,  -5.89547083e-02,  -9.20912530e-03,
         -3.69111858e-02,   4.63444628e-02,   7.12761283e-02,
         -1.13082036e-01,   1.68788079e-02,  -3.02335173e-02,
          4.36618552e-02,   1.12565805e-03,   7.62452260e-02,
         -1.12747205e-02,   8.34311843e-02,   3.88929844e-02,
         -3.37434486e-02,  -2.75762379e-02],
       [ -4.03013173e-03,   2.46272236e-02,  -6.22127466e-02,
          1.28310071e-02,   2.76951902e-02,   1.25392638e-02,
          2.79704034e-02,   1.17771514e-02,  -5.21522053e-02,
          3.48753408e-02,   1.67070888e-02,  -1.28048202e-02,
         -8.62832516e-02,  -1.45387407e-02,  -3.37577276e-02,
         -1.02850553e-02,  -1.27041796e-02,   5.22947684e-02,
         -3.43714133e-02,   3.64508256e-02],
       [ -3.61358225e-02,  -2.14962885e-02,  -8.07909202e-03,
          3.04680821e-02,   2.42431257e-02,   1.33593483e-02,
         -3.78022566e-02,   3.79065098e-03,   4.49075811e-02,
          1.33471331e-02,  -2.68809814e-02,   1.38794594e-02,
         -7.15790689e-03,  -5.39610721e-02,  -2.76107527e-02,
          8.47162157e-02,   1.04248501e-01,  -2.01055724e-02,
         -8.22860748e-03,   1.32233091e-02],
       [ -2.51593981e-02,   4.02532369e-02,   1.21561915e-01,
         -4.73512104e-03,  -1.18396832e-02,  -3.31184715e-02,
         -7.50483871e-02,  -3.46449320e-03,   2.92891245e-02,
         -5.54857682e-03,   4.64920066e-02,  -2.20765136e-02,
          4.35293391e-02,  -8.09687376e-03,  -6.72987774e-02,
          1.48422262e-02,   1.59785952e-02,  -5.51426262e-02,
         -6.56892732e-02,   3.83461826e-02],
       [  2.95045134e-02,  -3.67907138e-04,  -4.51683402e-02,
          2.43077856e-02,  -3.33018452e-02,   1.06058195e-02,
         -2.16543637e-02,   1.94989201e-02,   1.32182324e-02,
          1.97989047e-02,   1.03347171e-02,  -5.06818388e-03,
         -6.09748848e-02,   6.83631599e-02,  -5.61615154e-02,
          1.21697988e-02,  -1.51165836e-02,   1.82029270e-02,
          8.90238285e-02,   2.40092017e-02],
       [ -7.68246353e-02,  -1.04495309e-01,  -2.20749583e-02,
          7.41064250e-02,   7.46766059e-03,  -4.04486991e-03,
         -3.48912030e-02,  -1.29420646e-02,  -5.26574627e-02,
          5.70755191e-02,  -2.31312551e-02,  -6.25446513e-02,
          2.21538674e-02,   7.01056980e-03,   1.00634508e-02,
         -1.54093532e-02,  -1.87051576e-02,  -5.41834198e-02,
          9.72509459e-02,  -7.29703307e-02],
       [  1.54818231e-02,  -2.99528912e-02,   5.99257015e-02,
          1.76413711e-02,  -1.29319489e-01,   6.73400611e-02,
         -4.03178483e-03,   1.34329097e-02,   2.76339240e-03,
         -1.61131211e-02,  -6.53723814e-03,  -9.93051082e-02,
         -1.10548572e-03,  -3.72374877e-02,  -1.39923552e-02,
         -3.91238891e-02,  -5.10267094e-02,  -6.97964877e-02,
         -4.14655916e-02,  -5.25976010e-02],
       [ -1.69064403e-02,   6.95305765e-02,  -3.71751329e-03,
         -3.01773809e-02,   1.98505400e-03,   9.32832062e-03,
          3.97741906e-02,  -6.29209280e-02,  -2.27816422e-02,
         -2.15920303e-02,  -1.47501947e-02,   7.32412264e-02,
         -3.35895307e-02,  -1.99857615e-02,  -9.91672836e-03,
         -5.26123829e-02,   1.39703834e-02,  -1.23043479e-02,
          2.04464756e-02,   2.37574074e-02],
       [ -6.66474400e-04,  -7.59600326e-02,   6.43349066e-02,
          7.35205635e-02,  -6.44739196e-02,   1.88840982e-02,
          3.82637605e-02,  -7.16327578e-02,   6.27493858e-02,
         -2.30967570e-02,   8.09744596e-02,  -5.37660066e-03,
          9.09719151e-03,   2.55769044e-02,  -5.63735478e-02,
         -3.06385122e-02,   9.17262211e-02,  -1.00543179e-01,
          7.42027611e-02,  -5.92734180e-02],
       [  4.34250422e-02,   2.46100500e-02,  -2.25465931e-02,
         -4.91421148e-02,  -3.22636403e-02,   1.82122104e-02,
         -3.51104625e-02,   1.69140790e-02,   4.65254299e-02,
          5.08779697e-02,  -7.70764193e-03,  -3.20726298e-02,
         -4.73307222e-02,  -4.07997444e-02,   6.74450174e-02,
          1.21918097e-02,   2.14648712e-02,   2.61648297e-01,
          1.10936621e-02,  -7.80011434e-03],
       [ -8.86571854e-02,  -3.73234525e-02,  -1.09335646e-01,
          4.57204394e-02,  -1.29421011e-01,  -6.05951808e-03,
         -3.50569114e-02,   3.31707373e-02,   1.19816465e-03,
         -7.53662586e-02,   5.77744842e-02,   2.74242498e-02,
         -9.70338564e-03,  -1.01483017e-02,  -3.06555592e-02,
         -5.66069782e-02,   2.02605836e-02,   2.91889161e-02,
          3.49285416e-02,  -2.68026106e-02],
       [  2.09729206e-02,   8.41254815e-02,   4.16392870e-02,
         -5.77244610e-02,   4.43190858e-02,  -7.36551872e-03,
         -6.45270944e-02,   2.43584365e-02,   8.95735528e-03,
          7.35324100e-02,   2.19339710e-02,   5.31964935e-02,
         -4.00551371e-02,  -5.33829816e-03,  -9.84398648e-02,
          1.96915995e-02,  -9.87448730e-03,  -1.23398025e-02,
          5.17136417e-02,   7.19078705e-02],
       [ -8.80477503e-02,  -8.33580941e-02,   2.68462226e-02,
         -9.36975703e-02,   1.72641389e-02,  -4.49611433e-02,
         -1.66994818e-02,   1.44889221e-01,  -1.14839137e-01,
         -2.18125246e-02,  -3.75139038e-03,  -3.00188269e-02,
         -9.43705738e-02,   1.83032751e-02,  -8.65411945e-03,
         -6.36377484e-02,   6.63132221e-02,   3.16484571e-02,
         -7.72190234e-03,  -1.24920411e-02],
       [  7.07293972e-02,   2.30572931e-02,  -1.81951374e-02,
          7.56171495e-02,   2.69782022e-02,  -9.57717304e-04,
         -2.15318538e-02,  -4.87669632e-02,   9.78056192e-02,
          3.93229313e-02,   4.85004438e-03,  -5.45497343e-04,
          1.25787929e-02,   1.17091320e-01,   8.51302743e-02,
         -1.00417752e-02,  -8.38372670e-03,  -3.42515344e-03,
          7.30968220e-03,  -3.46602835e-02],
       [  1.72838697e-03,   1.57235339e-01,  -1.33074401e-02,
          8.69539529e-02,   6.50520250e-02,   4.61393446e-02,
          7.77802020e-02,  -2.15036403e-02,   7.05337664e-03,
         -6.69405088e-02,  -3.13525163e-02,   2.51359176e-02,
          9.33277383e-02,   5.85408323e-03,  -2.44827680e-02,
          5.43590821e-03,   3.08878701e-02,  -3.97768104e-03,
          4.73365374e-02,   5.63422181e-02],
       [ -5.83001459e-03,   2.32245326e-02,   9.61048082e-02,
         -1.13043990e-02,  -1.02174664e-02,  -8.57470334e-02,
         -4.64670546e-02,  -7.09062209e-03,   1.79486461e-02,
          2.82050073e-02,   8.49555209e-02,  -6.16832264e-02,
         -2.93498747e-02,   1.57280068e-03,   3.25738080e-02,
          1.07643902e-02,  -4.79600169e-02,  -2.31507234e-02,
          1.66693665e-02,  -2.52979305e-02],
       [  9.76427365e-03,   8.21950361e-02,  -7.00857565e-02,
          6.25568181e-02,   5.67845814e-02,  -2.98299938e-02,
          7.84289092e-02,   7.14524239e-02,   1.88504178e-02,
         -6.87203556e-02,  -1.69890113e-02,  -8.84769410e-02,
          5.29633798e-02,   4.63023186e-02,  -1.21491142e-01,
         -1.07674925e-02,  -7.49238357e-02,   1.11792080e-01,
          2.53051072e-02,  -1.26137063e-01],
       [  1.63067896e-02,  -8.57133046e-03,   2.20941771e-02,
         -7.89282024e-02,   2.96782088e-02,   3.10176313e-02,
          6.40320927e-02,   4.02262546e-02,   8.34353548e-03,
         -1.11731226e-02,  -2.11839993e-02,   1.85578018e-02,
         -3.80660482e-02,  -4.42394279e-02,   2.98511074e-03,
          7.10963085e-02,  -2.52298675e-02,  -1.40694398e-02,
         -5.00048995e-02,   3.82622657e-03],
       [  4.26737554e-02,   7.43688494e-02,   1.54951597e-02,
         -8.60424619e-03,  -3.77108827e-02,  -4.63085845e-02,
         -8.75241961e-03,  -1.43890167e-02,  -2.20745634e-02,
         -1.59191355e-01,  -8.20238292e-02,   3.72619927e-02,
         -2.09248159e-02,  -6.22044764e-02,  -5.00855260e-02,
         -1.86105501e-02,   6.40046149e-02,  -6.35915250e-02,
          3.87782007e-02,  -1.24541566e-01],
       [ -6.08970830e-03,   2.54346840e-02,   6.88027516e-02,
         -2.94837132e-02,   3.39687914e-02,  -3.27424966e-02,
         -1.11786313e-02,  -2.61764675e-02,  -2.49213185e-02,
         -7.01915994e-02,   3.48611400e-02,   4.30094078e-02,
         -3.30350921e-02,   2.92413346e-02,  -6.79545179e-02,
         -5.10276072e-02,  -2.86155343e-02,   3.60332094e-02,
          2.55624708e-02,   6.93391217e-03],
       [  3.18288542e-02,  -5.83167113e-02,   4.89415079e-02,
         -9.68522504e-02,   2.71455813e-02,   7.65409544e-02,
         -2.57609431e-02,  -5.06692603e-02,   7.36429915e-02,
         -1.89110730e-02,   6.62504658e-02,  -5.60332239e-02,
         -1.87825840e-02,   3.75271179e-02,  -6.01035496e-03,
          3.80659997e-02,   1.66788936e-01,   1.56708770e-02,
         -6.01967471e-03,  -7.43654463e-03],
       [  8.62977561e-03,   9.90201533e-03,  -1.46553302e-02,
         -7.67198280e-02,   1.19440514e-03,   3.17749232e-02,
          2.02784184e-02,   4.40089181e-02,  -2.47001071e-02,
          2.64170896e-02,   9.80539396e-02,  -7.51012489e-02,
         -5.00437059e-02,  -1.29861459e-01,   2.63943728e-02,
         -4.75302450e-02,  -4.56470251e-02,  -1.97071838e-03,
          3.00579704e-02,   4.08660956e-02],
       [ -5.73492646e-02,  -2.74830740e-02,  -4.29189851e-04,
         -1.14294013e-03,   1.94968972e-02,  -8.26414227e-02,
          4.23500501e-02,   1.26076013e-01,  -8.24923739e-02,
         -3.62409912e-02,   5.73380068e-02,   5.12848329e-03,
         -1.59640256e-02,   3.67508046e-02,   5.64159313e-03,
         -3.00475080e-02,  -4.49878387e-02,  -4.82281577e-03,
         -3.63446027e-02,  -1.27337798e-02],
       [  1.52295334e-02,  -7.37682655e-02,   6.00349233e-02,
          1.07976913e-01,  -7.53075024e-03,   1.11515662e-02,
         -9.32817683e-02,  -6.36665300e-02,  -1.34845348e-02,
         -6.75791949e-02,  -2.33859438e-02,  -2.17533745e-02,
          9.91396457e-02,  -6.09839335e-02,   2.01566406e-02,
         -9.41908639e-03,   9.09952596e-02,   3.77279371e-02,
          6.84063062e-02,  -3.77008156e-03],
       [ -5.29889129e-02,   9.45085846e-03,  -1.04932442e-01,
         -4.32435423e-02,  -4.43556905e-02,   8.65360871e-02,
          7.27350041e-02,   3.71818580e-02,  -2.17844010e-03,
         -5.32301702e-03,  -7.15917721e-02,  -3.44824083e-02,
         -4.39799912e-02,  -3.32406685e-02,  -7.75432512e-02,
         -1.72836781e-02,  -3.63470949e-02,  -9.06294435e-02,
          5.67416735e-02,   3.52068758e-03],
       [  1.34703591e-02,   2.70097014e-02,  -7.37008452e-02,
          2.32143756e-02,  -3.31843682e-02,   1.97819155e-02,
         -2.06049327e-02,  -2.15982320e-03,  -4.04598936e-02,
         -1.06964605e-02,   1.29557457e-02,   4.51908959e-03,
         -1.39231281e-02,   3.94117832e-02,  -3.82046439e-02,
          1.71550550e-02,   1.62417665e-02,  -6.92301095e-02,
          3.48035283e-02,   1.97602920e-02],
       [ -7.13544991e-03,  -7.86770061e-02,   2.62302365e-02,
          8.35355222e-02,   1.20493025e-02,   1.27691729e-02,
          6.65000752e-02,   3.61132026e-02,  -6.03338815e-02,
          6.03589742e-03,  -5.47645688e-02,  -3.44464779e-02,
          1.46374814e-02,  -8.08965862e-02,   5.67163564e-02,
          4.16969769e-02,  -3.26233022e-02,  -4.73569427e-03,
         -6.58607518e-04,   6.55039623e-02],
       [ -1.88208011e-03,   1.32470541e-02,   5.32008298e-02,
         -3.25424038e-02,   1.43365404e-02,   5.93338683e-02,
          4.62299101e-02,   9.75351259e-02,   4.38010246e-02,
         -7.75438845e-02,  -9.27950591e-02,   2.00083889e-02,
         -6.14144700e-03,   2.01600473e-02,   5.37433438e-02,
         -1.31468371e-01,  -5.33349626e-03,  -3.77567187e-02,
         -1.33458208e-02,   8.00932199e-02],
       [  1.47666214e-02,  -9.87133011e-02,   3.32692377e-02,
         -6.01366796e-02,  -2.90787691e-04,  -1.85966883e-02,
          4.74650040e-02,   3.44052091e-02,  -1.51717206e-02,
          5.79334470e-03,   3.31426971e-02,   3.42857055e-02,
          2.28378512e-02,   2.93186568e-02,   5.12103848e-02,
          1.39688775e-02,  -5.65203466e-02,   7.01644719e-02,
          6.63506612e-02,  -4.81149890e-02],
       [  1.07163243e-01,   1.62499771e-02,   4.34899628e-02,
          3.99372727e-03,  -2.39945557e-02,   4.09670658e-02,
         -1.01314701e-01,  -3.78643014e-02,   5.50395772e-02,
          2.54646707e-02,  -1.60433035e-02,   3.40318643e-02,
          5.30404854e-04,   1.56357326e-02,  -1.00217657e-02,
          6.84528574e-02,  -1.07932892e-02,   2.70765461e-02,
         -8.39697495e-02,   2.45369296e-03],
       [  2.05095541e-02,  -8.15121233e-02,  -5.52469343e-02,
          1.27651244e-02,   6.62172735e-02,  -5.11821359e-02,
          7.71614760e-02,  -5.90809563e-04,   7.82328695e-02,
         -2.65774466e-02,  -1.41581237e-01,  -1.45188291e-02,
         -3.80819738e-02,   3.17449085e-02,  -1.67057011e-02,
         -1.92815997e-02,  -1.10066913e-01,  -3.66641879e-02,
          3.20232995e-02,   2.78372969e-02],
       [  6.37224987e-02,   2.77068522e-02,  -4.22635600e-02,
          1.56921968e-02,   2.92529240e-02,   5.21806516e-02,
          1.06010092e-02,  -8.84573832e-02,  -1.17660714e-02,
          1.05259540e-02,  -8.07142258e-02,  -1.83530990e-02,
         -6.05427101e-02,  -9.32618603e-02,   4.41432670e-02,
         -2.32055504e-02,  -1.26253264e-02,  -1.20550422e-02,
          6.82109618e-04,   1.43199263e-03],
       [ -6.60155788e-02,   7.24423211e-04,   2.60180179e-02,
         -1.07931020e-02,   5.84225208e-02,  -1.25988312e-02,
         -8.98448005e-02,   9.55084397e-04,   3.09695303e-02,
         -2.77519934e-02,  -6.95806444e-02,  -1.11065004e-02,
         -4.05991040e-02,  -3.03982515e-02,   2.85165035e-03,
         -7.36019313e-02,   2.23891307e-02,   5.10694832e-02,
         -3.58934924e-02,   6.97808117e-02],
       [  2.26861592e-02,  -7.05900788e-02,   2.03517992e-02,
         -3.45336385e-02,   3.64454184e-03,   6.06025457e-02,
          4.09472883e-02,  -8.62836279e-03,  -1.52158085e-02,
         -8.26411822e-04,   2.95942351e-02,   3.04137194e-03,
         -5.46323285e-02,   1.01516657e-02,  -2.21309010e-02,
         -8.69315676e-03,  -1.04931584e-02,  -6.90711811e-02,
         -5.95702194e-02,  -5.17657446e-03],
       [ -6.45003617e-02,   3.59583497e-02,   1.37725938e-03,
         -1.01588815e-01,   5.28732166e-02,   2.48988308e-02,
         -1.43664796e-02,   2.52255425e-02,  -2.20481716e-02,
         -6.77278871e-03,  -1.37438718e-02,   8.02738816e-02,
          3.37991342e-02,  -5.67655154e-02,  -3.29311006e-02,
         -5.86995520e-02,   2.52967849e-02,  -3.67147289e-02,
         -9.10734758e-02,   1.42763779e-01]], dtype=float32), array([  5.42797825e-05,  -6.66318403e-04,  -3.08005634e-04,
        -5.44137380e-04,  -1.30488057e-04,  -3.77707067e-04,
         2.69759357e-06,   4.55316076e-05,  -2.82293127e-04,
         1.51551823e-04,   5.25547133e-04,   3.38939921e-04,
        -3.33610165e-04,  -2.67794501e-04,  -1.32737870e-04,
        -1.70721571e-04,   1.12260510e-04,   4.31605178e-04,
        -1.96454654e-04,  -7.86612145e-06], dtype=float32)][array([[ 0.0350267 ],
       [-0.06233389],
       [-0.01183039],
       [-0.04645882],
       [ 0.0099178 ],
       [-0.01794346],
       [ 0.02566243],
       [ 0.03404522],
       [-0.00613324],
       [ 0.04639157],
       [ 0.09378354],
       [ 0.07349789],
       [-0.0238724 ],
       [-0.01043593],
       [ 0.00984245],
       [ 0.00439097],
       [ 0.0472961 ],
       [ 0.08520626],
       [ 0.00033346],
       [ 0.02814403]], dtype=float32), array([ 0.03027678], dtype=float32)]