[array([[-0.03373056,  0.00402838, -0.01690121,  0.12661195,  0.01389868,
         0.08068908, -0.0126113 ,  0.03796119, -0.05874411, -0.04792063,
         0.00242747,  0.01368829, -0.03692595, -0.02713723, -0.0220194 ,
        -0.02050986,  0.03453968, -0.05177948, -0.00630985,  0.04851656,
        -0.01315267,  0.03625385, -0.02526206,  0.0298374 , -0.01400148,
        -0.08965194, -0.0929174 ,  0.02830737,  0.07777891, -0.07116938,
        -0.01689254,  0.01706856, -0.10283555,  0.11639144, -0.00445735,
         0.00338126, -0.03202968, -0.01813431,  0.06433794, -0.02664811,
         0.01694601, -0.02539292,  0.01881674, -0.0929989 , -0.0140636 ,
         0.02698055, -0.03004796,  0.00931076, -0.0518842 , -0.01012381],
       [-0.1210262 ,  0.02750416,  0.06683433,  0.08261615,  0.05313551,
        -0.00784779, -0.04631297,  0.07408477,  0.02636758,  0.07423063,
        -0.01043107,  0.00325692, -0.05062777, -0.02307888, -0.0151102 ,
        -0.00170703, -0.03734145, -0.14263089,  0.01829663, -0.04213724,
         0.06271672,  0.0043362 , -0.05626388,  0.00213717, -0.02007242,
         0.00646788, -0.03824548,  0.01980703, -0.00248518,  0.00144525,
        -0.05407029,  0.05183361,  0.01899438, -0.02608236,  0.03809171,
         0.07358766, -0.05209231, -0.03317523,  0.02898021,  0.0168292 ,
         0.05780306, -0.01701982, -0.05352043,  0.09983719,  0.03951516,
        -0.00649151, -0.02622109, -0.00708483,  0.00345306,  0.04015871],
       [ 0.0293151 ,  0.00543553, -0.05340341, -0.00015408, -0.03440477,
        -0.09109741,  0.12159622, -0.00360343,  0.0055697 ,  0.05085804,
        -0.02798136,  0.01007642,  0.07989997, -0.03004556,  0.01101827,
         0.00877125, -0.04097652, -0.02822634, -0.04049765, -0.01527307,
        -0.04757055,  0.07399525,  0.0593783 ,  0.04915975,  0.0040471 ,
         0.09921648, -0.02883049,  0.12167387, -0.00133819, -0.07935525,
        -0.00312598, -0.06558543, -0.02835463, -0.03759544,  0.03557137,
        -0.06595486,  0.02863006,  0.00166556,  0.05710835, -0.0058058 ,
         0.03147684, -0.02946462, -0.08645484,  0.020174  , -0.0377445 ,
        -0.01064447,  0.03192462,  0.01706717, -0.08354662,  0.03421606],
       [-0.00778634, -0.02923238, -0.0022665 , -0.05770569,  0.08422829,
        -0.01796035,  0.02166024,  0.04192132, -0.05106978, -0.05839107,
        -0.08148882,  0.04402255, -0.0120936 , -0.03809265, -0.01011163,
         0.02205224, -0.05564742,  0.00847847, -0.05518322, -0.04607407,
        -0.00025408, -0.06130601, -0.06853169,  0.10174843,  0.06254249,
         0.02761588,  0.09780944, -0.05138815,  0.0166709 , -0.05124757,
         0.06040104, -0.07495097,  0.09172284, -0.00991654,  0.10066959,
         0.02134096, -0.03488203, -0.01985233,  0.05451465,  0.00386355,
         0.08421425,  0.05425791,  0.02445939, -0.06046196,  0.02165251,
         0.07638366,  0.08293192, -0.0104531 ,  0.01855189,  0.07034111]], dtype=float32), array([ -8.75933620e-05,   4.04568236e-05,  -1.49680563e-05,
         1.49089901e-04,  -2.33655646e-06,  -4.59049843e-05,
         3.47333989e-05,   1.56356855e-05,   1.76769372e-05,
        -2.35092994e-05,   5.07513469e-05,   5.96415593e-05,
         1.19442702e-05,  -3.57016725e-05,  -6.27234567e-06,
        -6.52329072e-06,  -5.06515535e-05,  -1.61712251e-05,
        -1.01065853e-04,   1.37010579e-06,  -2.01975035e-05,
         3.90674031e-05,  -4.85086566e-05,   3.46058223e-05,
        -1.61296575e-05,   4.45646183e-05,   9.61502337e-07,
         1.91203926e-05,  -1.19423294e-05,  -7.15696733e-05,
        -5.97993539e-06,   1.40795291e-05,   9.00938267e-06,
         4.58545437e-05,  -8.61688750e-06,   1.00194220e-05,
         8.29097917e-06,   7.88980033e-05,  -9.11735697e-05,
        -1.07040455e-06,   5.10396239e-05,   5.36782463e-05,
         6.72572278e-05,   4.77576286e-05,  -2.46913569e-05,
        -4.78290440e-06,   5.78697836e-05,   5.18328998e-05,
        -1.24444678e-05,  -4.23247511e-05], dtype=float32)][array([[ -1.41622862e-02,  -2.22725011e-02,  -9.89939086e-03,
         -5.85625358e-02,   2.59196125e-02,   4.48808596e-02,
         -3.03004291e-02,   1.26322173e-02,  -9.38711595e-03,
         -3.66668776e-02,   6.11230470e-02,  -3.73625867e-02,
          3.93242314e-02,  -2.79544666e-02,   4.81508970e-02,
          3.73040289e-02,   1.82142202e-02,  -5.01145497e-02,
          2.23750640e-02,  -1.02625191e-01],
       [  8.18334334e-03,   2.30751908e-03,  -6.17799573e-02,
         -1.42350653e-02,  -6.93338783e-03,  -6.78753704e-02,
          5.59173040e-02,   2.23363731e-02,   5.72763868e-02,
          1.70865317e-03,  -3.09589673e-02,   7.42071643e-02,
          1.95352715e-02,  -3.98121029e-03,  -9.78921205e-02,
          1.60169229e-02,   1.17806066e-02,  -1.72057226e-02,
          2.35636290e-02,   2.52231210e-03],
       [ -3.90235968e-02,   6.33888766e-02,  -1.34296156e-02,
         -6.34016618e-02,  -3.26852687e-02,  -6.08258359e-02,
          6.42505735e-02,  -2.09487118e-02,  -1.41171366e-02,
         -5.24093769e-02,  -5.62522598e-02,   8.37066956e-03,
          3.22139412e-02,  -1.29603431e-01,  -6.34064823e-02,
         -7.71025196e-02,  -7.13136420e-02,   2.61822492e-02,
          2.05432102e-02,  -6.85750842e-02],
       [ -3.06788161e-02,   2.71186344e-02,   4.40292209e-02,
          8.93130898e-03,  -6.39479011e-02,  -1.84869319e-02,
         -5.13890199e-02,  -1.48725975e-02,   1.73342191e-02,
          1.52468402e-02,  -5.80107830e-02,   1.03177084e-02,
         -8.25947821e-02,   4.97600287e-02,  -2.62006875e-02,
          4.81521804e-03,   6.07300177e-03,   1.34093001e-01,
          4.89320904e-02,   4.78676707e-03],
       [  8.89510196e-03,   2.46967264e-02,   3.17390189e-02,
         -8.45432952e-02,   5.02956547e-02,  -4.77936044e-02,
         -4.66951951e-02,   2.57214735e-04,  -4.93407957e-02,
          1.54481866e-04,   8.98673106e-03,  -2.23531350e-02,
         -1.34602547e-01,  -1.86478763e-04,  -1.98970754e-02,
         -5.73401339e-02,  -4.89229448e-02,  -6.68953955e-02,
          8.66516028e-03,  -2.07626051e-03],
       [  1.07208975e-01,  -7.49908909e-02,   6.14421144e-02,
         -4.61829901e-02,  -2.23556738e-02,  -1.04839362e-01,
          1.77600589e-02,   2.61835549e-02,  -9.72692445e-02,
          3.29863541e-02,   5.73506132e-02,  -5.36897406e-02,
         -5.32868551e-03,   8.58976564e-04,   2.31153257e-02,
         -7.30247749e-03,   6.87450496e-03,   1.69625744e-01,
          2.36138031e-02,  -8.45792815e-02],
       [  1.49836801e-02,  -7.03460071e-03,   6.41054213e-02,
          6.90203682e-02,  -1.68962050e-02,   3.61582115e-02,
         -6.59584403e-02,  -1.45614250e-02,  -4.47360873e-02,
          3.49359177e-02,  -1.93822365e-02,  -4.51479331e-02,
         -4.05312330e-02,   4.03947122e-02,  -3.63067277e-02,
          8.00127164e-03,   3.17301452e-02,  -6.92996532e-02,
         -6.73637390e-02,   5.65833747e-02],
       [ -7.67818093e-02,  -2.17321906e-02,  -2.12805765e-03,
         -2.20610201e-02,   9.15988535e-02,   7.96538144e-02,
         -1.23089507e-01,   9.01533104e-03,  -1.64489970e-02,
         -4.57149111e-02,  -2.78140027e-02,  -2.10365257e-03,
         -3.09526008e-02,  -1.45195378e-02,   6.08844645e-02,
          4.04258110e-02,   3.60736772e-02,   3.99233587e-02,
          2.02646423e-02,   1.03459004e-02],
       [  6.51117601e-03,   5.54132722e-02,  -2.97880527e-02,
         -1.18208878e-01,   8.09903536e-03,  -8.15234929e-02,
          2.61405334e-02,   6.07089847e-02,   5.06462827e-02,
          4.35636677e-02,  -6.58617690e-02,   2.77239885e-02,
         -4.80042957e-02,  -1.22293774e-02,  -2.68709641e-02,
          2.83642169e-02,  -9.51574072e-02,   6.18063882e-02,
          1.67988278e-02,  -6.06966428e-02],
       [  3.31645682e-02,  -5.40586598e-02,  -4.20330465e-02,
         -4.10009399e-02,   2.08973251e-02,  -6.07412718e-02,
         -7.27378239e-04,   6.81746155e-02,  -9.58334748e-03,
         -4.78037633e-02,   9.77937505e-03,   2.93387007e-03,
          1.99234970e-02,  -4.23480272e-02,   1.47233419e-02,
         -3.99790891e-02,   1.45915793e-02,   8.60864669e-03,
         -1.80709343e-02,   3.96447554e-02],
       [  3.55696008e-02,   1.45080104e-01,  -7.38105997e-02,
          2.42541917e-02,   4.40630689e-03,   1.57458810e-04,
         -1.62361637e-01,  -2.88495421e-02,  -1.55387353e-03,
         -2.19408367e-02,   1.47765996e-02,   6.09046109e-02,
         -1.19260557e-01,  -1.07870340e-01,   3.14612351e-02,
          6.23327866e-02,   2.59034000e-02,  -9.78702214e-03,
          4.88078669e-02,   6.90293908e-02],
       [ -4.95220721e-02,  -2.22673826e-03,   8.95838514e-02,
          2.61645652e-02,   2.74608321e-02,  -5.23900092e-02,
         -2.82572843e-02,  -2.20820662e-02,  -2.23168614e-03,
          5.73887788e-02,  -8.53977799e-02,  -2.09580977e-02,
          3.98025326e-02,   4.89902534e-02,   4.59994376e-02,
          9.09731984e-02,  -7.04272166e-02,   1.13368846e-01,
          3.82588431e-03,  -2.62825307e-03],
       [  2.17975751e-02,   2.76925191e-02,  -1.04053495e-02,
         -5.11667095e-02,   2.74674315e-02,  -7.14218244e-03,
          3.95771712e-02,  -4.58822623e-02,  -2.86618876e-03,
         -3.53242159e-02,  -4.74294834e-02,   5.34923980e-03,
         -1.18863187e-03,  -2.93223038e-02,  -3.47493328e-02,
          3.99352238e-02,  -1.06578901e-01,  -8.33869874e-02,
         -1.72990132e-02,   2.27172617e-02],
       [ -9.88471694e-03,  -1.40951881e-02,   3.89056206e-02,
         -2.66234465e-02,   1.70617141e-02,   3.75215076e-02,
          1.13481898e-02,  -3.13227437e-02,   6.41122460e-02,
          3.43183018e-02,   3.19082439e-02,  -8.49744081e-02,
          8.63551497e-02,   7.75830029e-03,  -4.68479954e-02,
          3.86592671e-02,  -7.51742572e-02,  -3.01507898e-02,
         -2.95958091e-02,  -8.30443129e-02],
       [  5.67740239e-02,  -2.92902812e-02,  -2.15952992e-02,
         -1.20935608e-02,  -4.70429659e-02,   4.73412648e-02,
          1.44030556e-01,  -6.18602149e-02,   2.39697401e-03,
          5.96737154e-02,  -6.28363863e-02,  -2.76815938e-03,
         -5.29828295e-02,  -3.84592847e-03,   2.15052441e-02,
          3.87215950e-02,  -7.25968257e-02,  -2.50075497e-02,
          4.74192128e-02,  -2.78396085e-02],
       [  1.55450101e-03,   9.25812870e-03,  -5.14027253e-02,
          4.86250818e-02,   3.12206410e-02,  -2.49920841e-02,
         -1.29869152e-02,   3.32740843e-02,   1.39524313e-02,
          3.11877131e-02,  -1.52299674e-02,  -8.82792939e-03,
         -2.07007397e-02,  -2.54752357e-02,  -5.81327677e-02,
         -5.61790131e-02,  -8.85263924e-03,   5.12795523e-02,
          3.41070374e-03,  -3.39346491e-02],
       [  9.57086459e-02,   2.37279329e-02,  -2.36642081e-02,
         -5.64729199e-02,  -5.22123203e-02,   4.94139502e-03,
         -7.14290962e-02,   6.09545335e-02,  -1.42707424e-02,
          2.01935153e-02,   7.85523877e-02,   1.62870325e-02,
          1.42393094e-02,   2.77829356e-02,   3.00657991e-02,
          1.15122572e-02,   3.49774351e-03,  -1.12395743e-02,
         -1.19108893e-02,   1.84698589e-02],
       [  4.54671122e-02,  -2.96058096e-02,  -7.73650222e-03,
          4.72027771e-02,  -3.35070975e-02,  -3.64568569e-02,
          3.26757766e-02,  -3.34663540e-02,   7.82811735e-03,
          1.05134510e-01,  -2.53741406e-02,   5.96428663e-02,
         -3.05517372e-02,  -4.63344939e-02,   4.87769395e-02,
         -1.22245420e-02,   9.03406821e-04,  -1.64971333e-02,
          8.89605936e-03,   1.17272632e-02],
       [  3.43366116e-02,  -8.04440752e-02,  -8.93107504e-02,
          3.26347649e-02,   4.26660255e-02,  -7.07433969e-02,
         -8.54026526e-03,  -2.97657084e-02,  -1.00199006e-01,
          9.78686363e-02,   8.85131359e-02,  -1.61566064e-02,
          8.26701000e-02,  -6.80034934e-03,   7.74124917e-03,
         -1.26078473e-02,  -7.52675673e-03,   3.19887698e-02,
          6.12490401e-02,  -5.78329228e-02],
       [ -2.13168338e-02,   8.70305598e-02,   6.73874691e-02,
          3.71214449e-02,   8.17518607e-02,  -3.77644897e-02,
          3.40164565e-02,   4.59009578e-04,  -5.11795282e-02,
         -1.04715459e-01,  -8.66825692e-03,  -7.20600486e-02,
         -5.70752323e-02,  -6.29269844e-03,   1.06441136e-03,
         -4.09509689e-02,   5.48515767e-02,   5.19315852e-03,
          4.78527918e-02,   3.45204547e-02],
       [  2.29685642e-02,  -8.16964805e-02,   1.44285904e-02,
          2.18568090e-02,  -5.41639840e-03,  -1.28382100e-02,
         -9.19555780e-04,   4.25295439e-03,  -9.67373773e-02,
          4.04863991e-02,  -5.18837683e-02,  -4.17697355e-02,
         -4.42411862e-02,   2.56711189e-02,  -7.74156302e-03,
         -8.77953321e-02,   1.72943796e-03,  -7.86014795e-02,
         -1.42289354e-02,  -5.73290372e-03],
       [ -6.04256950e-02,   4.69178520e-02,   5.36446832e-03,
          9.63946432e-03,  -2.58547440e-03,  -1.71726495e-02,
          1.01830214e-02,  -8.45991597e-02,  -4.59061824e-02,
          1.10274926e-02,  -1.63039751e-02,  -5.31227440e-02,
         -5.16932569e-02,   5.40471263e-02,  -3.69464792e-02,
          1.55519629e-02,  -1.45835774e-02,  -4.78133969e-02,
         -2.16172393e-02,  -6.09976612e-02],
       [ -3.48356552e-02,   1.63857788e-02,   9.35471207e-02,
          1.76395457e-02,   3.32157128e-02,  -1.31757958e-02,
          7.15491772e-02,   9.25687104e-02,  -2.02978011e-02,
         -4.29387391e-02,  -1.02082603e-02,   6.67487085e-02,
         -2.07393747e-02,  -1.04881348e-02,  -1.36583531e-02,
          1.85549085e-03,   2.17910483e-02,  -3.75595726e-02,
          1.20474488e-01,  -1.11979306e-01],
       [ -2.77894977e-02,  -5.60196443e-03,   1.68302264e-02,
         -1.18580591e-02,  -6.02402017e-02,   5.01674972e-02,
          2.05867048e-02,   4.18222770e-02,   2.63185725e-02,
          3.87584120e-02,  -9.50494260e-02,   4.84429635e-02,
         -6.95636719e-02,  -5.56576438e-03,  -3.75800468e-02,
         -8.28433037e-02,   3.74988392e-02,   5.94268851e-02,
         -2.78199296e-02,   2.64454000e-02],
       [ -3.85266356e-02,  -2.11383607e-02,  -5.82224056e-02,
          6.98876381e-03,  -9.01979879e-02,  -8.71864671e-04,
         -1.72634274e-02,  -7.33828358e-03,   3.63343884e-03,
          6.99062571e-02,   1.47884358e-02,  -1.11295069e-02,
          1.10325925e-02,  -1.09586552e-01,  -2.98537631e-02,
          4.05468270e-02,   1.12737447e-01,   2.69259512e-02,
         -5.06044626e-02,  -1.35034502e-01],
       [  9.87708196e-03,  -7.55501166e-02,  -5.52668124e-02,
          3.24272178e-02,  -5.20536900e-02,   3.77621092e-02,
         -8.55771452e-02,  -2.02327389e-02,   3.07611879e-02,
         -9.25277919e-02,  -4.07693684e-02,  -3.10453437e-02,
          3.86898243e-03,  -5.02262078e-02,   4.96509001e-02,
         -9.66345891e-02,   5.39562330e-02,   2.73112152e-02,
         -2.33529415e-02,  -3.07761189e-02],
       [  6.50883093e-02,  -5.90226874e-02,  -1.02287410e-02,
         -5.19276410e-02,  -5.66105805e-02,   5.69968810e-03,
         -7.06659071e-03,  -1.47124231e-02,  -7.27708265e-02,
         -6.93867877e-02,   8.86556506e-02,   5.10808863e-02,
          6.95222914e-02,   3.78111079e-02,  -2.61372086e-02,
          5.95550016e-02,  -1.74570903e-02,   4.51118946e-02,
         -1.25872821e-01,   5.55352867e-02],
       [  1.67237874e-02,  -4.88939323e-02,  -7.12508187e-02,
          5.58608249e-02,  -6.20715506e-02,  -2.57024658e-03,
         -2.45607062e-03,  -1.41596841e-02,   3.81401964e-02,
          5.43263070e-02,   1.59311406e-02,   3.65332305e-03,
         -3.48040136e-03,  -4.67900001e-02,   6.90656081e-02,
          2.07237452e-02,   5.49965575e-02,   5.22520542e-02,
          3.11951007e-04,   4.89078462e-02],
       [ -3.25975120e-02,   3.51088345e-02,   4.72594649e-02,
          3.57372724e-02,   3.06539815e-02,  -3.44074965e-02,
          2.78871655e-02,   3.82612422e-02,   2.27350257e-02,
         -1.45823229e-02,  -3.88463028e-02,  -5.30746356e-02,
          5.60653862e-03,  -9.86259617e-03,   5.41866943e-02,
         -6.98481947e-02,  -4.81442176e-02,   5.73828071e-02,
         -5.80963530e-02,   3.71241085e-02],
       [  7.27099255e-02,   5.16535081e-02,   1.15842810e-02,
         -1.65305601e-03,  -2.47983765e-02,   1.12439357e-02,
          3.28997038e-02,   2.77385525e-02,   1.34761203e-02,
         -3.53048146e-02,   4.92067710e-02,   6.68201074e-02,
          5.01895025e-02,  -4.57189716e-02,   8.69573653e-03,
         -1.31904678e-02,  -7.61974370e-03,  -4.36012521e-02,
         -3.69615853e-02,  -2.86982823e-02],
       [  4.42142636e-02,  -3.50635275e-02,   1.99199710e-02,
         -8.99493024e-02,  -1.94746591e-02,   4.03152481e-02,
         -5.08906972e-03,   3.11329793e-02,   4.51223515e-02,
         -5.90921938e-02,   1.89580247e-02,  -6.75991457e-03,
         -1.22137908e-02,   1.32172015e-02,   1.70295336e-03,
         -3.28020789e-02,   3.64489220e-02,  -2.75534932e-02,
         -1.82278808e-02,   3.68949138e-02],
       [ -6.33907169e-02,   1.62074789e-01,   9.77256745e-02,
         -1.07424594e-02,   3.71249355e-02,   4.37840410e-02,
         -1.02340013e-01,  -2.53609405e-03,   4.58923168e-02,
         -7.32570663e-02,   4.37196381e-02,   2.74864044e-02,
         -7.09454268e-02,   7.81682506e-02,  -7.30272159e-02,
         -2.34098658e-02,  -1.37339672e-02,  -7.57938847e-02,
         -6.50384277e-02,  -1.49491653e-01],
       [ -4.86133397e-02,   4.82057668e-02,   3.96748492e-03,
         -1.12990467e-02,   9.33376849e-02,  -1.93800218e-03,
         -1.04012452e-01,   1.45065477e-02,   1.30466688e-02,
         -7.89877120e-03,  -4.37739119e-02,   4.13315073e-02,
         -2.18963772e-02,  -2.30907276e-03,   2.74207443e-02,
          1.11729227e-01,   3.53941135e-02,  -5.29881939e-03,
          6.65112212e-02,  -1.06171057e-01],
       [  1.58751868e-02,   1.94183155e-03,  -1.90887470e-02,
          2.69954205e-02,  -6.31446391e-02,  -5.86466864e-02,
         -5.17702056e-03,   1.82074122e-02,  -1.65401231e-02,
          6.12356253e-02,  -1.03988118e-01,  -1.17641706e-02,
         -8.38130806e-03,  -1.53733697e-02,  -6.58245292e-03,
          2.10906919e-02,  -7.16204718e-02,  -7.84015656e-02,
          3.51160318e-02,   2.64129862e-02],
       [  4.50371206e-02,  -3.72185707e-02,  -5.38848154e-02,
         -1.22102420e-03,   3.66442627e-03,   2.45344583e-02,
         -4.93830666e-02,  -4.21919748e-02,   3.94304842e-02,
          2.16781665e-02,   5.12294546e-02,  -1.04826409e-02,
         -3.64089236e-02,  -1.69520248e-02,   5.38818650e-02,
          4.98390011e-02,   1.03392743e-01,   3.17602046e-02,
         -1.59514342e-02,  -2.34438721e-02],
       [ -8.72873701e-03,   1.56045973e-03,   6.25814646e-02,
          8.59065726e-02,  -3.63580883e-03,  -7.72434566e-03,
          1.25515029e-01,   6.89994823e-03,  -1.63189077e-03,
         -5.44289351e-02,   3.90480123e-02,   3.05815996e-03,
          1.74538326e-02,   3.07687446e-02,   9.27783176e-02,
          8.94446820e-02,   3.95376943e-02,   5.74451685e-02,
          2.12950166e-03,   9.67065394e-02],
       [ -3.90771776e-02,   2.76198406e-02,   1.96074061e-02,
          7.38424882e-02,  -4.59611006e-02,   1.06489986e-01,
          3.47208753e-02,   3.89967114e-02,  -3.14009115e-02,
          6.53251493e-03,   5.11400541e-03,  -8.55699852e-02,
         -1.23462297e-01,   3.87423038e-02,   5.95424883e-02,
          3.72267328e-02,   1.31682772e-02,   3.55659090e-02,
          2.21032985e-02,  -4.53664176e-02],
       [  3.70698497e-02,  -1.68811530e-02,   1.18846945e-01,
          9.42187011e-03,   8.45089778e-02,   6.64554760e-02,
         -5.33776470e-02,   6.27631380e-04,   1.52666360e-01,
         -4.01973203e-02,  -1.44949853e-01,  -6.00600839e-02,
         -5.58049185e-03,   9.83637385e-03,  -3.42052942e-03,
         -5.80621101e-02,   1.10142017e-02,  -6.35448052e-03,
         -1.41790053e-02,   1.08038142e-01],
       [  4.96085268e-03,   2.08705440e-02,   9.76349413e-02,
          3.03494534e-03,   1.71201304e-02,   3.78804356e-02,
          1.89515483e-02,   2.36129966e-02,  -2.67817993e-02,
          2.84006130e-02,   3.39793187e-04,   2.86768079e-02,
          8.09078217e-02,  -1.24806678e-02,   3.79092619e-02,
          3.72990803e-03,   3.46755274e-02,   3.17404792e-02,
          4.82174307e-02,  -4.74801585e-02],
       [  5.38855717e-02,  -2.30996348e-02,  -4.20298949e-02,
         -1.47367846e-02,   2.10043658e-02,  -9.71661955e-02,
          6.43542930e-02,  -1.11714220e-02,  -6.58656529e-04,
          1.98263116e-02,  -5.54895215e-02,  -3.10149118e-02,
         -6.06918372e-02,  -5.78060597e-02,  -5.38911074e-02,
         -9.46339145e-02,  -8.20117593e-02,  -2.30650678e-02,
         -6.82468042e-02,  -9.44566261e-03],
       [ -8.22490919e-03,  -9.21957102e-03,  -4.55884077e-02,
          2.11705978e-04,   5.31144859e-03,  -2.39298083e-02,
         -5.30229397e-02,  -6.10231943e-02,   2.31352206e-02,
         -4.10736613e-02,   4.87921610e-02,  -1.89879891e-02,
          4.58756313e-02,   5.12102433e-02,  -5.39365523e-02,
          1.29540283e-02,  -4.15907503e-04,  -7.81688914e-02,
         -9.46732517e-03,   1.26783177e-01],
       [  2.58840024e-02,   4.64095064e-02,  -4.66326158e-03,
          2.95404233e-02,  -7.73676336e-02,  -4.95072315e-03,
         -7.96174109e-02,  -4.88967523e-02,  -7.17329159e-02,
         -2.76481640e-02,   8.80666263e-03,   1.23634838e-01,
          1.68950781e-02,   1.12167709e-02,   3.50856669e-02,
          4.11421172e-02,   6.17322475e-02,   3.57620344e-02,
          2.06015799e-02,   1.03358991e-01],
       [  2.12575123e-02,  -2.57668626e-02,  -1.25615094e-02,
          2.37684995e-02,  -9.97991487e-02,   2.12448984e-02,
         -4.75556105e-02,  -4.02218588e-02,   6.85438216e-02,
          6.32214546e-03,  -3.65971066e-02,  -5.53890020e-02,
          3.21953632e-02,   2.08528079e-02,   2.24567950e-03,
         -3.76940221e-02,  -6.00837022e-02,   5.35392165e-02,
          6.25435486e-02,  -2.27521081e-02],
       [ -2.39947792e-02,  -1.89491119e-02,   3.74239832e-02,
         -1.93134788e-02,  -2.95263100e-02,  -8.61459076e-02,
         -8.71972740e-03,   5.20212688e-02,   1.90169532e-02,
          6.05674312e-02,  -9.06616375e-02,  -8.54007304e-02,
         -5.81302680e-04,   5.08360378e-02,  -7.96900503e-03,
          2.04341300e-02,  -3.47864367e-02,  -3.39175537e-02,
         -6.77161058e-03,  -4.98273857e-02],
       [  4.66289334e-02,  -7.82371033e-03,   2.62548914e-04,
          4.38658223e-02,   8.88368487e-03,  -1.06766112e-02,
         -8.50789994e-03,   8.98692086e-02,   5.34406640e-02,
          7.12808222e-02,  -3.53194843e-03,  -8.77071917e-02,
         -6.80037960e-03,   8.08737800e-02,  -3.13295121e-03,
         -2.66977884e-02,  -1.07436031e-02,  -3.64285596e-02,
          2.41202619e-02,  -1.46309286e-03],
       [  7.49197090e-03,  -7.79738873e-02,  -1.58863172e-01,
         -8.16279650e-03,  -2.91609783e-02,   1.01681426e-02,
          3.54186855e-02,   6.70669507e-03,  -2.45209336e-02,
         -2.03691963e-02,   7.73862982e-03,   1.02199358e-03,
         -3.50946561e-03,  -3.98507193e-02,   6.86840490e-02,
          6.93015531e-02,  -1.73893292e-02,   6.02300186e-03,
          5.61868660e-02,   6.24430832e-03],
       [ -1.09252594e-01,  -6.15587570e-02,   1.50428694e-02,
         -5.94709627e-03,   6.92118192e-03,  -4.78829369e-02,
         -2.44343560e-02,   1.60039011e-02,   9.10303462e-03,
         -2.97987834e-02,  -5.67041077e-02,   9.96187553e-02,
          4.84363809e-02,   7.94871300e-02,   7.82324448e-02,
          9.96779650e-02,   8.40688720e-02,  -5.35730757e-02,
          3.49743408e-03,  -2.21241172e-03],
       [  3.06310458e-03,  -4.27555591e-02,  -8.06132052e-03,
         -4.21397910e-02,   2.39427341e-03,  -1.63132709e-03,
         -9.05665085e-02,  -1.72495022e-02,   8.34552646e-02,
         -5.49325421e-02,   7.09251165e-02,   1.40489079e-02,
         -6.29138388e-03,   2.26216428e-02,   4.50735576e-02,
          1.99058540e-02,  -4.27146442e-03,   3.40908132e-02,
          4.95956913e-02,   3.60524356e-02],
       [ -3.30241583e-03,   4.00570147e-02,   1.37836579e-03,
          2.85793040e-02,  -3.07852086e-02,  -3.52796167e-02,
          4.87858206e-02,   1.11834005e-01,   3.35283689e-02,
         -3.35826762e-02,   5.94631173e-02,  -3.14734317e-02,
         -4.87251915e-02,  -7.75683718e-03,   5.86517341e-03,
          1.38206771e-02,   7.74542093e-02,  -4.17664461e-02,
          4.29755496e-03,   3.48895974e-02],
       [  1.24743646e-02,  -2.50440575e-02,  -5.26675507e-02,
          8.20902437e-02,  -2.28301864e-02,   9.59611088e-02,
          9.50329900e-02,   4.70251851e-02,   1.61401480e-02,
          3.47789526e-02,  -1.00963609e-02,   6.08735755e-02,
         -8.37836638e-02,  -1.42036742e-02,   2.71296129e-02,
         -2.48137070e-03,  -1.44057665e-02,  -3.66358943e-02,
         -3.82605232e-02,  -4.35518101e-02]], dtype=float32), array([ -7.57255941e-04,  -7.11177418e-04,   3.55500888e-05,
         5.51235862e-04,  -1.36348477e-03,  -9.47179506e-04,
        -9.60305275e-04,  -9.82708996e-04,   1.08958397e-03,
        -1.22739002e-03,  -1.39966898e-03,  -2.85548849e-05,
        -1.29786565e-03,   7.58104899e-04,  -1.05568836e-03,
         1.04702811e-03,  -9.33648407e-05,   5.88516938e-04,
         5.28762102e-05,   8.36655090e-04], dtype=float32)][array([[ 0.00795781],
       [ 0.01618525],
       [-0.03926823],
       [-0.07665503],
       [ 0.05359215],
       [ 0.01779787],
       [ 0.02748138],
       [ 0.0224459 ],
       [-0.11147011],
       [ 0.03912627],
       [ 0.05666681],
       [-0.04153574],
       [ 0.04786447],
       [-0.08920105],
       [ 0.02082901],
       [-0.11604401],
       [-0.04243426],
       [-0.0810857 ],
       [-0.0408253 ],
       [-0.09449033]], dtype=float32), array([-0.0613316], dtype=float32)]