[array([[ 0.04558599,  0.02916854, -0.03863643, -0.02178447,  0.01360051,
         0.02262459, -0.05559972,  0.03528621,  0.02555929, -0.02381463,
        -0.08128596,  0.04840151,  0.00546946,  0.09473816,  0.06009128,
         0.09230059,  0.06923582,  0.05782433,  0.03648445,  0.01639384,
        -0.02817021,  0.06103924, -0.028356  , -0.06589097, -0.00338067,
         0.01719208, -0.02995231, -0.00280425, -0.02564234, -0.11375536,
        -0.06146771, -0.00528315, -0.05460743, -0.02852585,  0.07585159,
         0.00680544, -0.04854647, -0.05233889, -0.09059257,  0.02527792,
        -0.02398681, -0.01836276,  0.03741544, -0.00261692, -0.02126237,
        -0.00527897,  0.06137113,  0.06568072, -0.02995492,  0.04825774],
       [-0.02449121, -0.01135031,  0.01157727,  0.01526169,  0.00595031,
        -0.0646605 , -0.01994957,  0.03486641, -0.03857943, -0.03107455,
         0.0112113 , -0.15155935, -0.00602118, -0.0170274 , -0.01030096,
         0.0794977 , -0.01393347,  0.06180579,  0.01230214,  0.01124371,
         0.02888685, -0.10826972,  0.05822989,  0.04818432, -0.00564687,
         0.01682597, -0.01035427, -0.02933448,  0.00290719, -0.03250982,
        -0.04238239,  0.06926093,  0.07734566,  0.13163263,  0.06674624,
         0.05737345,  0.00734841,  0.02313222,  0.03726678, -0.03399705,
         0.03930272,  0.00034302, -0.09163227, -0.12361946,  0.0171082 ,
         0.03457584,  0.02049248,  0.02643606,  0.03307754, -0.04050455],
       [ 0.07956827, -0.06606868,  0.04602806,  0.00583088,  0.05093745,
        -0.03250392, -0.02766801, -0.03474687,  0.00406791, -0.00601514,
         0.03410539, -0.09972715,  0.0065874 , -0.04301526,  0.00457232,
         0.04906254,  0.04814336, -0.0504812 ,  0.04572581,  0.10764471,
         0.03203463, -0.0674511 , -0.05505485,  0.03370916, -0.01013566,
         0.11622632,  0.07013045, -0.02608794, -0.00772113, -0.00771113,
        -0.07967974, -0.06878617, -0.03251859, -0.05481544,  0.02773067,
        -0.00910189, -0.05617651, -0.01827274, -0.03625933, -0.01394401,
         0.07532408,  0.01161532,  0.00455568, -0.05289188, -0.08058106,
        -0.00317079,  0.02874991,  0.03020009,  0.0365561 , -0.0196799 ],
       [ 0.01678034,  0.0597804 , -0.00131869, -0.00043334, -0.07346743,
        -0.07094263,  0.0415079 , -0.012913  , -0.04752578,  0.01740159,
         0.08166274,  0.01245115,  0.03910444,  0.0193938 , -0.00380372,
        -0.08386233, -0.00840909, -0.00871373,  0.05086739,  0.09641258,
         0.04231725, -0.01961892, -0.0533309 ,  0.0220749 ,  0.11446445,
        -0.07926659,  0.06729063, -0.02146348,  0.01270962, -0.04909366,
         0.04966117,  0.01456109,  0.01732059,  0.08682004,  0.01999876,
        -0.04160396, -0.07852328,  0.09168635,  0.0258105 ,  0.00169657,
         0.01709583, -0.08992093, -0.03657351,  0.01157845,  0.02102174,
        -0.00556838,  0.09740037,  0.10306618,  0.07440087,  0.11835027]], dtype=float32), array([ -2.37241693e-05,   2.01855219e-05,   1.56498572e-05,
        -5.82995426e-06,   1.55653925e-05,  -2.10881535e-05,
         7.36481597e-05,  -3.93093796e-05,   1.17880909e-05,
         1.46781231e-05,  -1.80192201e-05,  -9.41625840e-05,
        -6.37442718e-05,  -1.38404994e-05,  -4.36178379e-05,
         5.00719470e-05,   7.22758850e-05,  -7.64275774e-06,
        -1.81500982e-05,   6.70002373e-06,   5.26009353e-05,
        -5.12838506e-06,  -2.93332832e-05,  -6.80799203e-05,
         7.24511192e-05,   4.06558647e-05,  -7.13344198e-05,
         4.58966279e-05,  -8.33084850e-05,  -3.85980384e-05,
         3.14083354e-06,  -6.26815017e-05,   2.92661025e-06,
         8.26079122e-05,  -3.39096950e-05,   3.84030573e-05,
         3.71432834e-05,   3.59753358e-05,   1.51238637e-05,
        -3.35437908e-05,  -7.26645740e-05,  -2.85570932e-05,
        -2.07396279e-05,   1.91681174e-05,  -6.16680627e-05,
        -1.60714571e-05,  -7.69133203e-06,   7.76341258e-05,
        -2.99112144e-05,  -1.33198082e-05], dtype=float32)][array([[ -2.69038957e-02,   3.93089093e-02,   2.85639111e-02,
         -2.75559276e-02,   1.09852012e-02,  -3.41162421e-02,
         -9.91752967e-02,  -4.08537127e-02,   1.17998710e-02,
         -2.62792897e-03,   1.12494670e-01,  -7.24957287e-02,
          3.79874818e-02,   4.22416143e-02,   3.37632969e-02,
          1.31678153e-02,  -2.50522979e-02,  -6.60346299e-02,
         -9.82915051e-04,  -2.97332625e-03],
       [  4.67779264e-02,  -3.67237926e-02,   5.89868091e-02,
         -7.70412013e-02,   1.66764501e-02,   1.34461168e-02,
         -4.18929830e-02,  -5.07882377e-03,  -8.00588634e-03,
         -7.36960098e-02,   4.18758020e-02,   3.41270193e-02,
         -1.56249572e-03,  -4.62122038e-02,  -7.16196513e-03,
          2.51399241e-02,  -4.82609943e-02,  -1.29925236e-02,
         -1.98400579e-02,   2.11583134e-02],
       [ -5.66651374e-02,  -1.20107041e-04,   1.05274901e-01,
         -6.38920814e-02,  -2.08811974e-03,   3.69643196e-02,
         -7.71640986e-02,  -3.58366594e-02,  -2.01343577e-02,
          3.35734710e-02,  -3.23562920e-02,   8.58452320e-02,
          2.28057131e-02,  -4.82005216e-02,   4.16768938e-02,
         -5.50446548e-02,   4.06060703e-02,  -2.92138178e-02,
          7.08557069e-02,   2.70549990e-02],
       [ -5.64062558e-02,  -6.05138205e-03,  -4.73244973e-02,
         -3.88958938e-02,   2.57737323e-04,  -1.73308440e-02,
         -5.50966337e-02,  -7.62840360e-02,  -6.57584378e-03,
         -1.33929074e-01,  -6.69201389e-02,   3.54160964e-02,
         -7.63249071e-03,   9.16103199e-02,   1.34169273e-02,
          3.15769315e-02,  -4.21431102e-02,  -5.38013456e-03,
          2.36917287e-02,   7.92373717e-02],
       [ -2.80866418e-02,  -4.48823087e-02,   2.95233633e-02,
          2.53156982e-02,   4.95978929e-02,  -1.61502957e-02,
         -2.84684915e-02,  -3.34814414e-02,   5.93436286e-02,
         -4.61328123e-03,  -3.16319726e-02,  -7.38490969e-02,
         -1.62417546e-03,   4.17982824e-02,   4.09347713e-02,
          6.51014969e-03,  -3.31929303e-03,  -7.28330901e-03,
         -2.58946195e-02,  -4.02415246e-02],
       [  2.30384432e-02,   2.98762787e-02,  -4.34033833e-02,
         -7.85503015e-02,  -7.03043640e-02,  -4.73264977e-02,
         -1.19718686e-02,  -3.11150812e-02,  -8.28861259e-03,
          9.51294601e-03,   7.22811893e-02,   5.74522018e-02,
          1.48433214e-02,   7.63543881e-03,  -3.75880450e-02,
         -1.82068124e-02,  -1.98853184e-02,  -3.35594155e-02,
         -5.47775067e-02,  -4.79520671e-02],
       [ -1.03864977e-02,  -4.40433770e-02,   3.95295843e-02,
          4.82775308e-02,   2.70225275e-02,   5.71970418e-02,
          3.67612541e-02,   4.24365420e-03,  -1.79692414e-02,
         -2.40277667e-02,  -4.39123213e-02,   3.95598821e-02,
         -7.59647265e-02,  -4.14273776e-02,  -6.25038370e-02,
         -3.17481235e-02,   5.14925923e-03,  -2.15073247e-02,
          8.85428581e-03,  -4.45752926e-02],
       [ -6.44200947e-03,  -1.09905854e-01,  -9.10006091e-03,
         -5.40364981e-02,  -9.90948454e-02,  -6.75165504e-02,
         -9.37552601e-02,  -5.03707863e-03,  -2.59515848e-02,
          2.37734299e-02,  -3.85838412e-02,  -3.36162820e-02,
          8.36848840e-02,  -5.86559214e-02,   8.33324492e-02,
         -1.88896637e-02,   5.80776483e-02,   2.83268765e-02,
         -1.35192201e-02,  -6.13917448e-02],
       [  4.74568978e-02,  -1.38767725e-02,   5.38188703e-02,
          2.49515940e-03,   7.97353126e-03,   8.48339722e-02,
          5.97831653e-03,  -6.70276582e-02,   6.40678182e-02,
          3.42027098e-02,   1.00792795e-02,  -3.91769828e-03,
         -4.02428843e-02,  -3.06193531e-03,  -7.70710874e-03,
          6.46343967e-03,   3.08298301e-02,  -2.01016050e-02,
         -1.13825845e-02,  -4.95613739e-02],
       [  6.74599931e-02,   8.48312583e-03,   1.14275962e-01,
          4.22393642e-02,   7.12735299e-03,   4.77540307e-02,
          1.62456855e-02,  -6.76225722e-02,   3.84603404e-02,
          2.15153443e-03,  -2.62274500e-03,   1.32699803e-01,
          6.40607327e-02,  -5.86475432e-02,  -1.74880568e-02,
         -3.40764299e-02,  -1.26303146e-02,  -8.46977457e-02,
          5.34328818e-02,  -1.54541954e-02],
       [  3.29604410e-02,  -1.94404125e-02,  -7.02891797e-02,
          3.81173603e-02,   6.54133558e-02,   1.01729527e-01,
          3.62667814e-02,  -2.04157270e-02,   1.32571366e-02,
          7.98112713e-03,  -4.03351121e-04,   7.14593232e-02,
         -3.78140733e-02,   4.08401713e-02,  -1.24867158e-02,
          7.11516142e-02,   5.56461699e-02,  -3.00781298e-02,
         -1.78224165e-02,  -6.30999953e-02],
       [  8.69552568e-02,  -4.19858396e-02,  -3.75238694e-02,
          4.93335016e-02,  -3.25154737e-02,   4.46251072e-02,
         -1.08444810e-01,  -4.75638174e-02,  -2.72337981e-02,
          8.95550400e-02,  -1.75831355e-02,  -6.65942654e-02,
          3.19546610e-02,  -4.66739610e-02,   2.92036179e-02,
          2.12592520e-02,   5.20071089e-02,   3.29856649e-02,
         -5.82386088e-03,  -6.55090511e-02],
       [  1.04665570e-01,   1.86635107e-02,   6.46901429e-02,
         -3.15028615e-02,  -1.88209186e-03,  -8.90431553e-03,
         -3.62621038e-03,   1.60286836e-02,  -8.29970315e-02,
         -5.36816381e-02,   9.67327971e-03,   8.77173319e-02,
          5.11447452e-02,  -6.59814477e-02,   3.76365744e-02,
          5.25367707e-02,   1.44015372e-01,   1.26376143e-02,
         -2.26320140e-03,   6.71737492e-02],
       [ -1.49996104e-02,  -1.12827057e-02,  -1.89204644e-02,
         -5.49488254e-02,   3.15742046e-02,  -6.03492185e-03,
         -2.31147017e-02,  -4.54120571e-03,  -2.68126894e-02,
          2.22976133e-02,   3.40198516e-04,  -3.02108545e-02,
          2.44287606e-02,  -8.14261194e-03,   1.87770277e-03,
          1.42787620e-02,   2.14420613e-02,  -8.68553389e-03,
         -1.76756326e-02,   9.63250082e-03],
       [  4.70733233e-02,  -4.67919782e-02,   2.39423960e-02,
         -1.11410040e-02,  -5.00086173e-02,   5.75025417e-02,
          4.28879932e-02,   1.97949745e-02,  -8.48170221e-02,
         -4.61250804e-02,   1.13478266e-02,  -3.25452760e-02,
          7.45983794e-02,   1.81286596e-02,  -1.51095510e-01,
         -1.52494349e-02,  -3.75654479e-03,   7.48065785e-02,
         -1.90022503e-04,  -9.87378284e-02],
       [  8.46822113e-02,  -4.02844548e-02,   2.73397118e-02,
         -5.81182651e-02,  -5.06415889e-02,   7.88118877e-03,
          7.47845322e-03,   7.12487251e-02,   1.31719075e-02,
          3.61364186e-02,  -2.49413624e-02,  -1.60795152e-02,
         -4.65194657e-02,  -1.06133856e-02,   8.66399184e-02,
         -9.26594064e-03,   1.49369445e-02,  -9.51508339e-03,
         -7.96929523e-02,  -1.27194107e-01],
       [  6.36531785e-02,  -6.72089159e-02,  -1.38883712e-02,
          3.22227702e-02,  -1.43977460e-02,  -5.65403700e-02,
          1.39600446e-03,   3.69840004e-02,  -8.82897750e-02,
         -3.73295061e-02,   3.93722951e-03,   2.32492033e-02,
         -2.16600038e-02,   1.02411117e-02,   7.45334998e-02,
         -3.23419385e-02,  -2.66026333e-02,  -2.40816027e-02,
         -2.66514625e-02,   5.39448634e-02],
       [  4.90585379e-02,   3.52460681e-03,  -3.17182317e-02,
         -3.33269592e-03,   2.24300548e-02,  -5.65624610e-02,
          2.25861128e-02,   2.95519270e-02,   2.58964878e-02,
         -3.60038057e-02,  -4.56547551e-02,   6.67364374e-02,
          2.98775360e-02,  -1.06141027e-02,  -5.66005707e-02,
          1.80450194e-02,  -8.05157423e-02,   1.08513224e-03,
          1.13222882e-01,   3.28366616e-04],
       [ -6.69403002e-03,   8.97507444e-02,  -2.50983201e-02,
         -1.09707925e-03,   1.44474674e-02,   3.71880420e-02,
          2.49482747e-02,  -3.78057621e-02,  -3.33611593e-02,
          1.33523434e-01,   1.55197084e-02,  -6.50633872e-02,
         -1.44251985e-02,  -3.73090133e-02,  -3.88391539e-02,
         -6.37141708e-03,  -2.72527076e-02,  -4.64484468e-02,
         -7.10356757e-02,  -2.00671945e-02],
       [  1.58047512e-01,  -2.18475200e-02,  -9.21371579e-02,
          2.08728760e-02,  -4.89209779e-04,   9.13075544e-03,
         -6.60916939e-02,   9.42752212e-02,  -7.84290135e-02,
          3.15118395e-02,  -9.75258127e-02,   3.91247757e-02,
         -4.49771024e-02,   1.05001733e-01,  -4.82720844e-02,
         -1.07421598e-03,  -1.60363317e-02,   2.04138663e-02,
         -1.02723867e-01,   6.09197095e-02],
       [ -6.81845695e-02,  -7.53925666e-02,  -5.71753494e-02,
         -9.04467106e-02,  -3.50838453e-02,  -1.62621532e-02,
          4.45558876e-03,  -1.42125553e-02,  -1.60547718e-02,
         -2.02233531e-02,  -9.80598032e-02,  -9.07247663e-02,
          4.72910982e-03,  -1.46860559e-03,   6.69612512e-02,
          6.06254302e-03,  -7.57446364e-02,  -9.26986430e-03,
          8.24494064e-02,  -1.91155672e-02],
       [  3.14284349e-03,   7.06624240e-02,  -1.40067898e-02,
          6.30874261e-02,   6.76018149e-02,  -1.90747250e-02,
          8.21017101e-02,  -1.77013706e-02,  -6.32894710e-02,
         -4.50053922e-04,  -1.81272943e-02,   9.69204493e-03,
         -4.56869304e-02,  -2.98440810e-02,  -8.66753906e-02,
          9.61616077e-03,   6.97765648e-02,  -5.56478612e-02,
         -8.23524073e-02,  -4.49932180e-02],
       [ -1.44852838e-02,   9.36093926e-03,   4.41311523e-02,
          1.54640907e-02,   2.65553733e-03,   1.82219464e-02,
         -2.63163373e-02,  -1.71001372e-03,   1.84575021e-02,
          3.76410596e-02,   6.15050942e-02,   4.22544517e-02,
          2.10151225e-02,   2.55841780e-02,   2.07494739e-02,
         -1.21838413e-02,   1.09767966e-01,   6.32031728e-03,
          8.13693181e-02,   1.08908555e-02],
       [  6.33294210e-02,   2.22104527e-02,  -7.70155117e-02,
          2.20899992e-02,   1.10807847e-02,   6.08244613e-02,
          4.29524705e-02,  -3.94628234e-02,   6.91341162e-02,
          4.48524468e-02,   2.29634251e-02,   1.63799920e-03,
         -5.58812506e-02,   2.86674742e-02,  -5.42378426e-02,
          3.49321663e-02,  -4.76189516e-03,   1.07760660e-01,
          2.12240517e-02,   4.06175517e-02],
       [  2.61534541e-03,  -3.59562822e-02,  -5.03824241e-02,
         -4.62171361e-02,  -3.04871071e-02,   4.09428068e-02,
          3.86766084e-02,   3.87616865e-02,   1.46479870e-03,
         -3.96948904e-02,  -2.21394412e-02,   4.82736677e-02,
         -3.84610370e-02,   3.25153582e-03,   3.93093228e-02,
         -7.53040938e-03,  -7.43708238e-02,  -6.94070160e-02,
         -4.32534888e-02,  -6.63728565e-02],
       [ -7.98651129e-02,  -6.47589490e-02,   5.53743504e-02,
          1.59249753e-02,   9.92266983e-02,  -1.13903638e-02,
         -9.15073033e-04,  -6.06666580e-02,  -2.48618815e-02,
         -3.97286043e-02,   3.89525928e-02,  -2.80966703e-03,
         -8.44208375e-02,   1.03297934e-03,  -5.64223453e-02,
         -4.15138341e-02,   6.98036849e-02,   1.70370713e-02,
          1.09422831e-02,  -6.84151277e-02],
       [  1.34104684e-01,   3.73761207e-02,  -1.95217878e-03,
         -8.22914168e-02,  -5.03653400e-02,  -3.42941396e-02,
         -1.05149359e-01,   3.69498320e-02,   2.06514020e-02,
          5.38852774e-02,  -2.20358260e-02,   1.57167111e-02,
          3.93540151e-02,   2.98928898e-02,  -3.69656719e-02,
          6.33688830e-03,  -9.24347714e-02,   5.76122031e-02,
         -5.98767120e-03,  -5.33385389e-03],
       [  2.51202006e-02,  -7.00774863e-02,  -1.38988644e-02,
          1.63269676e-02,  -3.67019065e-02,  -8.61132517e-02,
          1.57123059e-03,   9.88424290e-03,  -1.09366149e-01,
         -6.59408122e-02,  -2.92149037e-02,   3.61357369e-02,
          1.01176901e-02,  -7.49236764e-03,  -1.68373575e-03,
          3.96922156e-02,  -3.79474275e-02,  -2.73793992e-02,
          4.41081356e-03,   4.91183288e-02],
       [  1.08219944e-02,   1.13512948e-02,  -4.17184904e-02,
          1.83319580e-03,  -1.58642493e-02,   2.03265972e-03,
          3.33261602e-02,  -7.23084956e-02,   8.18549097e-03,
          1.45172393e-02,   8.17647018e-03,  -3.59053314e-02,
          4.96369191e-02,   2.63888538e-02,   1.04959488e-01,
         -3.88108827e-02,   9.06173959e-02,   2.44678427e-02,
         -4.33359332e-02,  -9.81797874e-02],
       [  3.98248956e-02,   3.13701369e-02,   5.15398867e-02,
          7.51273893e-03,  -7.00770095e-02,   2.28306241e-02,
         -5.10665700e-02,   7.81081244e-02,  -3.35777886e-02,
          6.25219941e-02,   4.74480391e-02,   4.59449273e-03,
          9.71248299e-02,  -1.73661821e-02,  -8.71819332e-02,
         -7.55158588e-02,  -1.62289347e-02,   2.44036242e-02,
          9.45170224e-02,  -2.29502562e-02],
       [ -2.72317547e-02,   3.80984023e-02,  -1.11248896e-01,
         -1.05143972e-02,  -5.88632561e-02,   1.01771228e-01,
          2.49757841e-02,  -8.42521340e-02,   2.26419680e-02,
          8.22416991e-02,  -7.79196769e-02,  -8.60399157e-02,
         -1.04913563e-01,  -3.10534029e-03,  -3.48145142e-02,
         -1.08698858e-02,  -5.07464781e-02,   3.66700231e-03,
         -2.09044442e-02,  -2.27940232e-02],
       [ -3.39900963e-02,   2.22410653e-02,  -9.27362591e-02,
          9.87413600e-02,   1.63329337e-02,  -6.49231970e-02,
         -7.03523755e-02,   1.24709513e-02,   2.09857970e-02,
          2.05691587e-02,   7.36641064e-02,  -2.44133566e-02,
          6.78554773e-02,  -4.08396646e-02,  -5.20257000e-03,
         -6.52048783e-03,  -4.80349734e-02,  -4.81861793e-02,
         -1.65007971e-02,  -4.67041358e-02],
       [  6.96666073e-03,  -3.48914266e-02,  -6.05043098e-02,
          5.97075522e-02,   2.09431611e-02,   3.28172110e-02,
          1.57572821e-01,  -5.12111466e-03,   4.06097136e-02,
          5.01556955e-02,   1.78289283e-02,  -2.72463653e-02,
         -2.31148172e-02,  -3.34243476e-02,   1.80222560e-02,
         -3.71048823e-02,   5.18764593e-02,   7.99717754e-02,
         -5.45883318e-03,   3.70185971e-02],
       [ -2.98587997e-02,  -5.57192019e-04,   4.94855195e-02,
         -2.06384156e-02,   5.90471104e-02,  -2.52017472e-02,
          1.20263966e-02,   1.14020601e-01,  -3.35015240e-03,
         -3.38874906e-02,   1.06148981e-02,  -4.60526235e-02,
         -6.67602718e-02,   8.24221298e-02,   1.40761495e-01,
         -1.00802742e-02,  -4.15605344e-02,  -2.97410358e-02,
          5.05793728e-02,  -5.00335284e-02],
       [ -5.49201258e-02,  -2.48310529e-03,   1.74602363e-02,
          6.91894768e-03,   3.96638289e-02,   2.24886388e-02,
          4.22042608e-02,  -3.32963988e-02,  -1.32579880e-03,
         -7.35735521e-02,  -2.85253245e-02,  -1.18258232e-02,
          1.39827162e-01,   1.22674163e-02,   4.35448065e-02,
          1.02974296e-01,   2.76946761e-02,  -7.01348782e-02,
         -1.64765324e-02,   3.97149995e-02],
       [ -7.37596303e-03,  -6.52104267e-04,   3.38371955e-02,
         -1.06951214e-01,   1.61950588e-02,   4.36381027e-02,
         -1.71701738e-03,  -2.34942827e-02,  -1.65493432e-02,
          9.53887124e-03,   6.80685882e-03,  -6.36039972e-02,
         -5.52700050e-02,   3.70029062e-02,   8.06741789e-02,
         -9.14758369e-02,  -2.25641280e-02,   4.52167988e-02,
          2.98622735e-02,  -1.89927742e-02],
       [  3.34598906e-02,  -7.09556714e-02,  -2.16199085e-02,
          4.73086014e-02,  -3.64030600e-02,  -3.29252183e-02,
          1.46370530e-02,   7.41728917e-02,   5.06869927e-02,
          3.71398479e-02,   5.74023016e-02,  -1.75258741e-02,
         -1.65597163e-02,   2.79014818e-02,  -4.30629142e-02,
         -3.86119559e-02,   2.73869955e-03,   4.36531268e-02,
         -5.15028983e-02,   5.65190949e-02],
       [  7.57780671e-02,   7.89708942e-02,  -9.34454554e-04,
          5.55308163e-03,  -3.71988229e-02,  -3.02247200e-02,
          1.67278573e-02,  -3.95794287e-02,  -8.24059844e-02,
          7.73624778e-02,   2.44054385e-02,   1.76112056e-02,
         -1.12601198e-01,   4.74429987e-02,   8.12387466e-03,
         -6.16517290e-02,  -1.24960374e-02,  -5.05959243e-02,
          4.01071571e-02,  -4.22626548e-02],
       [  1.18356654e-02,  -3.91471339e-03,  -2.09459960e-02,
          4.04853337e-02,   2.03602780e-02,  -7.90240765e-02,
          3.81537899e-02,   1.69027727e-02,  -1.05874985e-01,
         -1.75199192e-02,  -7.38625899e-02,  -2.23903619e-02,
          1.65306237e-02,   6.62082955e-02,  -4.17726971e-02,
         -3.52762826e-02,   6.49604201e-03,  -7.81916489e-04,
          4.23648022e-02,  -6.05083257e-03],
       [  1.85666252e-02,   2.42195297e-02,  -3.52779292e-02,
         -9.08522829e-02,   1.72452419e-03,   4.36267555e-02,
         -2.66135149e-02,  -3.01462784e-02,   4.40529846e-02,
         -1.64488405e-02,   9.05006900e-02,   4.59569544e-02,
          7.11037666e-02,  -1.17717199e-01,   6.01836704e-02,
         -4.66526896e-02,  -2.70103617e-03,  -6.38561994e-02,
         -7.87354819e-03,   6.78790873e-03],
       [ -2.76319608e-02,   4.37796116e-02,  -4.13722172e-02,
          2.88970452e-02,  -1.00696199e-02,  -5.69706261e-02,
          1.19637046e-02,   1.59739163e-02,   2.03323383e-02,
          2.98748948e-02,  -1.42788831e-02,  -8.48306436e-03,
         -5.61446287e-02,  -2.65476853e-02,   2.20613051e-02,
         -1.79077853e-02,   1.26255164e-02,   1.22009538e-01,
         -4.65146452e-02,  -2.69381907e-02],
       [ -6.83187991e-02,  -3.76272504e-03,  -4.15696949e-02,
          4.77607511e-02,   4.00100499e-02,  -1.42971901e-02,
          4.93846834e-02,  -1.33596230e-02,   8.90887231e-02,
          8.88062045e-02,   1.51537266e-03,   6.64938474e-03,
         -7.39651397e-02,   1.92090943e-02,   3.88336964e-02,
          6.60601258e-02,   1.14392238e-02,   6.81543574e-02,
          5.66364899e-02,  -5.51992059e-02],
       [ -5.44668138e-02,  -8.68857875e-02,  -7.38104712e-03,
          1.07775433e-02,  -4.87497337e-02,  -2.07288493e-03,
          1.73035096e-02,   1.45181371e-02,   3.21951844e-02,
          8.35862570e-03,  -1.48946159e-02,   4.55073752e-02,
          2.25036275e-02,   4.85873446e-02,  -6.53083846e-02,
          3.13076042e-02,   1.55473985e-02,   9.41965505e-02,
          6.18595295e-02,  -1.92724261e-02],
       [ -3.75127122e-02,  -6.31372407e-02,   1.30116949e-02,
          8.53467360e-02,  -4.45629135e-02,  -8.77890096e-04,
         -1.12522505e-01,  -6.07994013e-02,  -7.19875544e-02,
         -1.25416918e-02,  -4.52720150e-02,   2.37006415e-02,
         -2.74572987e-02,   5.23167774e-02,   3.93115804e-02,
         -3.69645581e-02,   1.93861462e-02,   1.25209824e-03,
          1.00050092e-01,   3.07014845e-02],
       [ -3.15535292e-02,   5.32276779e-02,  -2.95924675e-03,
         -1.22851785e-02,   6.39835969e-02,  -2.46947035e-02,
          2.66306512e-02,   2.57736463e-02,  -7.63999522e-02,
          7.08233640e-02,   5.17693497e-02,  -2.31351703e-02,
          6.28060326e-02,   6.76311627e-02,   4.92680669e-02,
          8.55099410e-02,   9.12524760e-03,  -2.32115630e-02,
         -6.36986122e-02,  -9.84632522e-02],
       [ -7.22267553e-02,   5.45923859e-02,  -4.26041409e-02,
         -7.89394379e-02,   1.09510524e-02,  -2.62664910e-03,
         -1.22964755e-02,  -4.25989814e-02,   4.19318080e-02,
          1.54235186e-02,   8.58402636e-04,   2.99538057e-02,
         -4.23381180e-02,  -7.60206021e-03,  -1.19526414e-02,
          2.40524933e-02,   1.52607411e-02,  -1.84037816e-02,
         -1.83409862e-02,   4.57636230e-02],
       [ -2.66599748e-02,   5.28817885e-02,   5.19122258e-02,
          3.85431126e-02,   3.01657226e-02,  -7.45531693e-02,
         -5.75016662e-02,   9.86817703e-02,  -7.67061040e-02,
          1.67693794e-02,   4.72026356e-02,   7.00360164e-02,
         -6.33950979e-02,  -4.16505150e-02,  -2.23782603e-02,
          3.50708067e-02,  -2.64403056e-02,   3.04695591e-03,
         -4.26595397e-02,  -3.98183390e-02],
       [ -1.21150352e-02,  -1.64059680e-02,   8.38601030e-03,
          2.99366564e-02,  -1.19148709e-01,   2.01250091e-02,
          5.63205220e-03,   3.81042734e-02,   2.02123430e-02,
         -2.35125832e-02,  -8.54434259e-03,   5.37931994e-02,
         -8.26100484e-02,  -1.67543143e-02,   1.73609406e-02,
         -3.61191817e-02,   1.19436150e-02,  -5.54968305e-02,
          8.14918652e-02,   6.52166680e-02],
       [  7.54087046e-02,  -2.22405996e-02,  -6.59497157e-02,
          6.63064420e-02,   1.56037519e-02,   1.40568633e-02,
          4.53389995e-02,  -6.13958091e-02,   2.57177111e-02,
         -2.61702947e-02,   4.42043021e-02,  -2.84489598e-02,
         -4.78433706e-02,   1.03941575e-01,   6.41758516e-02,
         -3.33140679e-02,  -2.58246846e-02,   7.04417080e-02,
         -3.85689996e-02,  -4.36463505e-02],
       [  1.04030631e-01,  -5.28600952e-03,   8.66253302e-02,
          3.32300761e-03,   7.89703429e-02,  -2.62809626e-04,
         -4.62482944e-02,  -3.09823379e-02,   1.45022916e-02,
          1.71457091e-03,  -2.07248647e-02,   1.12062013e-02,
         -3.66952526e-03,  -4.13967595e-02,  -3.53001617e-02,
          1.21162031e-02,   2.07208563e-02,  -3.04433852e-02,
         -7.14290841e-03,  -3.81596424e-02]], dtype=float32), array([ -2.65879586e-04,  -1.92302582e-03,   8.91976873e-04,
        -2.70415447e-04,  -1.03758102e-04,   8.86135822e-05,
         9.69260407e-04,   9.12345247e-04,  -1.21758872e-04,
         9.14686243e-05,  -2.19033303e-04,  -1.98391877e-04,
        -1.73157093e-03,   3.68618814e-04,   2.38744033e-05,
        -8.85385554e-04,  -6.83961029e-04,  -2.18838779e-03,
         1.11877067e-04,   7.32185261e-04], dtype=float32)][array([[-0.04150267],
       [ 0.07450455],
       [-0.09042877],
       [-0.0236288 ],
       [-0.03360112],
       [-0.04882269],
       [-0.09514026],
       [-0.09450609],
       [-0.02281218],
       [-0.04796394],
       [-0.02268326],
       [-0.0348769 ],
       [ 0.07427971],
       [-0.06590075],
       [-0.04496107],
       [ 0.01301391],
       [ 0.00542537],
       [ 0.09833279],
       [-0.0447834 ],
       [-0.07917026]], dtype=float32), array([-0.06550013], dtype=float32)]