[array([[  5.45307025e-02,  -8.95101875e-02,  -7.72594139e-02,
          5.56231327e-02,  -6.50042593e-02,  -7.49217495e-02,
          7.99453035e-02,   8.84357244e-02,   6.40006587e-02,
          7.72748217e-02,   1.49162307e-01,   8.05490837e-02,
          7.22574368e-02,   7.31989145e-02,   4.47138064e-02,
          5.29870428e-02,   7.99417719e-02,  -4.82571200e-02,
         -5.87580837e-02,   8.20105523e-02,   7.37446770e-02,
          6.62775487e-02,  -8.40768442e-02,   9.63353589e-02,
         -5.36110140e-02,   8.35075453e-02,   7.59410709e-02,
          6.98523596e-02,  -1.22107696e-02,   8.78899843e-02,
          9.47256312e-02,   5.22587113e-02,   8.14559311e-02,
         -5.97048588e-02,   8.54669660e-02,  -7.34920204e-02,
         -9.53262895e-02,  -6.55430108e-02,   8.81703347e-02,
          2.22510025e-02,   8.32168609e-02,   7.48531148e-02,
         -6.71341345e-02,   7.67495558e-02,  -2.50645149e-02,
         -1.30911976e-01,   7.21295774e-02,   1.00809246e-01,
         -6.75177202e-02,   5.89455590e-02],
       [  9.12952051e-02,  -4.03900035e-02,   3.03672850e-02,
         -3.66237313e-02,  -9.27620567e-04,  -6.27175421e-02,
         -1.12155080e-02,   3.68625149e-02,   2.73150783e-02,
          9.67077562e-04,  -2.29438655e-02,  -8.49155560e-02,
          3.89891714e-02,  -7.18487939e-03,  -3.59870936e-03,
         -4.09766920e-02,  -8.97281393e-02,  -6.77179452e-03,
          2.76530664e-02,   7.17585981e-02,  -8.30275640e-02,
          3.35403718e-02,   5.27396537e-02,   7.53399953e-02,
          8.42788257e-03,   1.11087598e-01,   1.70560014e-02,
          1.85314026e-02,  -1.09728165e-02,   2.64107622e-02,
          8.28477729e-04,  -1.42862186e-01,   6.18341863e-02,
         -1.62604544e-02,   4.21728604e-02,   7.55251497e-02,
          8.11778809e-05,  -5.51632792e-02,   5.40588163e-02,
          9.22341719e-02,   6.96166158e-02,  -4.81036305e-02,
         -6.37494847e-02,   1.17862159e-02,   3.95956077e-03,
          1.51414983e-02,  -3.51581693e-04,   4.28518690e-02,
          8.06811675e-02,   9.15473327e-03],
       [ -2.79287505e-03,   5.27500883e-02,   5.25784977e-02,
          1.93099899e-04,   5.11296047e-03,   1.49751529e-02,
         -3.86051498e-02,   7.89818838e-02,  -9.97705013e-02,
          1.01448894e-01,  -3.49349491e-02,  -3.19524221e-02,
         -6.34824708e-02,  -2.55423579e-02,  -4.84126396e-02,
          9.13526714e-02,   1.74389072e-02,   6.21255208e-03,
         -3.21235992e-02,  -2.20848024e-02,  -6.70410469e-02,
          1.46327177e-02,  -9.33459774e-02,   3.52476574e-02,
         -7.68179819e-02,   3.04973451e-03,   6.75226748e-02,
         -4.60057333e-02,   1.15460064e-02,   1.41040431e-02,
         -8.51713493e-03,  -8.57597068e-02,   5.24542667e-02,
          2.64365021e-02,  -2.41338797e-02,  -3.27066258e-02,
         -8.07569176e-02,   2.25482844e-02,   2.92969756e-02,
         -1.01106623e-02,  -1.07615003e-02,  -7.76932687e-02,
         -3.14272428e-03,   6.04842938e-02,   9.06746928e-03,
          1.01719590e-04,  -5.23232808e-03,  -8.49208795e-03,
          3.04510612e-02,  -1.29789477e-02],
       [  6.81004673e-02,   3.53099331e-02,  -5.29573336e-02,
          8.99726823e-02,   2.17116680e-02,  -3.54592390e-02,
          7.56510999e-03,  -3.71580757e-02,  -6.18305523e-03,
          1.21441744e-01,  -8.55202153e-02,  -1.13288596e-01,
          1.30018285e-02,  -2.80975197e-02,  -1.46984339e-01,
         -1.00240838e-02,  -7.86762685e-02,   1.28792441e-02,
         -7.66386539e-02,   5.07703517e-03,  -1.06454846e-02,
         -3.74224111e-02,  -2.13301443e-02,  -3.40461992e-02,
          6.60223141e-02,  -9.32970941e-02,  -6.25625178e-02,
         -7.21211657e-02,   6.32881150e-02,  -1.44957593e-02,
          4.38549109e-02,   3.17516439e-02,  -1.10949343e-02,
         -2.26976331e-02,   4.86013256e-02,  -2.65218168e-02,
         -5.19820154e-02,   1.43331038e-02,   1.15067117e-01,
         -9.37943980e-02,   6.67390153e-02,   7.38647878e-02,
          8.51948261e-02,   6.04684232e-04,  -6.10223077e-02,
          2.19724998e-02,   6.52066804e-03,   1.71572790e-02,
         -5.09845763e-02,   7.41376542e-04],
       [ -5.97804859e-02,  -5.11338487e-02,   4.20290492e-02,
          1.27027882e-02,  -1.02063000e-01,  -8.39605033e-02,
          4.65231622e-03,  -9.44559127e-02,  -5.64641543e-02,
          1.60161760e-02,   5.20073473e-02,   1.49879903e-02,
          1.86725054e-02,   2.59005558e-02,  -4.88871895e-02,
         -2.08285172e-02,   8.26807134e-03,  -2.42085084e-02,
         -2.42504347e-02,   3.13684456e-02,   1.13480268e-02,
          8.69341120e-02,  -5.64709604e-02,   4.94656265e-02,
         -6.22849818e-03,   4.91944328e-02,  -2.80940216e-02,
          2.90789418e-02,   2.20476501e-02,   4.40548286e-02,
         -5.49834557e-02,  -7.96261802e-02,  -2.36786697e-02,
         -7.01383746e-04,  -9.85298306e-03,  -7.11741373e-02,
         -5.04341722e-02,   1.60948075e-02,   1.61511712e-02,
         -3.76041904e-02,   8.42728838e-02,   4.85306308e-02,
          2.01559514e-02,   2.12268401e-02,   9.26082358e-02,
          3.46701890e-02,   2.19274741e-02,  -4.89774160e-02,
         -1.64610911e-02,   6.32041134e-04],
       [  3.74943726e-02,   7.25287944e-03,   7.51237497e-02,
          7.86972269e-02,  -1.00167632e-01,  -7.12915212e-02,
          1.16944328e-01,   5.39780371e-02,  -4.57041636e-02,
          1.89446416e-02,  -7.94972852e-02,  -3.78493629e-02,
         -5.23624718e-02,  -8.44787732e-02,   1.56078618e-02,
         -3.06402724e-02,  -4.96789953e-03,   1.19250892e-02,
          1.01266624e-02,   6.94292411e-02,   6.11164384e-02,
         -1.04795573e-02,   3.16427909e-02,   5.51746786e-02,
         -1.84308346e-02,  -1.51605969e-02,  -3.31870764e-02,
         -3.96259315e-02,   7.57834362e-03,   1.00353798e-02,
         -7.13561568e-03,  -1.22292139e-01,   5.70679605e-02,
          2.64222845e-02,   3.72143500e-02,   1.04287853e-02,
          3.35957892e-02,  -9.80684441e-03,   1.25381965e-02,
          4.41541299e-02,  -6.07067309e-02,  -5.88984508e-03,
          1.23839699e-01,  -4.02136371e-02,   7.35740140e-02,
         -7.24397693e-03,  -5.84653132e-02,  -2.57419385e-02,
         -4.09215875e-02,  -9.33012366e-03],
       [  8.37365463e-02,   5.49332201e-02,   1.01908803e-01,
          3.26905362e-02,   9.42629278e-02,   4.62670363e-02,
          2.55135745e-02,  -5.34316115e-02,  -1.94121357e-02,
         -6.58158166e-03,   6.42054423e-04,  -5.26469126e-02,
         -9.93158389e-03,  -6.89661577e-02,   1.69088338e-02,
         -1.68145429e-02,  -5.83854429e-02,   3.71373259e-02,
         -2.55047763e-03,   3.58683057e-02,   3.14667523e-02,
         -4.41347882e-02,   5.82154095e-02,  -9.74492356e-03,
          3.50647643e-02,  -8.61317094e-04,   1.49153024e-01,
         -2.21928507e-02,   1.21881906e-02,   7.96109661e-02,
          3.97252999e-02,  -2.83456929e-02,  -6.42861286e-03,
         -9.28172190e-03,   6.32776618e-02,   4.86317836e-02,
          2.90643219e-02,   1.03948370e-01,   1.07637696e-01,
         -7.10978964e-03,   2.99305059e-02,   2.02580001e-02,
          7.50716254e-02,  -2.82530077e-02,   2.86895502e-03,
          8.37462395e-02,   4.64959405e-02,   3.44757326e-02,
         -3.86642367e-02,  -6.02282165e-03],
       [ -9.29383468e-03,   1.14755094e-01,  -6.54980540e-02,
          1.02741299e-02,  -9.98732448e-03,   1.74456183e-02,
         -4.07409444e-02,  -4.86732163e-02,  -9.00436193e-03,
          4.50207759e-03,  -4.96129245e-02,  -6.94323564e-03,
         -5.64154163e-02,  -6.00289404e-02,  -9.83778909e-02,
         -7.84257799e-02,  -1.63729060e-02,   5.90543412e-02,
         -6.87963739e-02,  -1.61618181e-03,   1.31635321e-02,
         -1.74375370e-01,   3.01390626e-02,  -3.90741266e-02,
          9.79632661e-02,  -1.04658946e-01,  -3.48785073e-02,
          4.05363329e-02,   4.84443195e-02,  -4.23704274e-02,
          5.80533817e-02,  -7.98717514e-02,   4.47513908e-02,
          8.05377588e-02,  -2.40248684e-02,  -3.54202290e-04,
          5.88270128e-02,  -3.89845259e-02,  -4.24681939e-02,
         -1.30997403e-02,   4.74684611e-02,   4.42487821e-02,
         -1.05877370e-01,  -3.13839577e-02,  -6.28392845e-02,
         -1.59363933e-02,  -4.82797287e-02,  -3.51301804e-02,
          7.92088285e-02,  -4.04775999e-02]], dtype=float32), array([  2.84426962e-04,  -1.17974787e-05,  -1.40261720e-04,
         1.89399242e-03,   2.21958529e-04,  -1.60230658e-04,
         3.66761902e-04,   1.89575017e-04,   6.80265366e-04,
         3.82580067e-04,   1.89980756e-06,   3.49667564e-04,
         1.08730502e-03,   9.15148645e-04,   1.45939179e-04,
         8.32524733e-04,   6.86301501e-05,   3.55615739e-05,
        -8.09651043e-04,   7.80064787e-04,   7.22519122e-04,
         1.48714148e-03,   1.41697356e-05,   1.43986385e-04,
        -4.88520949e-04,   6.41179096e-04,   9.89478314e-04,
         1.32326270e-03,  -3.13385302e-04,   5.64768794e-04,
         1.19850163e-04,   1.61244965e-03,   5.73676371e-04,
        -4.01943660e-04,   8.76846912e-07,  -1.62600583e-04,
        -2.96706112e-05,  -6.03914028e-04,   6.30124647e-04,
         9.32961004e-04,   1.66629930e-03,   6.09110342e-04,
        -8.17227876e-04,   1.60913216e-03,  -8.64521498e-05,
        -1.10651081e-06,   1.21752184e-03,   1.06135289e-04,
        -1.35153229e-03,   2.05226219e-03], dtype=float32)][array([[  8.70921835e-02,  -1.26705123e-02,   1.19719826e-01,
          2.35429369e-02,   7.01865628e-02,  -2.06839480e-02,
         -1.30296215e-01,   6.77331463e-02,   6.55070245e-02,
         -3.04890741e-02,  -1.64967943e-02,   9.12645757e-02,
          8.47782101e-03,  -6.47119507e-02,   3.27745043e-02,
          3.24446857e-02,   3.16849770e-03,  -1.70678832e-02,
          3.11234985e-02,  -9.83002037e-03],
       [  1.44710755e-02,  -3.28696556e-02,  -4.55380306e-02,
          1.49710039e-02,   1.68113429e-02,  -5.53702563e-02,
          7.97360912e-02,   1.91772059e-02,   1.00168455e-02,
          4.42089252e-02,   3.09764128e-02,  -1.29881144e-01,
          4.50287312e-02,  -4.90055308e-02,   2.99968310e-02,
          5.63038560e-03,  -5.91907613e-02,   9.54627469e-02,
         -5.90522885e-02,   1.28698135e-02],
       [ -4.91665155e-02,  -2.72612851e-02,  -3.62243503e-02,
         -6.73997868e-03,  -2.57661324e-02,   1.15367174e-02,
         -4.75829244e-02,   5.82992099e-03,  -2.12992206e-02,
         -8.03663861e-03,   1.55518828e-02,  -2.57469378e-02,
         -7.53655359e-02,  -1.07152062e-02,   6.43254668e-02,
          1.67246517e-02,   1.19097754e-02,  -3.77456881e-02,
         -2.61616008e-03,  -1.89535413e-02],
       [  3.66813727e-02,  -2.58545429e-02,   8.71376172e-02,
          4.86250594e-02,   5.58498800e-02,  -9.66707710e-03,
         -9.68919322e-02,   2.37594056e-03,   2.66968738e-02,
          6.85589314e-02,   3.92467827e-02,   6.97247833e-02,
          5.56801297e-02,   4.08223681e-02,   7.95131996e-02,
          1.51238786e-02,   3.74118276e-02,   5.39398268e-02,
          6.36031106e-02,   4.22753915e-02],
       [  3.91521072e-03,  -5.56875728e-02,  -7.70153999e-02,
          3.02547533e-02,   7.38167241e-02,   1.95541922e-02,
         -3.68193835e-02,  -3.05613205e-02,  -1.47433616e-02,
         -1.82167701e-02,   4.88249920e-02,   2.70044580e-02,
          4.34107929e-02,   5.91049008e-02,   7.87150487e-02,
          3.62783931e-02,   3.07496451e-02,   4.86769974e-02,
          8.02045912e-02,  -3.78173701e-02],
       [  6.07474931e-02,   1.43385865e-02,  -3.74651439e-02,
          7.56406877e-03,   6.13134764e-02,  -8.41248222e-03,
         -7.35102268e-03,  -5.38988411e-02,  -8.05353075e-02,
         -5.11670858e-03,   3.16831423e-03,  -1.15942486e-01,
          1.53527949e-02,   8.29483867e-02,  -3.76470275e-02,
         -5.41396216e-02,   3.69056277e-02,   6.46633282e-03,
          8.69631651e-04,  -3.03453789e-03],
       [  1.02223314e-01,   6.20801076e-02,   5.11068031e-02,
          4.81253080e-02,  -6.73179403e-02,   5.18390611e-02,
          7.67206848e-02,   5.36015257e-02,   4.42023464e-02,
          1.51036344e-02,   4.98278849e-02,   8.73950422e-02,
          5.61248586e-02,   1.41151249e-01,   1.15970904e-02,
          1.86498296e-02,   6.08447492e-02,   4.47146855e-02,
          7.15878382e-02,   1.08989790e-01],
       [  1.31301090e-01,   2.03487743e-03,  -2.24704132e-03,
          1.23922534e-01,   5.80524467e-02,   3.94799635e-02,
          1.71357077e-02,   8.15790147e-02,   3.49255204e-02,
          8.18774253e-02,   9.03395191e-02,   7.74282264e-03,
          3.41455154e-02,   7.84725472e-02,   5.48800156e-02,
          8.09189491e-03,   5.30324019e-02,  -2.39270627e-02,
          5.98252825e-02,   3.37471776e-02],
       [ -2.44649854e-02,   1.84382480e-02,   3.59768942e-02,
         -2.74253543e-02,  -7.35187763e-03,   9.12586302e-02,
          1.03912950e-01,   8.09065998e-02,   5.62573224e-02,
          5.99474534e-02,   4.81412001e-03,  -2.06210688e-02,
          2.87462063e-02,  -8.96029174e-03,   1.97239891e-02,
         -1.76456734e-03,   4.39158790e-02,   1.09014489e-01,
          8.63236934e-02,  -1.70585420e-02],
       [  1.25659928e-02,  -4.34387363e-02,   7.01361597e-02,
          3.21696699e-02,   1.37308568e-01,  -1.52071537e-02,
          6.87553957e-02,   6.66187629e-02,   1.00549012e-01,
          5.45474002e-03,   4.48789075e-02,   1.09655276e-01,
         -2.67932331e-03,   4.59115952e-02,   6.27065971e-02,
          5.85504659e-02,  -1.35627454e-02,   8.34569559e-02,
          4.81021740e-02,   9.06666555e-03],
       [  1.44467607e-01,   6.82016462e-02,   7.12244585e-02,
          8.41442123e-02,  -8.33519250e-02,   5.25850011e-03,
          5.72612360e-02,   9.89622716e-03,   6.37175515e-02,
          3.27595770e-02,   1.08494736e-01,   7.61997886e-03,
          7.01239705e-02,  -1.00681074e-01,  -1.57689061e-02,
          2.09705625e-02,  -6.99138939e-02,   3.56075503e-02,
          1.08270667e-01,   9.49711651e-02],
       [  1.37700081e-01,   1.40711695e-01,   6.08454123e-02,
          7.58149996e-02,  -3.34110809e-03,   5.85737936e-02,
         -1.23760989e-02,   5.78837022e-02,   8.05109292e-02,
          9.15182531e-02,   1.41137168e-02,   6.38442114e-02,
          5.84529229e-02,  -1.77797023e-02,   2.38719620e-02,
          1.00749023e-01,   7.91029558e-02,   8.88625085e-02,
          1.23673223e-01,   6.78389566e-03],
       [  5.53748384e-02,   8.47408175e-02,  -1.05498485e-01,
          9.21527669e-02,   4.38275188e-02,   3.49313058e-02,
          3.06502245e-02,   5.00613973e-02,   6.15200102e-02,
          7.77816996e-02,   1.85207073e-02,   6.26194328e-02,
          4.82257307e-02,   6.38164580e-02,  -2.97901612e-02,
          5.52556738e-02,   1.07647106e-01,   1.20516703e-01,
          1.27569977e-02,  -3.68881822e-02],
       [ -6.12079212e-03,   5.92510169e-03,   4.57189158e-02,
          4.57483828e-02,  -4.21682708e-02,   6.89424202e-02,
         -1.82597488e-02,   4.80905250e-02,   1.22929504e-02,
          6.59539774e-02,   9.09711868e-02,   9.44610164e-02,
          7.39363804e-02,   1.01686595e-02,   1.07761346e-01,
          4.37931390e-03,   4.76928912e-02,   8.13965946e-02,
          1.31636322e-01,   3.82657088e-02],
       [ -7.09823966e-02,   1.97395906e-02,   1.11162864e-01,
          1.97254401e-02,   9.66509432e-02,   4.94872890e-02,
          8.34728777e-02,   5.73701672e-02,   1.15117347e-02,
         -9.87795144e-02,  -2.73465607e-02,  -9.60581936e-03,
          1.03769541e-01,   1.69746839e-02,   4.61171195e-03,
          4.02676538e-02,   1.44480150e-02,  -6.45375252e-03,
         -7.43538607e-03,   1.47231622e-02],
       [  4.66919914e-02,   6.39894307e-02,   2.28125956e-02,
          3.94957187e-03,  -4.15188782e-02,   8.49274546e-02,
          1.08048901e-01,   2.68785916e-02,   5.70081770e-02,
          8.11478123e-02,   2.66196728e-02,   6.84766471e-02,
         -2.37561259e-02,  -5.44707663e-02,  -1.57410763e-02,
          1.64545365e-02,   8.51275995e-02,   3.24892737e-02,
          2.23667398e-02,   2.29327404e-03],
       [  1.58251226e-01,   5.84553331e-02,  -5.04337139e-02,
          9.94226858e-02,   5.30604683e-02,   1.60337575e-02,
          1.47311492e-02,   8.35551508e-03,   4.97956723e-02,
         -3.21306512e-02,   7.17530623e-02,   1.19170472e-01,
         -4.69173156e-02,  -3.83889899e-02,   9.06922594e-02,
          4.36442206e-03,   1.96798593e-02,   1.51606379e-02,
         -2.20002364e-02,   1.26266986e-01],
       [ -1.32628260e-02,   6.08276725e-02,   4.44423147e-02,
          4.83874381e-02,  -5.84018342e-02,  -6.80324286e-02,
         -2.58899177e-03,  -2.25995351e-02,   6.18661754e-03,
          1.57033727e-02,  -2.26761382e-02,  -8.73893499e-02,
         -3.96456383e-03,   2.88621299e-02,  -5.96529879e-02,
         -1.60577167e-02,   8.98968652e-02,   6.05381168e-02,
          6.30842000e-02,  -2.39679515e-02],
       [ -1.22296414e-03,   6.24189619e-03,  -1.23124532e-01,
          1.52910706e-02,  -3.41839492e-02,  -4.10787389e-02,
          5.12204170e-02,  -5.48677556e-02,  -8.32328498e-02,
         -6.73749000e-02,  -3.27061769e-03,   3.26932445e-02,
         -1.06019387e-02,   9.57821123e-03,  -3.06342952e-02,
          1.76692419e-02,   1.53014567e-02,   4.59373407e-02,
          3.38120498e-02,   1.57615934e-02],
       [  3.37275378e-02,   4.72672246e-02,   5.39895892e-02,
         -2.33467159e-04,   9.06797126e-02,   4.29710932e-02,
          4.16676626e-02,   1.32393718e-01,   4.64133173e-02,
          1.17684849e-01,   9.38849077e-02,   3.60434838e-02,
          8.18220824e-02,   7.89474100e-02,  -1.64328292e-02,
          2.89830994e-02,   6.17215633e-02,   4.85590585e-02,
          2.09212280e-03,   8.56342446e-03],
       [  6.00396320e-02,   1.89502258e-02,   9.58484858e-02,
          3.67773138e-02,   4.29545827e-02,   6.38451129e-02,
          2.24283654e-02,  -2.65676733e-02,   1.48458824e-01,
          1.27577214e-02,   1.36745363e-01,   2.66849976e-02,
          9.84337553e-02,   1.64972674e-02,   3.98462936e-02,
          8.40457752e-02,   3.73298936e-02,   1.21321276e-01,
          3.83496359e-02,   7.83244669e-02],
       [  4.55908775e-02,   3.75045687e-02,   5.49187995e-02,
          1.50144622e-01,   1.02952480e-01,   7.07056969e-02,
          1.16246447e-01,  -3.65028381e-02,  -7.57824304e-03,
         -6.79587759e-03,   2.42512338e-02,   5.65195531e-02,
          3.18775699e-02,   3.01206075e-02,   2.20927149e-02,
          1.60814170e-02,   1.03993319e-01,  -1.69235282e-02,
         -2.10518134e-03,   3.87264788e-02],
       [ -2.27402523e-02,  -8.24622158e-03,   1.53140984e-02,
          1.41205061e-02,  -1.09458398e-02,   9.07301083e-02,
         -8.03661197e-02,  -2.97653675e-02,   7.09410384e-02,
         -1.77774336e-02,   2.22495627e-02,   3.23269702e-02,
         -8.05204138e-02,  -5.23032271e-04,   1.74342059e-02,
         -3.33262160e-02,  -2.67500933e-02,  -3.89652625e-02,
          2.80233622e-02,   6.50494918e-02],
       [  7.90976509e-02,   8.77800733e-02,   1.38894757e-02,
          1.78307071e-02,   1.31709632e-02,   8.14901367e-02,
          3.79408598e-02,   7.64449313e-02,   2.94316746e-02,
          7.53511637e-02,  -3.85282468e-03,   4.97162491e-02,
          1.77537963e-01,   4.69117910e-02,   5.25103286e-02,
          2.70023616e-03,   2.48406492e-02,   7.27057829e-02,
         -1.53263449e-03,   7.03731645e-03],
       [  3.29822674e-02,   5.10829091e-02,   4.60181274e-02,
         -6.00955039e-02,  -4.51096185e-02,  -1.15560237e-02,
         -3.63901258e-02,  -6.86432794e-02,  -2.02988330e-02,
          3.89203392e-02,   1.61826983e-02,   4.57508564e-02,
         -5.07598445e-02,   1.25399858e-01,  -1.17201708e-01,
          1.49032529e-02,   4.49806685e-03,   4.79270592e-02,
         -6.56792000e-02,  -2.28115730e-02],
       [ -4.00056168e-02,   5.56489937e-02,   1.02814008e-02,
          5.45489155e-02,   9.53804180e-02,   7.45412856e-02,
          3.26930173e-03,   9.19812545e-02,   5.19731715e-02,
          4.99722324e-02,   1.10316209e-01,   6.17760159e-02,
         -5.87407202e-02,   2.67383810e-02,   1.52943105e-01,
         -2.23943274e-02,   4.87606935e-02,   1.00804523e-01,
          2.80070212e-02,   1.65188722e-02],
       [  2.74099112e-02,   7.64595568e-02,   8.39616507e-02,
          8.50563571e-02,   2.93785557e-02,   8.09419677e-02,
         -3.23485471e-02,   4.09474559e-02,   4.64371853e-02,
          1.17506333e-01,  -2.03233641e-02,   5.59268938e-03,
          2.94156689e-02,   8.40291828e-02,   4.19922732e-02,
         -6.06626533e-02,   9.67267007e-02,   8.99434164e-02,
          1.25565186e-01,  -2.96556745e-02],
       [  3.49276923e-02,   1.10482909e-01,   5.25580868e-02,
          3.57503979e-03,   9.12655890e-02,   4.07165438e-02,
          4.20942642e-02,   3.48078012e-02,  -2.81722639e-02,
          5.33576272e-02,  -4.15374339e-02,  -3.92412916e-02,
          6.48927093e-02,   2.55018212e-02,   1.96268447e-02,
          1.48107797e-01,   5.05891182e-02,   5.13363555e-02,
          5.71567453e-02,   8.26425776e-02],
       [  7.24721104e-02,  -6.53168187e-02,   8.60247537e-02,
         -4.41171043e-02,   6.09321222e-02,   3.15245315e-02,
         -5.46613820e-02,  -3.83953154e-02,  -1.65970847e-02,
         -2.69548912e-02,   3.45500149e-02,  -1.95198669e-03,
          4.07687686e-02,   5.43469377e-02,   4.91474336e-03,
          1.98636800e-02,  -2.15621851e-02,   7.53823109e-03,
         -3.99949588e-02,  -2.41630487e-02],
       [  1.68983683e-01,   5.66814421e-03,   8.68172869e-02,
          1.22179486e-01,   9.84588936e-02,   5.87141141e-02,
          4.61966321e-02,   1.00408688e-01,   5.80442734e-02,
          1.82763990e-02,   4.08869088e-02,   7.91316852e-02,
          5.05337119e-02,   1.37894601e-02,   1.59307316e-01,
          6.82785437e-02,   1.36522073e-02,   4.74395268e-02,
          2.95332000e-02,   5.93442768e-02],
       [  4.52605672e-02,   4.81865630e-02,   1.26037821e-01,
          1.14686303e-01,   7.65158385e-02,  -5.15558571e-03,
         -4.59497375e-03,   4.07417603e-02,   7.15193748e-02,
          1.51932482e-02,  -1.68603437e-04,   2.20354237e-02,
          3.49932984e-02,  -2.03614123e-02,   5.82897589e-02,
          5.31867109e-02,   4.13514562e-02,   1.20165162e-01,
          9.95416045e-02,  -1.89140756e-02],
       [  3.80968638e-02,  -3.70893702e-02,   6.03586845e-02,
          7.82575458e-02,   7.29900822e-02,   3.90332798e-03,
         -5.81200905e-02,   8.85128416e-03,   1.61421951e-02,
          2.69433297e-03,   6.03124313e-02,   1.74240500e-01,
          3.22926342e-02,  -4.63203564e-02,   3.27839963e-02,
          6.03578202e-02,   2.35317256e-02,   8.21313262e-02,
          8.42501223e-02,   4.66392785e-02],
       [ -4.97319922e-02,   8.81485417e-02,   1.65103488e-02,
          1.13729440e-01,   4.02331837e-02,   7.08873644e-02,
          1.99893955e-02,   3.15297768e-02,   3.92966568e-02,
         -6.83858842e-02,   1.23373434e-01,   1.21832475e-01,
          1.16713613e-01,   5.06186970e-02,  -1.58325881e-02,
          1.39319628e-01,   1.16048346e-03,   7.77324755e-03,
          5.23950830e-02,   2.91162152e-02],
       [ -9.55088716e-03,   2.36023944e-02,  -3.98154464e-03,
         -1.21186383e-01,   7.75996270e-03,   1.98198296e-02,
          1.54710952e-02,  -5.43008000e-02,   2.45585889e-02,
         -6.42943233e-02,  -9.88555048e-03,  -1.84350833e-02,
          5.47519810e-02,  -6.04151003e-02,  -4.60265018e-03,
         -6.43093511e-02,  -5.70929125e-02,   8.84207562e-02,
          1.09493099e-02,  -2.32756715e-02],
       [  9.18140784e-02,   1.14486795e-02,   6.87581450e-02,
          1.22684434e-01,   1.01993810e-02,   3.15186055e-03,
          2.10103169e-02,  -8.97950865e-03,   2.94726174e-02,
         -5.85750490e-03,   4.28235754e-02,   5.28734811e-02,
          5.07173985e-02,  -2.33490448e-02,   1.02956286e-02,
          3.35597135e-02,  -5.97437248e-02,   1.33300060e-02,
          2.34372839e-02,  -1.06185652e-01],
       [ -1.04462821e-02,  -7.84904361e-02,  -2.84445621e-02,
         -2.15714257e-02,  -8.53855237e-02,  -8.25356245e-02,
         -6.35442743e-03,  -1.25455298e-02,  -1.65338963e-02,
         -4.41856533e-02,   9.20370407e-03,   1.47464138e-03,
         -4.44767252e-03,   2.78397650e-02,   9.10097137e-02,
         -1.35035496e-02,  -1.10827856e-01,   3.35630216e-02,
          4.29593809e-02,  -5.83783686e-02],
       [ -5.82724288e-02,   4.37734202e-02,   2.96318773e-02,
          8.56726896e-03,   6.06918149e-02,  -3.21297348e-02,
          3.92435677e-03,  -1.94535889e-02,  -2.70628557e-02,
         -6.33520447e-03,   2.26059575e-02,  -5.01404442e-02,
         -7.96238631e-02,   9.56428498e-02,  -8.24249610e-02,
          1.00712394e-02,   1.93582121e-02,   1.81854665e-02,
          3.13111022e-03,  -8.91131312e-02],
       [  5.03231511e-02,  -1.84649024e-02,  -4.90825111e-03,
          1.83366407e-02,  -2.21995711e-02,  -3.08838449e-02,
          2.52270363e-02,  -5.98252453e-02,   3.35767493e-02,
         -6.69683143e-02,  -2.67522130e-02,  -2.74514258e-02,
         -5.17510511e-02,  -1.41603321e-01,  -4.46104296e-02,
          1.99856274e-02,   6.74705803e-02,   5.38503528e-02,
         -7.43286535e-02,   9.65857133e-02],
       [  7.49586448e-02,   7.56549165e-02,   7.34117851e-02,
          2.50490885e-02,   1.78991314e-02,   1.21864893e-01,
         -2.55174432e-02,   1.11049019e-01,   1.55200318e-01,
          7.85255209e-02,   7.54995644e-02,   5.20381704e-02,
          7.17360852e-03,  -6.32247850e-02,   1.05659299e-01,
          1.34880364e-01,  -4.40214127e-02,   3.28381211e-02,
          1.18302397e-01,   2.02348805e-03],
       [ -5.30750211e-03,   2.56038085e-02,  -2.27092620e-04,
          1.95356607e-02,  -3.66876610e-02,   6.69422150e-02,
         -4.05782238e-02,  -8.10514297e-03,   4.84380722e-02,
         -1.11978553e-01,   2.80850790e-02,   4.53192480e-02,
         -2.43800506e-02,   7.56349191e-02,   8.66309255e-02,
         -3.44212987e-02,   6.97520301e-02,   1.46706672e-02,
          5.66621795e-02,  -4.30061370e-02],
       [  1.69820279e-01,   8.60093348e-03,   1.37637369e-02,
          6.35128394e-02,   4.43861708e-02,   5.63598238e-03,
          6.44111782e-02,   5.16345575e-02,  -6.96564466e-03,
         -2.74421051e-02,   4.52507362e-02,   8.39341357e-02,
          8.46427530e-02,  -1.12631209e-02,   3.53392214e-02,
         -1.51141062e-02,   8.75753164e-02,   3.93175744e-02,
          2.00422376e-01,   1.10490791e-01],
       [  1.32092968e-01,   4.22386415e-02,   2.45191734e-02,
          8.93427506e-02,   9.04489160e-02,   1.01191282e-01,
          9.21695083e-02,   7.91703835e-02,   5.03898598e-02,
          2.96649877e-02,   5.04371822e-02,  -3.35963094e-03,
          3.96242738e-02,  -3.88884395e-02,   6.30143508e-02,
          8.16326588e-02,   1.91161036e-02,  -4.46993783e-02,
          1.12130538e-01,   4.30604182e-02],
       [  1.09238029e-02,  -2.92889820e-03,  -1.81370545e-02,
         -4.62555662e-02,   4.15097689e-03,  -1.17700081e-02,
         -5.74145652e-02,  -1.58429556e-02,  -3.86435948e-02,
         -3.90972942e-02,  -3.28040719e-02,  -5.97250313e-02,
         -4.20175456e-02,   2.54387059e-03,   6.04306422e-02,
         -2.51495596e-02,  -1.66516639e-02,  -3.37648951e-02,
          8.44518989e-02,   6.97753998e-03],
       [  9.71029326e-02,   8.08081497e-03,   6.04068069e-03,
          2.19133832e-02,  -1.80527680e-02,   9.54980254e-02,
          1.27846710e-02,   8.23010579e-02,   1.20086201e-01,
          1.20217241e-01,   5.41880587e-03,   3.37499939e-02,
          5.48052415e-02,   1.11179441e-01,   8.43442753e-02,
          1.52244968e-02,  -4.58073318e-02,   8.14881027e-02,
          9.35840979e-02,   5.42887300e-02],
       [  1.87821575e-02,   5.60522266e-02,  -1.63500179e-02,
         -1.24972872e-02,  -7.75729865e-03,  -1.38746798e-02,
         -2.42423285e-02,   3.85488234e-02,  -2.42277160e-02,
         -9.16928053e-03,   7.98213258e-02,   4.49137650e-02,
         -8.01749602e-02,   3.21598761e-02,   2.52156667e-02,
          2.81892228e-03,  -9.29305628e-02,  -1.94507223e-02,
          1.34713780e-02,   8.19194317e-02],
       [  1.94202401e-02,   4.00293730e-02,  -5.63301295e-02,
          4.77346219e-02,  -7.64915198e-02,   5.18450290e-02,
         -3.08340248e-02,  -5.88178113e-02,   1.92301515e-02,
          5.03719412e-02,  -1.77472550e-03,   7.34298723e-03,
         -8.98146257e-02,   3.98643427e-02,  -2.31695436e-02,
         -2.53260620e-02,  -5.56908846e-02,   1.16512977e-01,
         -3.52681316e-02,  -1.79789178e-02],
       [  2.52955146e-02,   1.87403113e-01,   6.17892668e-02,
          2.40340158e-02,   3.95224839e-02,   6.75175413e-02,
          4.16854024e-02,   1.99248157e-02,   4.82272767e-02,
          6.26159832e-02,   8.20053518e-02,   2.11254004e-02,
         -1.81418099e-02,   7.34303370e-02,   1.49731964e-01,
          2.86077559e-02,   3.43015082e-02,   5.88065907e-02,
          2.05873754e-02,  -5.10760285e-02],
       [ -6.07064040e-03,   1.02749616e-01,  -7.80808087e-03,
         -2.39253771e-02,   5.74124269e-02,   6.31238148e-02,
         -2.89206114e-03,   1.06668182e-01,   1.33057758e-01,
          7.64231533e-02,   8.95966142e-02,   1.10194860e-02,
          8.66707116e-02,   3.84681858e-02,   1.29364366e-02,
          6.70194253e-02,   9.59280208e-02,   1.56885758e-02,
          9.56228748e-02,   2.19017211e-02],
       [ -6.28339648e-02,  -5.72771877e-02,  -6.74341992e-02,
         -1.37969060e-02,  -2.81427205e-02,  -1.83766279e-02,
         -3.60006024e-03,  -6.75878823e-02,  -1.72430407e-02,
         -6.42490536e-02,   3.48093584e-02,  -6.69387057e-02,
         -4.56320606e-02,  -1.60020143e-02,  -5.48229329e-02,
          4.72539552e-02,  -1.89802004e-03,  -8.77028629e-02,
         -5.63520864e-02,   1.01585053e-01],
       [ -3.35981254e-04,   1.06835723e-01,   3.92777808e-02,
          5.86591288e-02,   1.04940385e-01,   2.98734587e-02,
          4.16628085e-02,  -2.60682851e-02,   6.34354949e-02,
          3.82434018e-02,   3.51062343e-02,   4.48697172e-02,
          2.07323089e-01,   9.09843147e-02,  -1.56470612e-02,
         -3.97313498e-02,  -4.67652604e-02,   2.97386758e-02,
          2.81431358e-02,   1.63111165e-02]], dtype=float32), array([ 0.04622562,  0.04007836,  0.04450408,  0.04450641,  0.04679275,
        0.05055332,  0.02395513,  0.04063442,  0.05682878,  0.03997859,
        0.03711054,  0.04852593,  0.05154876,  0.02714659,  0.04408496,
        0.03856787,  0.03583886,  0.05411102,  0.06359659,  0.03473977], dtype=float32)][array([[-0.64533472],
       [-0.53439349],
       [-0.53819114],
       [-0.61089051],
       [-0.52699715],
       [-0.58641452],
       [-0.35909927],
       [-0.54215485],
       [-0.65399063],
       [-0.47091287],
       [-0.52426082],
       [-0.59331924],
       [-0.58947241],
       [-0.35726538],
       [-0.54370272],
       [-0.47980583],
       [-0.4396323 ],
       [-0.60933071],
       [-0.73673046],
       [-0.41064534]], dtype=float32), array([-0.84961319], dtype=float32)]