[array([[ -8.64519328e-02,  -3.56701128e-02,   7.42501160e-03,
         -1.01408018e-02,   4.06826660e-02,  -4.07605432e-02,
          2.51889229e-02,   2.60822773e-02,   3.44328098e-02,
          4.60490119e-03,   5.34060076e-02,  -4.90744077e-02,
          4.95403744e-02,   4.01757397e-02,  -1.40379146e-02,
         -1.26274852e-02,  -8.77465159e-02,  -2.36703679e-02,
         -1.47515777e-02,  -3.66048631e-03,   5.59849013e-03,
          5.80741763e-02,  -7.13788494e-02,  -1.26272235e-02,
         -4.24348563e-02,   6.66032657e-02,   6.24847002e-02,
          3.22158262e-02,  -2.94408500e-02,  -4.82519753e-02,
         -1.41412709e-02,   4.24985401e-02,  -1.85510460e-02,
          4.58745174e-02,   7.67930076e-02,  -5.07759452e-02,
          8.03286359e-02,  -1.08286753e-01,   1.41483713e-02,
         -1.45620229e-02,   4.93876040e-02,  -4.19318005e-02,
          1.03622163e-02,   6.13399036e-02,   8.50100890e-02,
         -5.89896329e-02,   2.39344891e-02,  -1.65567044e-02,
         -5.13516963e-02,   1.58857163e-02],
       [  4.73989286e-02,   2.18410399e-02,  -1.94176193e-02,
          5.28266393e-02,   2.82596983e-02,  -2.35194787e-02,
          5.92083158e-03,  -3.66188809e-02,  -5.61297536e-02,
         -1.15667954e-02,   2.14945786e-02,  -2.40404624e-02,
          7.39512816e-02,  -7.64469951e-02,  -8.90880898e-02,
         -6.39376193e-02,   2.25139726e-02,   1.27909347e-01,
          4.31669988e-02,   6.47117943e-02,  -1.92611758e-02,
          5.13862334e-02,  -1.29003510e-01,  -4.27920334e-02,
          3.44795845e-02,  -1.76819768e-02,   2.74362415e-02,
          1.49338050e-02,  -2.52435710e-02,  -6.72615990e-02,
          1.69917986e-01,   1.14737926e-02,  -1.18174069e-01,
         -3.33669665e-03,  -8.70851986e-03,  -3.67887691e-03,
          2.59935595e-02,  -3.46040949e-02,   3.53443101e-02,
         -2.54501756e-02,  -5.15460260e-02,  -1.23601751e-02,
          3.47451530e-02,   5.41364327e-02,   9.19671208e-02,
          6.63226098e-02,   1.21114375e-02,  -1.26282114e-03,
         -5.50714135e-02,   1.51798818e-02],
       [ -2.29933532e-03,   7.65798390e-02,  -1.79810748e-02,
          5.00027947e-02,  -2.89149652e-03,   6.82271942e-02,
         -2.93290261e-02,   9.16448906e-02,  -4.29187566e-02,
          2.81215552e-02,   9.18699205e-02,  -1.59092452e-02,
         -6.49928153e-02,   1.00419536e-01,   3.85669544e-02,
         -3.29137556e-02,   1.02824522e-02,   3.69112492e-02,
         -2.26019379e-02,  -5.81987388e-02,  -3.40874568e-02,
          1.73867401e-02,   6.99217916e-02,   5.55538647e-02,
         -3.53621617e-02,   2.53771730e-02,  -3.69599760e-02,
          2.46959087e-02,  -7.95538202e-02,  -2.23684758e-02,
          9.33530089e-03,  -5.65660372e-03,  -8.95753801e-02,
         -1.24515435e-02,  -1.16112113e-01,  -1.15164295e-02,
          6.06791489e-03,  -4.68149688e-03,  -7.76396040e-03,
         -4.14041691e-02,   2.61720605e-02,  -1.83063652e-02,
          7.51607819e-03,   2.11010482e-02,  -6.62583336e-02,
          1.14039583e-02,  -1.89136323e-02,  -5.61167672e-02,
         -1.03496216e-01,  -9.61220544e-03],
       [ -1.13928221e-01,  -7.67514855e-02,   5.04232906e-02,
         -6.48682192e-03,   1.08131384e-02,  -1.19386083e-02,
         -5.60450694e-03,  -6.78892210e-02,   1.07663439e-03,
         -3.28795724e-02,  -7.64176026e-02,  -3.10909208e-02,
          1.63371097e-02,   7.42291287e-02,   1.85936596e-02,
          2.53654458e-02,   1.05110608e-01,   2.54240818e-02,
         -4.83836010e-02,   1.61515307e-02,  -7.59510417e-03,
         -1.12841455e-02,  -4.23959754e-02,  -6.28317222e-02,
          9.66565832e-02,   2.37984490e-02,  -2.73476839e-02,
          1.12097077e-02,   1.11707402e-02,  -1.55125335e-02,
          1.29069155e-02,   1.49182100e-02,   2.89287809e-02,
          2.38162726e-02,   1.71301831e-02,  -9.49915722e-02,
          1.31256226e-02,   4.70381510e-03,   6.30891249e-02,
         -7.52178812e-03,  -2.94832829e-02,  -1.36749908e-01,
         -3.10247783e-02,   2.65573300e-02,   1.08273244e-02,
          1.37134390e-02,  -9.25314147e-03,  -3.23092528e-02,
         -1.95605308e-03,   4.92238812e-02],
       [  7.03810453e-02,  -5.29469810e-02,   4.76154983e-02,
          4.14125696e-02,   1.45901190e-02,   2.92123165e-02,
          3.12821008e-02,   1.06153443e-01,   7.08470447e-03,
         -7.68140797e-03,   7.36139342e-02,   5.04027009e-02,
          8.04241933e-03,  -9.19992384e-03,  -4.66128625e-03,
          2.15718262e-02,  -8.91915336e-03,   8.89453292e-02,
         -3.79920080e-02,   3.71509790e-02,   9.85256955e-03,
          1.00631909e-02,   4.27756868e-02,  -4.21365313e-02,
          1.96729507e-02,  -8.33506957e-02,   2.18403544e-02,
         -1.11586880e-03,   2.36131903e-02,  -7.71192694e-03,
         -6.44093379e-03,   3.29720639e-02,  -8.25220495e-02,
          3.85816395e-02,  -1.10415354e-01,  -5.85460626e-02,
         -1.26263574e-01,  -4.97074462e-02,   1.06984459e-01,
         -6.58240020e-02,  -6.15102425e-03,   6.82677552e-02,
          6.65479675e-02,  -1.10166250e-02,  -2.20110379e-02,
         -8.38245004e-02,   8.32067579e-02,   1.31486100e-03,
         -6.19708486e-02,  -4.01228294e-02],
       [ -5.21943644e-02,  -1.06132580e-02,  -3.37352529e-02,
          9.94286984e-02,   3.15107740e-02,  -4.92531098e-02,
         -5.42829446e-02,   1.74552836e-02,  -6.07286654e-02,
         -1.88052896e-02,  -4.63975444e-02,   6.72225803e-02,
         -3.56778949e-02,   6.62190467e-03,   6.48270920e-03,
          1.11381307e-01,  -8.22216459e-03,  -1.58319920e-02,
         -5.78110777e-02,  -1.65963471e-02,   3.01402900e-02,
         -2.06469322e-05,  -2.53891647e-02,  -6.73112273e-02,
          8.28323141e-02,   5.32003529e-02,   1.05767481e-01,
          2.71782465e-02,  -6.70543918e-03,  -8.40523690e-02,
         -2.45976378e-03,  -1.37070090e-01,   5.03027288e-04,
          1.74049214e-02,   7.69322589e-02,   6.02636449e-02,
          3.77107263e-02,   2.14055683e-02,  -1.25631643e-02,
          5.84276021e-02,   2.19696537e-02,   2.30987202e-02,
         -5.71187437e-02,   5.89397959e-02,  -2.12641992e-02,
          8.35918784e-02,   6.39449507e-02,  -1.09647803e-01,
          2.57663876e-02,   7.56939873e-02],
       [ -6.75078258e-02,  -1.23940213e-02,   3.83407660e-02,
         -1.14867324e-02,   2.06962787e-03,   3.62766273e-02,
          1.73025653e-02,  -6.56884685e-02,  -3.88025939e-02,
          2.99383197e-02,   3.15040946e-02,   4.71364222e-02,
         -1.69464853e-02,   5.30190058e-02,  -2.28033978e-02,
          3.30582261e-02,   2.33657118e-02,   5.37104979e-02,
         -1.56154400e-02,   1.79651037e-01,   2.99940761e-02,
         -7.53074065e-02,   1.95635557e-02,   1.95650496e-02,
         -3.07431314e-02,   2.32678582e-03,  -2.22823280e-03,
         -5.08557037e-02,   2.09555123e-02,   4.37347889e-02,
         -6.57820851e-02,  -2.89561432e-02,   6.19137362e-02,
         -2.14681611e-04,   7.69075900e-02,   2.22935248e-02,
          4.79126908e-02,   2.72717923e-02,  -4.06700633e-02,
          2.04842165e-02,  -3.94148715e-02,   2.88787880e-03,
         -1.14371730e-02,  -4.06898372e-02,  -2.98111867e-02,
          4.57672738e-02,  -3.76674347e-03,  -8.90342053e-03,
          8.33418220e-02,   8.88307299e-03],
       [  3.88532542e-02,  -2.39833947e-02,  -7.62166381e-02,
         -5.75442500e-02,  -6.95135538e-03,   5.45173697e-02,
          3.36643644e-02,   1.37136010e-02,   4.07842174e-02,
         -5.59697635e-02,   9.27026719e-02,   5.30861691e-02,
         -2.71576922e-02,   2.16903817e-02,  -4.24841372e-03,
         -8.16701502e-02,   6.00820258e-02,   2.58685593e-02,
         -2.06483509e-02,  -2.18259860e-02,   1.43920034e-02,
          2.64573935e-02,   5.18173091e-02,  -1.81452371e-02,
         -4.23040166e-02,   4.53279316e-02,  -8.63228962e-02,
         -6.18326440e-02,  -1.72689687e-02,   6.25634938e-02,
         -3.72380316e-02,   1.10975079e-01,   5.17040566e-02,
         -5.26721776e-03,  -3.01473569e-02,   4.97196950e-02,
         -8.03888123e-03,  -4.68839929e-02,   3.94310476e-03,
          1.24062933e-02,   2.07190719e-02,  -6.61635399e-03,
         -3.05080917e-02,   1.85023136e-02,   1.71089321e-02,
          1.17586374e-01,  -2.38590203e-02,   2.11624373e-02,
         -1.07239978e-03,   8.74341354e-02]], dtype=float32), array([ 0.,  0.,  0.,  0.,  0.,  0.,  0.,  0.,  0.,  0.,  0.,  0.,  0.,
        0.,  0.,  0.,  0.,  0.,  0.,  0.,  0.,  0.,  0.,  0.,  0.,  0.,
        0.,  0.,  0.,  0.,  0.,  0.,  0.,  0.,  0.,  0.,  0.,  0.,  0.,
        0.,  0.,  0.,  0.,  0.,  0.,  0.,  0.,  0.,  0.,  0.], dtype=float32)][array([[  1.72100943e-02,  -3.45432051e-02,  -7.50302002e-02,
          2.28184797e-02,  -2.65832897e-03,  -3.84539627e-02,
          2.25941371e-02,  -2.59314310e-02,   1.36681497e-02,
          1.07071102e-01,  -2.69900332e-03,   2.86521763e-02,
          4.89880480e-02,  -5.29366918e-02,  -2.88565457e-02,
          5.82886338e-02,  -2.70020049e-02,  -6.65937886e-02,
         -2.06534900e-02,  -2.74650212e-02],
       [ -1.03918267e-02,  -6.54558092e-03,   5.73173463e-02,
          1.94301549e-02,   1.04433484e-02,   9.83591657e-03,
          3.87508026e-03,   1.20326085e-02,  -3.54232006e-02,
         -1.84221901e-02,  -8.14229716e-05,  -1.74297374e-02,
          1.61693115e-02,  -1.40624410e-02,  -5.89815974e-02,
         -1.02427088e-01,   5.37174232e-02,   4.02993137e-05,
         -2.36259699e-02,  -9.33488831e-02],
       [  2.90936921e-02,  -2.31849011e-02,  -2.31752545e-03,
         -4.90753632e-03,  -3.54179032e-02,  -7.29676560e-02,
          3.79580277e-04,  -3.81473149e-03,  -1.00365601e-01,
          2.17721444e-02,   3.00163385e-02,   1.01029198e-03,
          1.02480715e-02,  -4.67549972e-02,  -7.35291466e-02,
         -1.50658851e-02,  -2.91099995e-02,   5.26808389e-02,
          3.70274857e-02,   4.22392525e-02],
       [ -1.41147347e-02,  -7.01688975e-02,  -7.34624863e-02,
         -4.99073742e-03,   4.66052406e-02,  -2.74937954e-02,
          3.06461845e-02,   8.28244817e-03,  -1.03664890e-01,
         -4.07130271e-03,  -3.80505733e-02,   7.68953050e-03,
          1.93725375e-03,  -5.32139605e-03,   5.63936643e-02,
         -6.26177639e-02,   3.58332358e-02,   5.39696626e-02,
         -9.47051216e-03,   8.00732002e-02],
       [ -6.94531128e-02,  -8.62789713e-03,   1.09789502e-02,
         -2.03246921e-02,   8.34962651e-02,   4.43019271e-02,
         -5.47909252e-02,   4.13903184e-02,   8.06254044e-04,
          2.59237718e-02,  -3.48883914e-03,  -6.70728758e-02,
         -2.24793144e-02,   5.13740741e-02,   3.08873951e-02,
          1.91108137e-02,  -2.65185293e-02,   8.35622996e-02,
          4.42568399e-02,   1.04843248e-02],
       [ -2.86535155e-02,  -6.89825341e-02,  -5.81855252e-02,
         -2.70179845e-02,   6.44766018e-02,  -3.82464081e-02,
         -4.31457572e-02,   2.28286702e-02,   6.80208728e-02,
         -1.38859469e-02,   3.47543433e-02,   6.72237901e-03,
          6.35507423e-03,  -8.10929487e-05,   2.73467693e-02,
         -4.88831140e-02,  -6.32192194e-02,  -1.45952124e-02,
         -7.17710480e-02,  -3.79891992e-02],
       [  1.07222296e-01,  -2.31304225e-02,   7.47797219e-03,
         -4.56727445e-02,   4.03691940e-02,  -9.44047701e-03,
         -4.49237637e-02,  -3.44073288e-02,   1.10219223e-02,
         -1.18055619e-01,  -5.58431037e-02,   2.24747211e-02,
         -3.53169069e-02,   8.48089084e-02,   4.89481911e-03,
          9.78611596e-03,  -1.18690534e-02,   5.43016307e-02,
         -8.39808062e-02,   1.99913308e-02],
       [ -2.28142720e-02,  -7.92277679e-02,  -8.93763825e-02,
         -4.95248027e-02,   4.04005572e-02,   3.42054628e-02,
         -2.55832113e-02,   4.84144799e-02,  -4.10121642e-02,
          1.46316281e-02,  -3.59153189e-02,  -9.25017297e-02,
          7.91544840e-02,  -4.50320207e-02,  -2.56349836e-02,
          2.77362531e-04,  -7.22814053e-02,   1.85133275e-02,
         -4.79994081e-02,   3.14169750e-03],
       [ -3.99028808e-02,   7.06185102e-02,   8.39181691e-02,
          6.88388869e-02,   1.14850691e-02,  -1.18568160e-01,
          5.15345018e-03,   3.89681496e-02,  -2.81644845e-03,
          4.10290174e-02,  -1.51154520e-02,  -2.46283002e-02,
          5.49900718e-03,   3.49126272e-02,  -7.37535357e-02,
         -4.56010923e-02,   1.44828543e-01,   5.72496615e-02,
         -7.27884099e-02,   2.05377545e-02],
       [ -1.60367717e-03,  -1.45820975e-02,   4.07303870e-02,
          8.82824287e-02,  -1.01728022e-01,   8.45734123e-03,
         -6.06458597e-02,  -2.67459136e-02,   8.85912683e-03,
          1.73406617e-03,   1.30316734e-01,   4.06780355e-02,
          5.28743397e-03,   3.60204652e-02,   8.06886423e-03,
         -6.49456233e-02,  -2.32613180e-02,   1.86392870e-02,
         -3.35875191e-02,   2.24574152e-02],
       [ -3.39274644e-03,   2.58035548e-02,  -8.04699399e-03,
         -1.43955024e-02,   1.99128967e-02,   2.58952985e-03,
          1.92610882e-02,  -2.41072048e-02,   1.47562427e-02,
         -5.08070253e-02,   7.38830213e-03,   3.06248125e-02,
          8.22641049e-03,   1.98031049e-02,   2.06758883e-02,
          3.46596427e-02,   8.30133185e-02,  -1.11320307e-02,
         -3.46172377e-02,   1.63020063e-02],
       [ -3.87606882e-02,  -4.38195132e-02,  -7.03253597e-02,
         -2.66543217e-02,   1.26634911e-02,   9.12422910e-02,
         -5.65838628e-02,  -3.45207117e-02,   1.38949947e-02,
          2.51539648e-02,  -5.99269457e-02,   2.19890587e-02,
         -5.93585148e-02,   4.40140627e-02,  -5.48050292e-02,
          1.17912246e-02,  -4.09352407e-02,  -7.61664286e-02,
          6.86128810e-03,   9.38560963e-02],
       [  7.73608983e-02,   1.62074678e-02,  -5.36539452e-03,
          6.16374202e-02,   2.12624576e-02,   4.12019901e-02,
          1.33959157e-02,  -2.05513071e-02,   3.53335291e-02,
          5.62049225e-02,   2.90148854e-02,   9.94357932e-03,
          1.40757533e-02,  -2.86734086e-02,  -2.48567816e-02,
         -2.58440804e-02,   5.77683449e-02,  -6.63598701e-02,
          1.21836923e-02,  -6.73003262e-03],
       [  2.75477916e-02,  -1.80625487e-02,  -2.92146057e-02,
         -2.24000905e-02,  -2.75326949e-02,   1.35889100e-02,
          3.46637629e-02,   1.65256187e-02,  -1.02282632e-02,
         -2.77317744e-02,   2.10436378e-02,  -4.54978608e-02,
         -7.90602807e-03,  -1.16398655e-01,  -1.00197390e-01,
         -4.69775423e-02,  -6.35668710e-02,   5.13488948e-02,
          2.37606373e-02,   2.24139933e-02],
       [ -6.73974827e-02,  -4.24478836e-02,  -1.51237343e-02,
          8.47887471e-02,  -2.17224695e-02,   2.61620730e-02,
          4.46242169e-02,   3.19620892e-02,   5.27334288e-02,
          1.66068580e-02,   9.90548544e-03,   8.17466900e-02,
         -1.37888268e-01,   2.67811157e-02,   1.12652099e-02,
         -2.72956137e-02,  -1.96315646e-02,   5.45253120e-02,
          3.53710763e-02,   6.29125088e-02],
       [  4.69312482e-02,  -6.60881549e-02,   6.89433664e-02,
         -1.12791136e-01,   4.22299616e-02,   1.66188143e-02,
         -7.61530921e-02,  -2.94130240e-02,  -2.75820587e-02,
          2.62001492e-02,  -9.06013921e-02,   5.42673729e-02,
          3.45076099e-02,   1.65763428e-03,  -6.13688938e-02,
         -6.25343919e-02,  -2.36472432e-02,  -2.09426917e-02,
          1.45041300e-02,   1.02375470e-01],
       [  2.21212152e-02,  -6.45541847e-02,  -3.82943079e-02,
          5.37289195e-02,  -6.16073608e-02,   5.06833903e-02,
          2.34459657e-02,  -4.24764305e-02,  -2.24655773e-02,
         -3.85000631e-02,   5.94598660e-03,   1.18039437e-02,
          3.51242796e-02,  -1.96140520e-02,  -3.62342149e-02,
          1.91527288e-02,  -4.05250713e-02,   2.30317786e-02,
          8.35403576e-02,  -8.68007615e-02],
       [ -3.30065638e-02,   1.87672637e-02,   7.70523697e-02,
         -1.33623360e-02,   6.86874539e-02,   1.01678632e-01,
         -3.68019268e-02,  -1.29723130e-02,  -2.02289205e-02,
          2.92934515e-02,   1.95401721e-02,   1.28713818e-02,
          1.27516706e-02,  -1.26534270e-03,   1.06358409e-01,
         -5.75402472e-03,  -3.12458083e-04,   3.39190885e-02,
         -6.50693625e-02,   3.59751172e-02],
       [  4.71627600e-02,   2.71512959e-02,  -1.44388219e-02,
         -5.81981316e-02,  -8.58500749e-02,  -1.69179346e-02,
          1.99887659e-02,  -4.20505367e-02,   2.64548250e-02,
          5.21172695e-02,  -2.02492904e-02,  -2.32865731e-03,
          1.89111065e-02,  -1.57260433e-01,   4.10961062e-02,
          3.18221562e-02,  -5.48927560e-02,  -2.97842603e-02,
          3.46832499e-02,  -6.86304420e-02],
       [ -8.90599936e-02,  -1.67803820e-02,  -9.64495447e-03,
          6.06011711e-02,  -7.74698623e-04,  -1.17140925e-02,
          7.41203502e-02,  -4.81404923e-02,   6.56609461e-02,
         -1.15305604e-02,   1.04464829e-01,   3.97706889e-02,
         -9.32742027e-04,  -3.62841524e-02,   3.83206271e-02,
          1.88753044e-03,  -9.29113757e-03,   5.26939444e-02,
          5.30595183e-02,  -8.90092924e-03],
       [ -3.16750221e-02,   2.45447271e-02,   1.15956394e-02,
         -7.95759186e-02,   7.57155269e-02,  -1.83908886e-03,
         -3.44430916e-02,  -3.85977440e-02,   1.07271066e-02,
          7.09823444e-02,  -3.86941992e-02,  -3.29012237e-02,
         -1.42018795e-02,   5.42278262e-03,  -5.62326983e-02,
         -4.27845074e-03,   3.85298394e-02,   8.60806704e-02,
         -4.92566824e-02,  -1.23782873e-01],
       [  8.49763975e-02,  -1.58928167e-02,   5.47957495e-02,
          3.71095613e-02,   5.80048095e-03,   7.41783381e-02,
          1.62790194e-02,  -6.53833104e-03,  -7.32588172e-02,
         -1.78015162e-03,  -3.95583175e-02,   2.27836100e-03,
         -4.19390686e-02,  -7.25075975e-02,  -9.61193293e-02,
         -5.88547662e-02,  -4.83295508e-02,  -4.15629968e-02,
          3.01718656e-02,   3.46767008e-02],
       [ -3.03811859e-02,   2.32715439e-02,   2.19049281e-03,
         -2.21452862e-02,  -7.70508572e-02,  -8.02349672e-02,
          3.59440572e-04,   3.30252387e-03,   1.18034286e-03,
          7.46569922e-03,   4.48363312e-02,   5.35827084e-03,
         -3.01663373e-02,   6.13402538e-02,  -1.03266891e-02,
          1.00742377e-01,  -3.59869562e-02,  -6.93082511e-02,
          2.80506369e-02,   7.37960488e-02],
       [ -1.09709777e-01,   1.00220526e-02,  -1.32835601e-02,
         -9.17028487e-02,   1.61998067e-02,  -7.25744432e-03,
         -3.68161462e-02,  -1.51596069e-01,  -9.94289760e-03,
          5.91000319e-02,  -8.00637342e-03,   2.26573162e-02,
          4.89397831e-02,   2.29446162e-02,   6.72119036e-02,
          7.13313445e-02,   4.60246094e-02,   1.37555245e-02,
         -3.98507854e-03,   1.25672435e-02],
       [  3.26927043e-02,   2.80517526e-02,  -5.35904840e-02,
          2.53228168e-03,   1.37329465e-02,  -6.64156443e-03,
          5.24809062e-02,   7.94670079e-03,   3.40234977e-03,
          4.55148444e-02,   2.65680254e-02,   4.45031747e-02,
          7.71263465e-02,  -1.38639957e-02,  -1.04099540e-02,
          4.80147935e-02,  -3.55200879e-02,   8.52017775e-02,
         -5.40316366e-02,  -3.51690911e-02],
       [ -5.46728484e-02,  -9.44168195e-02,   3.47467624e-02,
         -2.23649032e-02,  -1.32971350e-02,   9.02723745e-02,
         -4.62635839e-03,  -6.02052696e-02,   2.96198614e-02,
          1.80583913e-02,  -1.12598678e-02,   4.74466756e-02,
         -5.38432673e-02,  -2.27021854e-02,   3.27889584e-02,
         -8.41683745e-02,  -3.49541530e-02,  -3.16280010e-03,
         -5.29692136e-02,   5.07779494e-02],
       [  3.19995061e-02,   6.50581643e-02,  -2.34055277e-02,
         -5.23541346e-02,  -1.18134573e-01,   5.26400320e-02,
         -2.39887591e-02,   8.70827734e-02,  -4.71461825e-02,
          4.96171713e-02,   5.29872291e-02,   6.22760355e-02,
          5.73002398e-02,   6.97595924e-02,  -6.71403930e-02,
          6.06565736e-02,  -1.90189015e-03,   2.15959288e-02,
          6.50218800e-02,  -1.66255515e-02],
       [  6.81739897e-02,   2.77293473e-02,   2.22274661e-02,
          2.69018468e-02,  -1.07113101e-01,   1.09619118e-01,
          2.55979653e-02,   1.45778880e-02,  -4.34239209e-02,
          8.36566016e-02,   2.68217623e-02,  -6.67858450e-03,
         -2.34931335e-03,  -4.77826688e-03,  -2.22826153e-02,
          3.33461352e-02,   3.87792446e-04,   7.21574798e-02,
         -6.20875172e-02,  -8.47472176e-02],
       [  1.14228942e-01,   2.38456968e-02,   5.43170385e-02,
          1.19338138e-03,  -4.64109406e-02,  -5.45331724e-02,
          7.56921759e-03,  -5.35417907e-02,   1.75306108e-02,
          4.11569253e-02,   3.24742757e-02,  -1.59314629e-02,
         -1.75799262e-02,  -1.78193115e-02,   7.14114383e-02,
          2.54482310e-02,   3.87183055e-02,  -2.71419380e-02,
          1.76151656e-02,  -5.95668852e-02],
       [ -2.50052940e-02,  -3.44890468e-02,   2.26037763e-02,
         -2.64405515e-02,  -5.25972247e-03,   1.02523088e-01,
         -1.11967670e-02,  -2.52201445e-02,  -4.80115078e-02,
         -3.46030155e-03,  -4.48277853e-02,  -1.19672781e-02,
          5.99694550e-02,   1.06669459e-02,  -1.26698809e-02,
         -6.09262497e-04,  -4.95401584e-02,  -2.65482161e-02,
          2.58028992e-02,   5.86777702e-02],
       [ -4.73090038e-02,  -9.96597391e-03,  -5.41189015e-02,
          2.45368276e-02,   6.56944513e-02,  -2.25712117e-02,
          1.11614488e-01,   6.98826313e-02,  -6.21248558e-02,
         -3.61415371e-02,  -1.67950131e-02,  -1.11551560e-01,
          7.19231889e-02,   2.90392544e-02,  -1.04100881e-02,
         -3.00252046e-02,   5.52690141e-02,   9.46072768e-03,
          7.83836544e-02,  -3.09361368e-02],
       [ -5.51085686e-03,   3.13110463e-02,  -1.62475314e-02,
         -7.66780004e-02,  -3.28704081e-02,   7.86355231e-03,
          3.34641151e-02,  -1.90181453e-02,   8.64884723e-03,
         -1.45210503e-02,   3.10964696e-03,  -1.77316554e-02,
         -7.32159391e-02,  -3.75405676e-03,  -1.93701703e-02,
          4.59227897e-02,  -1.31300196e-01,   1.30072478e-02,
          6.57017082e-02,   3.27994786e-02],
       [  4.40304950e-02,  -1.41593292e-02,  -1.70403942e-02,
          2.56206039e-02,   7.19837397e-02,   3.63540761e-02,
          2.65338551e-02,   3.30748856e-02,  -4.18623313e-02,
          4.77161705e-02,  -5.01189418e-02,  -4.42655161e-02,
          1.79330297e-02,   2.35770009e-02,  -6.26143208e-03,
          3.38760461e-03,  -2.90143825e-02,   7.82760307e-02,
         -6.79660439e-02,  -5.86885586e-02],
       [  1.56345174e-01,   3.68470289e-02,   2.62677763e-02,
          1.73141025e-02,   5.16197048e-02,   3.53300129e-03,
          2.15199795e-02,   9.39590260e-02,  -2.42371392e-02,
          6.21900558e-02,  -6.99876621e-02,   3.29822861e-02,
         -4.61943671e-02,  -8.11852515e-02,   6.60111848e-03,
          3.24732554e-03,   4.62530069e-02,  -3.53237540e-02,
          5.29274754e-02,   8.94384906e-02],
       [  5.01398742e-02,   7.95864873e-03,  -5.76060377e-02,
          2.93183383e-02,   6.66035339e-02,   7.86179006e-02,
         -3.74552719e-02,  -3.92254703e-02,  -2.02578343e-02,
         -1.61931422e-02,  -5.04834726e-02,  -5.56634776e-02,
         -1.94944267e-04,   5.14658652e-02,  -1.40137300e-02,
          9.93804913e-03,   1.26987904e-01,  -3.03690620e-02,
          9.05569196e-02,   2.71298345e-02],
       [ -4.93733697e-02,  -2.33072694e-02,   8.98801386e-02,
          1.22649698e-02,   5.12832999e-02,   5.84176853e-02,
          5.07217646e-02,  -1.20169502e-02,   8.67659003e-02,
         -6.19963109e-02,  -8.19532648e-02,   1.27661303e-02,
          1.83387902e-02,   5.85204363e-02,   2.75110602e-02,
         -5.65824993e-02,  -4.48378734e-02,  -1.56544112e-02,
         -3.60131636e-02,   4.55293991e-02],
       [  6.12728577e-03,   6.00624867e-02,  -1.32186851e-02,
         -7.63041014e-03,   2.65923180e-02,   1.45469252e-02,
         -3.03660613e-02,  -5.70823555e-04,  -7.55151734e-02,
         -1.63147673e-02,  -3.63228060e-02,   4.02387679e-02,
         -5.22504225e-02,  -6.62772208e-02,   3.76251861e-02,
         -4.47714292e-02,  -1.01403676e-01,  -1.24758873e-02,
         -7.10611865e-02,   9.34861228e-02],
       [  2.76355185e-02,   5.06313099e-03,   4.04824726e-02,
          3.96621674e-02,   1.79937165e-02,  -5.22614792e-02,
         -3.87088619e-02,   1.97668504e-02,  -5.48091903e-02,
         -1.36711681e-03,   5.57533875e-02,  -1.15952909e-01,
          5.28321043e-02,  -7.57921254e-03,   2.39613857e-02,
         -3.98074137e-03,   3.90945561e-02,   1.18133128e-02,
          1.01772368e-01,   7.72728538e-03],
       [  1.29476208e-02,   1.42929582e-02,  -8.49172880e-04,
         -8.39496683e-03,  -9.04971585e-02,  -4.24540564e-02,
         -1.14140466e-01,   9.40786079e-02,   3.29384618e-02,
         -2.25377791e-02,  -9.44600534e-03,   4.69773076e-02,
          2.83974949e-02,   4.11565695e-03,   8.49696901e-03,
         -1.20308762e-02,  -2.93658562e-02,  -2.50604209e-02,
         -1.38117431e-03,  -8.63436535e-02],
       [ -1.16543947e-02,  -2.27196645e-02,  -1.53578622e-02,
          4.41677356e-03,   1.47278327e-02,   4.08361619e-03,
          1.22785978e-02,  -2.96288617e-02,   1.27977625e-01,
          3.19719873e-02,  -1.83336344e-02,  -1.33477589e-02,
          6.11235760e-02,   1.48920109e-02,  -2.63733398e-02,
         -8.47539753e-02,   4.97686416e-02,   1.39176322e-03,
         -6.92851171e-02,  -1.95905697e-02],
       [  3.04128584e-02,   2.33752858e-02,  -2.66393330e-02,
         -2.48573460e-02,  -1.85513105e-02,   7.73694878e-03,
          9.10091177e-02,   1.76247105e-03,   7.36114709e-03,
          3.61771993e-02,   7.12137148e-02,  -6.26036376e-02,
         -7.43311793e-02,   5.95564917e-02,  -3.44587266e-02,
         -7.33534980e-04,   4.49249297e-02,   5.60960881e-02,
          2.11689714e-02,  -3.68327908e-02],
       [  1.89329442e-02,   6.46539927e-02,   4.11953963e-02,
         -2.96350867e-02,   1.27211288e-02,  -2.52049360e-02,
         -2.50432938e-02,   4.92547080e-02,  -6.84756860e-02,
          1.10623911e-01,  -3.34498882e-02,  -2.45475816e-03,
          1.51400929e-02,  -2.36079562e-02,  -9.19287000e-03,
         -6.27262099e-03,   5.14338985e-02,   5.03186956e-02,
         -8.41983594e-03,  -5.00580557e-02],
       [  6.94535999e-03,  -1.20170426e-03,   4.49220352e-02,
          4.55475133e-03,  -8.05918127e-02,  -2.35106703e-02,
          8.93157348e-02,   3.37135345e-02,  -1.79322008e-02,
          2.52143890e-02,   4.20824066e-02,  -1.59766190e-02,
         -1.08972542e-01,  -9.76225547e-03,  -5.49717546e-02,
         -7.48855993e-02,   4.68723243e-03,  -7.88267795e-03,
         -2.37098262e-02,  -6.95197880e-02],
       [  2.57515740e-02,   2.92511433e-02,  -1.03998683e-01,
         -6.21409062e-03,   4.84849475e-02,   1.36267468e-02,
         -9.10060629e-02,   5.71606420e-02,  -2.89782118e-02,
          6.25729328e-03,  -5.67979813e-02,  -1.54917939e-02,
          3.84079665e-02,  -2.68131644e-02,  -3.24872206e-03,
         -9.02937911e-03,  -5.73212579e-02,   5.99418879e-02,
          2.45603379e-02,   4.48787585e-03],
       [  2.06992533e-02,  -3.28891687e-02,   5.98550513e-02,
          4.10837643e-02,   3.89381908e-02,   5.10724485e-02,
         -7.06456453e-02,  -4.14969102e-02,   1.71782430e-02,
          4.81975377e-02,   6.66036531e-02,   5.22359572e-02,
         -1.11022443e-02,  -5.40552847e-02,  -1.61107294e-02,
          5.34646697e-02,  -1.86778884e-02,   1.06680349e-01,
          5.93091920e-02,  -8.37040041e-03],
       [  3.38817425e-02,   1.16009675e-02,   3.40550095e-02,
          1.11631349e-01,   1.11806998e-02,  -5.77930696e-02,
          3.19681242e-02,  -2.07687542e-02,   5.43014109e-02,
         -1.72019117e-02,  -2.95443870e-02,  -5.75619936e-02,
         -1.31313950e-02,   9.39163640e-02,   1.44016191e-01,
          2.96427193e-03,   4.35737744e-02,   1.04220293e-01,
          6.84224069e-02,   2.66365390e-02],
       [  1.32471574e-02,   3.78733054e-02,  -5.81984408e-02,
          7.13424524e-03,  -7.18254745e-02,  -5.58226667e-02,
          7.65808523e-02,  -1.03213042e-02,  -4.09514867e-02,
          2.72754319e-02,  -5.17909508e-03,   5.00074327e-02,
          7.09360931e-03,   5.65201044e-02,   5.49470372e-02,
          1.71187501e-02,  -8.96526687e-03,  -2.12714318e-02,
          5.65259270e-02,   3.05711422e-02],
       [ -2.97334287e-02,  -2.08681878e-02,  -2.07826328e-02,
         -3.96248810e-02,   7.15902448e-03,   4.15709913e-02,
         -1.09601347e-02,   1.34250177e-02,   1.64770875e-02,
          5.37450658e-03,   5.44977188e-02,   3.62044126e-02,
          2.02839784e-02,  -2.46231034e-02,   4.36396562e-02,
         -8.57622270e-03,  -3.85454558e-02,   1.25711579e-02,
          5.71956597e-02,   8.60248692e-03],
       [ -9.69773799e-04,  -3.77859734e-02,  -4.96578030e-02,
          5.21224923e-02,   4.57234122e-02,   1.85143165e-02,
         -6.96800500e-02,  -5.92822349e-03,  -4.31243243e-04,
         -6.57573715e-02,   5.17780147e-02,   8.13155696e-02,
          7.04635819e-03,  -3.01271677e-02,  -7.02195242e-03,
         -1.24786785e-02,   4.46238667e-02,  -4.19116206e-02,
         -5.41520081e-02,  -9.89958569e-02],
       [  8.68531242e-02,   6.32819161e-02,   2.93089841e-02,
          3.69298947e-03,  -2.41779611e-02,  -1.64261479e-02,
          1.05855227e-01,   5.22594526e-02,  -4.37931381e-02,
         -3.68098021e-02,  -5.23593612e-02,  -3.30913849e-02,
         -4.24324721e-02,   3.81894782e-02,   5.30297868e-02,
         -2.28594970e-02,   1.36527838e-02,   2.52100285e-02,
         -1.08102135e-01,  -9.98674985e-03]], dtype=float32), array([ 0.,  0.,  0.,  0.,  0.,  0.,  0.,  0.,  0.,  0.,  0.,  0.,  0.,
        0.,  0.,  0.,  0.,  0.,  0.,  0.], dtype=float32)][array([[ 0.03000649],
       [-0.04500472],
       [-0.0261323 ],
       [ 0.10498152],
       [ 0.03508405],
       [-0.00405436],
       [ 0.0753895 ],
       [-0.09369049],
       [ 0.01942424],
       [-0.00347311],
       [ 0.0378741 ],
       [ 0.12540907],
       [ 0.06404018],
       [ 0.00189012],
       [ 0.07823911],
       [-0.03003404],
       [-0.07302143],
       [-0.00744237],
       [-0.06482711],
       [-0.04621369]], dtype=float32), array([ 0.], dtype=float32)]