[array([[ 0.04920998,  0.03585028, -0.00690324, -0.0335866 , -0.02628084,
         0.00518218,  0.02745642,  0.02147188,  0.09719606, -0.01532373,
         0.05411918,  0.02092244,  0.05219754, -0.03164345,  0.04234494,
        -0.01593526, -0.03775815, -0.07473826,  0.04233287, -0.00322718,
         0.01243195, -0.09412659,  0.04705224,  0.0127386 , -0.13173899,
         0.043372  , -0.03330177,  0.03530913,  0.00928998, -0.0032211 ,
         0.04688515, -0.05918323,  0.0023637 , -0.0836127 , -0.00589351,
        -0.11944119,  0.04178362, -0.01552304, -0.01296372, -0.07683711,
         0.03434641,  0.03024161,  0.03974979,  0.04556136, -0.00784857,
        -0.00700816,  0.04980078,  0.00403772,  0.05135328, -0.02296703],
       [ 0.08334895, -0.00054018,  0.04207993, -0.02139293, -0.06963145,
         0.08504938, -0.0243811 , -0.0307437 ,  0.18296047,  0.05808172,
         0.14634036, -0.01331092,  0.01259449, -0.08329412,  0.02235601,
         0.01167272,  0.00439882,  0.04890253,  0.06457054,  0.03911097,
         0.03457822,  0.07836375,  0.00768178,  0.0520951 , -0.06498006,
        -0.07454185,  0.05913379,  0.01761759, -0.00779074,  0.04274632,
         0.0040149 ,  0.02073519,  0.04574765, -0.00634602,  0.02536455,
        -0.00224259, -0.00029601, -0.02963077, -0.0738674 ,  0.04488705,
         0.03180277, -0.09649678, -0.04321392,  0.02133095,  0.00023536,
         0.06808199,  0.01709357,  0.0264776 , -0.08191676, -0.09628021],
       [ 0.011403  , -0.08977782, -0.02786446,  0.01949676,  0.00928042,
         0.06624015,  0.04592068,  0.01555727,  0.06243643,  0.01356044,
         0.07083601,  0.0012826 ,  0.02816515,  0.06745004, -0.04462212,
        -0.0734643 ,  0.00680309, -0.00985966,  0.00605246, -0.11467979,
         0.04266582,  0.01631089, -0.04122695, -0.02709997, -0.05021387,
         0.01033135,  0.06041345, -0.05226081, -0.05100606, -0.01984725,
        -0.04587015,  0.08167545,  0.00457261, -0.06241024, -0.04119857,
        -0.02486253, -0.03153567, -0.03341557, -0.03952381,  0.00920926,
        -0.06679422,  0.07522213, -0.01126863,  0.01549723,  0.03965887,
        -0.06492718,  0.02713934,  0.05197043, -0.0121932 ,  0.02460253],
       [ 0.0598692 , -0.05611308,  0.04502134,  0.11002067,  0.03284658,
        -0.02179547,  0.00276152, -0.03007055,  0.07851527, -0.01647077,
        -0.02106628,  0.02614561, -0.01904169, -0.0175023 , -0.09261595,
         0.03137599,  0.09750669,  0.00711689,  0.07100582,  0.0402081 ,
         0.01697807,  0.00835144,  0.03793218, -0.02433374, -0.01191811,
         0.04235718,  0.04378555,  0.04176125, -0.02896471,  0.01983374,
        -0.02319755, -0.0631825 ,  0.01739779,  0.00876822, -0.09070154,
         0.06329306,  0.04082484, -0.00988313,  0.03421802,  0.02087537,
         0.04635703,  0.03830605,  0.04449091,  0.01901493,  0.05315878,
        -0.09795602, -0.0049396 , -0.02646125, -0.0331085 , -0.03570811]], dtype=float32), array([ 0.,  0.,  0.,  0.,  0.,  0.,  0.,  0.,  0.,  0.,  0.,  0.,  0.,
        0.,  0.,  0.,  0.,  0.,  0.,  0.,  0.,  0.,  0.,  0.,  0.,  0.,
        0.,  0.,  0.,  0.,  0.,  0.,  0.,  0.,  0.,  0.,  0.,  0.,  0.,
        0.,  0.,  0.,  0.,  0.,  0.,  0.,  0.,  0.,  0.,  0.], dtype=float32)][array([[ -2.67649777e-02,  -6.18684255e-02,   4.32763286e-02,
         -8.64268001e-03,  -2.29216162e-02,   3.52138802e-02,
          2.82338262e-02,  -7.71187013e-03,   5.45241423e-02,
         -1.12369200e-02,   5.98172732e-02,  -2.23960076e-02,
          3.51085560e-03,  -3.09793069e-03,  -5.31841293e-02,
          9.16055813e-02,   2.41016187e-02,  -7.96525255e-02,
          8.28182250e-02,   1.80475172e-02],
       [ -7.03662261e-02,   2.77201273e-02,   1.64903875e-03,
         -5.14312759e-02,   1.17837466e-01,   9.80786979e-02,
         -3.15362923e-02,  -2.69559268e-02,   3.10234334e-02,
          7.36870691e-02,  -1.97736677e-02,  -9.22416709e-03,
          2.30894107e-02,   4.25855927e-02,   1.58084538e-02,
          3.12862322e-02,   2.52826996e-02,   2.00917684e-02,
         -3.04045826e-02,   2.94373687e-02],
       [ -3.52419429e-02,   7.99099132e-02,  -8.17913413e-02,
          5.26955016e-02,   9.22303721e-02,   2.34688260e-02,
          4.51412834e-02,   5.18659949e-02,   3.43380198e-02,
          2.26684567e-02,   2.81471666e-02,  -2.27550250e-02,
          1.24579212e-02,   5.58079779e-02,   2.60111447e-02,
          4.14046180e-03,  -1.07782269e-02,  -3.34369801e-02,
          4.15887590e-03,  -7.15155080e-02],
       [ -1.33231282e-02,   2.37243157e-02,   9.62108448e-02,
          5.37300967e-02,  -4.92078252e-03,   1.37164565e-02,
          5.73209859e-03,   2.37593148e-02,  -2.33254675e-02,
          1.22698136e-02,   1.89068839e-02,  -9.01507866e-03,
         -6.13814918e-04,  -4.23539318e-02,   3.08102909e-02,
          1.87121332e-02,  -1.52825657e-02,  -5.84704094e-02,
          6.38636872e-02,   1.04114031e-02],
       [ -1.79594196e-02,  -2.56988499e-02,  -7.77353868e-02,
          2.33269725e-02,  -2.80851182e-02,   3.45033556e-02,
         -2.72555444e-02,   7.66178826e-03,  -8.07600245e-02,
          1.89341416e-04,  -4.88317795e-02,   1.94500387e-02,
          1.03860274e-02,  -1.63197645e-03,  -4.32424843e-02,
         -1.91078670e-02,   3.64632392e-03,  -1.07738180e-02,
          7.72828003e-03,   1.10048810e-02],
       [ -5.15642129e-02,  -1.89317914e-03,   4.10221666e-02,
          1.54899359e-02,  -8.49497691e-03,  -7.76049718e-02,
          5.93373850e-02,  -1.20432869e-01,  -4.86281281e-03,
         -2.26045512e-02,  -3.40684094e-02,  -3.40650864e-02,
          8.51214156e-02,   8.64153802e-02,   6.20587729e-02,
         -8.63284320e-02,  -9.68570933e-02,  -4.17149179e-02,
         -5.26356101e-02,   9.46971681e-03],
       [  5.34949675e-02,   7.94126652e-03,  -3.75848524e-02,
          5.29974289e-02,  -7.42798522e-02,   3.71450745e-02,
         -9.00946259e-02,   9.56777856e-03,  -2.07737517e-02,
          6.35292530e-02,   9.71019734e-03,   1.66546125e-02,
          6.35233000e-02,  -8.02383348e-02,   1.76519137e-02,
         -8.22910890e-02,   2.48832814e-02,  -7.45883211e-02,
         -2.25364100e-04,   5.66633232e-02],
       [ -1.01963930e-01,  -4.39463090e-03,   1.05452044e-02,
          1.53867621e-02,   1.04482742e-02,  -4.31223260e-03,
         -7.71902949e-02,   2.24249158e-02,   7.41608534e-03,
         -4.42863064e-04,   1.27695248e-01,   3.43098454e-02,
         -6.24730717e-03,  -1.27131119e-02,  -4.39380631e-02,
          6.37390018e-02,   3.45807453e-03,   4.33873758e-02,
         -1.36312842e-01,  -6.03100471e-02],
       [ -5.39150089e-03,  -8.27272758e-02,  -4.46105562e-02,
         -7.39315478e-03,  -2.33044866e-02,   2.19496544e-02,
          4.03345786e-02,  -2.15831529e-02,  -2.61890776e-02,
         -3.91372330e-02,   1.42408656e-02,   3.15407552e-02,
         -2.33946051e-02,  -2.16305796e-02,   2.28472613e-02,
          4.02459167e-02,   7.55200833e-02,  -1.62141293e-03,
         -1.23227574e-01,   5.10233603e-02],
       [ -1.35006299e-02,   1.72881596e-03,  -5.63763548e-03,
         -5.46708703e-02,   9.50392112e-02,  -3.39382477e-02,
         -5.42744808e-02,   2.06224504e-03,  -4.82032150e-02,
          9.57124960e-03,  -9.14810300e-02,  -1.15247257e-02,
         -4.77934023e-03,  -6.37739599e-02,  -5.09441085e-02,
         -7.73528963e-02,  -3.15525793e-02,  -9.14917216e-02,
          1.20941335e-02,   8.97285622e-03],
       [  1.39135150e-02,  -2.62310123e-03,  -8.31635967e-02,
         -2.37186961e-02,  -1.50389038e-03,  -8.65432154e-03,
          2.49393042e-02,   5.62806688e-02,  -3.16128060e-02,
          5.93615882e-02,  -3.39060389e-02,  -6.57069609e-02,
          1.37692569e-02,  -2.52013188e-02,   1.22788465e-02,
          6.07162192e-02,   9.33178589e-02,   6.01222627e-02,
         -7.60901114e-03,   5.08751348e-02],
       [  7.07530975e-02,  -3.42521593e-02,  -3.94309871e-03,
          9.93876085e-02,  -2.12329589e-02,  -2.18957495e-02,
         -2.03494099e-03,  -1.95781644e-02,   6.25478253e-02,
          4.03290469e-04,  -2.70779021e-02,  -1.13588301e-02,
          1.83713268e-02,   2.42083538e-02,   7.08291009e-02,
         -5.97069673e-02,  -1.72212850e-02,   2.34781438e-03,
         -1.00106552e-01,  -1.92543976e-02],
       [ -5.79918995e-02,  -3.67277972e-02,  -4.41062860e-02,
         -2.09110044e-02,   1.51115656e-02,   1.58824455e-02,
          1.03655457e-01,  -4.96121421e-02,   3.76790464e-02,
          1.19155757e-01,   3.08725983e-02,   2.02349070e-02,
          1.00145519e-01,   4.96280901e-02,   8.00731629e-02,
         -2.04157289e-02,  -3.07570156e-02,   1.05472125e-01,
         -1.23561621e-02,   3.15477140e-02],
       [ -4.45171595e-02,   1.52600063e-02,   8.31825018e-04,
         -3.26860659e-02,   3.52153890e-02,   5.62552698e-02,
         -6.49921596e-03,   2.41738884e-03,  -1.73489805e-02,
         -4.70277257e-02,   1.47120003e-02,  -5.31538501e-02,
         -1.18861375e-02,  -4.96874601e-02,  -3.81462239e-02,
          4.83550467e-02,  -3.54939029e-02,  -2.74268426e-02,
          1.06825210e-01,  -2.88192071e-02],
       [  2.51970049e-02,  -8.18701368e-03,  -3.20762731e-02,
          4.24130633e-02,  -4.24504094e-02,   2.16657259e-02,
          3.10238707e-03,  -3.55375893e-02,   1.64084043e-02,
          8.61400589e-02,  -2.41723340e-02,  -1.12358830e-04,
         -7.06157535e-02,   5.92557453e-02,   2.58670747e-02,
          7.06160441e-02,  -1.53751140e-02,   5.29707931e-02,
          1.04169779e-01,   1.01011410e-01],
       [ -5.04123643e-02,   1.86363999e-02,  -2.48946473e-02,
          8.31325799e-02,  -1.87906604e-02,   2.55227983e-02,
         -2.53783297e-02,   4.84828763e-02,   4.02363902e-03,
         -3.99936587e-02,  -8.82932097e-02,   2.37400252e-02,
          1.69759449e-02,   3.73832546e-02,   1.20241828e-02,
         -6.26188740e-02,  -2.36719456e-02,   1.96478255e-02,
         -3.20707895e-02,   4.71186750e-02],
       [  4.28868011e-02,   4.09339555e-02,   4.77681495e-02,
          5.45689575e-02,  -5.42228296e-02,   1.21964954e-01,
         -4.05816585e-02,   3.65994647e-02,   1.10779047e-01,
         -1.81065705e-02,   7.53137097e-02,  -3.02660167e-02,
         -8.71714856e-03,   3.63244675e-02,  -1.32112786e-01,
          4.21869569e-02,   1.25631437e-01,  -3.39438543e-02,
         -3.70559841e-02,  -2.42702998e-02],
       [  2.78716572e-02,  -4.43365127e-02,  -6.76777447e-03,
          2.15734281e-02,   1.02389874e-02,   5.87087497e-03,
         -1.50414128e-02,   4.36205268e-02,   1.64459758e-02,
          5.87412007e-02,  -7.79887065e-02,  -5.42844012e-02,
          4.62796614e-02,  -6.12583896e-03,   5.85046364e-03,
          2.92940461e-03,  -3.20306830e-02,   3.20895016e-03,
          4.93868068e-02,   1.38837799e-01],
       [  8.05695634e-03,   1.95510536e-02,   8.30895156e-02,
         -4.61419336e-02,   7.49722421e-02,  -5.96536100e-02,
         -5.64347208e-02,  -3.31907943e-02,   2.74787340e-02,
          4.75120954e-02,   2.80248281e-02,   6.20950423e-02,
          5.38195185e-02,  -3.94106321e-02,  -4.32761274e-02,
          9.63091967e-04,  -2.49165054e-02,  -8.89468566e-03,
         -9.29843932e-02,  -7.76305124e-02],
       [  5.95424436e-02,   3.77072277e-03,  -6.08983217e-03,
         -6.23443956e-03,   1.44902421e-02,  -1.23226375e-03,
         -7.70711303e-02,   2.17979848e-02,   1.78187843e-02,
         -2.47797519e-02,  -2.59838309e-02,  -6.34088665e-02,
          5.38363159e-02,  -3.42938378e-02,  -1.03627287e-01,
          3.59926037e-02,   2.41819993e-02,  -4.30404469e-02,
         -5.96815906e-02,  -7.19356001e-04],
       [  8.69476870e-02,   2.12101545e-02,  -5.32595478e-02,
         -1.14081457e-01,   1.75116758e-03,  -4.69932705e-02,
         -5.98844588e-02,   4.02117260e-02,  -4.82632071e-02,
         -2.41937675e-02,  -4.44587581e-02,  -3.50232236e-02,
         -5.14737442e-02,   8.47398769e-03,   3.24359946e-02,
          1.02866411e-01,  -2.93016341e-02,   3.86554524e-02,
         -5.72267286e-02,  -7.61503801e-02],
       [ -1.16161250e-01,  -5.77905495e-03,   9.05816406e-02,
          1.40948193e-02,  -6.91517582e-03,  -9.91295800e-02,
          6.09092554e-03,   2.21657287e-02,  -1.60307642e-02,
          3.31235677e-02,  -4.81779091e-02,  -2.53955927e-02,
         -5.47912307e-02,   2.92217117e-02,   1.36932537e-01,
         -7.75363669e-02,   4.43592370e-02,   2.07698792e-02,
          1.20708100e-01,   3.23423259e-02],
       [ -1.60322711e-02,   3.39771807e-02,   1.06991373e-01,
          5.60810454e-02,  -4.05347683e-02,   5.03665879e-02,
          7.90394004e-03,  -3.52267139e-02,   2.41610780e-02,
         -1.77029464e-02,  -4.96011265e-02,   5.30245788e-02,
          3.06816883e-02,   8.86556432e-02,  -2.50772294e-02,
         -8.52191076e-03,  -4.14747000e-02,  -5.55879287e-02,
         -1.11403540e-01,  -2.17085890e-02],
       [ -4.45376597e-02,  -2.76501421e-02,   6.11449145e-02,
          1.68928169e-02,   8.67349878e-02,   2.37527620e-02,
         -3.75219770e-02,  -3.23656611e-02,   2.73696519e-02,
         -1.79202966e-02,   1.67619083e-02,   2.33532935e-02,
         -5.96867576e-02,  -1.70173608e-02,   1.33978399e-02,
          5.02623990e-02,   1.18267266e-02,   3.16566154e-02,
          2.04638988e-02,   6.79940358e-02],
       [ -2.14640191e-03,   1.08541504e-01,  -2.89705824e-02,
         -5.52605353e-02,   7.61536509e-03,   1.08059691e-02,
         -7.31998682e-03,  -2.93892827e-02,   7.60677382e-02,
          5.21624796e-02,  -1.09860003e-01,   5.20960987e-02,
          3.96956764e-02,  -3.80166955e-02,   2.79284213e-02,
          4.93626902e-03,  -9.96465608e-03,   1.71838200e-03,
         -4.58514802e-02,  -2.30435487e-02],
       [  2.09392309e-02,   1.80186778e-02,  -8.14587399e-02,
         -7.73719922e-02,  -5.60239367e-02,   1.56977773e-02,
         -8.36059451e-02,  -1.65519696e-02,  -1.60318036e-02,
         -9.40384716e-02,  -9.91273392e-03,   5.05680172e-03,
         -3.50864679e-02,   8.19075033e-02,   2.84906756e-02,
         -5.88045828e-02,  -1.07791558e-01,  -4.51540984e-02,
          2.18106359e-02,   4.94410805e-02],
       [ -3.71907838e-02,   1.43674657e-01,   8.82649720e-02,
          1.26984180e-03,  -1.07778989e-01,   6.35854453e-02,
         -8.82698968e-03,  -3.04767434e-02,  -5.77681549e-02,
         -1.64989345e-02,   4.51084487e-02,  -5.06643057e-02,
         -4.95858900e-02,   2.17270036e-03,   2.70726122e-02,
         -1.87363885e-02,  -5.69289215e-02,  -8.54488984e-02,
         -7.44702518e-02,  -1.31374091e-01],
       [ -2.77779941e-02,  -5.95688727e-03,   5.01240231e-03,
          2.86226664e-02,  -5.79641536e-02,   4.72528394e-04,
         -8.34937766e-02,   1.30903916e-02,  -2.32194997e-02,
          1.00119770e-01,   5.70641235e-02,   8.63928646e-02,
          2.56213546e-02,   2.31243521e-02,  -2.59237569e-02,
          1.97724439e-02,  -2.52966043e-02,  -5.79720736e-02,
         -2.09471658e-02,  -5.38712107e-02],
       [  1.10643813e-02,  -3.87434848e-02,  -6.37864321e-02,
         -2.81404499e-02,   1.53178722e-02,  -4.54158373e-02,
          5.24775777e-03,   1.09234471e-02,  -6.50678203e-02,
          4.38031517e-02,   6.91931173e-02,   3.16864811e-02,
         -1.69505775e-02,   5.35304798e-03,   4.62890975e-02,
          4.01662588e-02,  -3.08689512e-02,   8.95701572e-02,
          6.77841529e-02,  -3.97538207e-02],
       [  1.87728424e-02,   1.61877293e-02,  -5.26991151e-02,
          3.43666635e-02,  -4.03678864e-02,  -2.60320641e-02,
         -6.53140768e-02,  -1.84526443e-02,   3.19053344e-02,
          6.77090650e-03,  -3.47954705e-02,   5.10600535e-03,
          6.78870305e-02,  -6.25706092e-03,  -3.14518772e-02,
         -4.63018380e-02,   6.18006177e-02,  -8.38155374e-02,
          1.35299182e-02,  -8.96779150e-02],
       [ -1.10045336e-01,  -2.75250115e-02,  -1.33535014e-02,
         -3.33638606e-03,   1.04965074e-02,  -4.41731177e-02,
         -1.93318520e-02,  -2.09070947e-02,   3.09862033e-03,
         -4.39238213e-02,  -9.67034623e-02,  -4.15494554e-02,
         -1.75306220e-02,  -5.57070738e-03,   8.00980255e-02,
          3.72535028e-02,  -6.21548668e-02,   2.78029628e-02,
         -7.68134231e-03,   6.87605003e-03],
       [  1.10556372e-02,   4.51205894e-02,   2.22233683e-02,
         -5.57371341e-02,  -3.59817557e-02,   2.80097257e-02,
          3.48702781e-02,  -2.25097630e-02,  -1.28009205e-03,
         -3.23950760e-02,   5.62531361e-03,  -5.10529242e-02,
         -4.24293242e-02,  -1.61671229e-02,   3.58567177e-03,
          5.05309068e-02,   2.99885999e-02,   4.72031981e-02,
         -1.87987518e-02,   4.43046317e-02],
       [ -2.83364803e-02,   2.63880789e-02,   2.30272766e-02,
          3.69644202e-02,   7.29046836e-02,  -6.54496113e-03,
         -3.01271975e-02,   1.00063831e-02,   2.18074881e-02,
         -2.87311953e-02,  -2.67176367e-02,   1.16692754e-02,
          4.11672369e-02,   1.64165569e-03,  -2.08423436e-02,
         -7.13621378e-02,   3.00848763e-02,   7.82929584e-02,
         -1.50218597e-02,   3.26298773e-02],
       [  3.33518870e-02,  -1.69723071e-02,  -5.80785684e-02,
          7.49866245e-03,  -8.83865263e-03,  -1.29859624e-02,
         -5.59971035e-02,   7.25684538e-02,   3.45094018e-02,
          6.13554418e-02,   3.49323861e-02,  -1.21805370e-02,
          1.47378193e-02,  -7.18166903e-02,   1.20957652e-02,
         -3.48562747e-02,   1.28268674e-02,   9.12594125e-02,
         -1.05237328e-01,  -3.49102616e-02],
       [  1.01954676e-01,  -1.72082894e-02,   3.44243250e-03,
         -2.08883956e-02,  -7.13961525e-03,  -1.76116358e-02,
          1.00300170e-01,  -4.53048535e-02,  -3.21939029e-02,
          1.23857915e-01,  -1.53133692e-02,   1.86183266e-02,
          4.73122858e-02,  -3.47241201e-02,  -1.53334504e-02,
         -3.51133496e-02,  -2.62280982e-02,   1.99862476e-02,
         -2.80175339e-02,   2.28518676e-02],
       [  9.42016859e-03,  -4.54300158e-02,  -2.43280660e-02,
          4.29391675e-02,   4.54061441e-02,  -4.90460992e-02,
         -2.00331807e-02,   4.83201109e-02,   1.12602198e-02,
          2.43401639e-02,   4.43179123e-02,  -3.98892909e-02,
         -4.50124498e-04,  -5.86977303e-02,   5.82814328e-02,
         -3.66441347e-02,   1.94787886e-02,  -5.80058806e-03,
         -2.58534849e-02,  -8.34864676e-02],
       [  9.12368372e-02,   3.53869908e-02,   6.52363466e-04,
         -6.28837058e-03,  -1.27599582e-01,  -5.96720278e-02,
         -3.75260152e-02,   8.45473930e-02,  -1.34383533e-02,
          1.15061775e-02,  -4.45323251e-03,   9.47216451e-02,
          8.84593725e-02,   3.48747298e-02,  -2.23240480e-02,
          6.78903132e-04,   1.60524752e-02,  -7.43214265e-02,
          2.79316697e-02,   2.71133007e-03],
       [ -3.23445909e-03,  -1.83341168e-02,  -1.94844678e-02,
          1.01077827e-02,   9.40805580e-03,  -6.27572909e-02,
         -1.64523750e-04,  -4.92376871e-02,   7.45743439e-02,
         -1.27724186e-02,   1.00958943e-02,   5.85948164e-03,
          3.12327798e-02,   3.22473496e-02,  -1.19133033e-02,
         -2.63767727e-02,  -4.80574518e-02,  -6.20660139e-03,
         -1.85783170e-02,   2.93327402e-02],
       [  5.93617223e-02,   5.49303964e-02,   8.66370928e-03,
          1.07886093e-02,  -4.31989873e-04,   9.11682844e-04,
         -4.86852378e-02,   1.67704728e-02,   6.64756298e-02,
          1.26092900e-02,  -7.27448016e-02,  -2.26465669e-02,
          5.28789274e-02,   5.89038827e-04,  -5.56150153e-02,
         -2.12807092e-03,  -4.32355255e-02,   6.78373799e-02,
         -1.22278705e-02,  -7.12037412e-03],
       [ -1.35514056e-02,  -9.37082395e-02,  -2.98377518e-02,
          2.86462791e-02,   5.62082641e-02,  -1.78649634e-01,
          2.78541781e-02,   3.41708697e-02,   3.33010815e-02,
          1.25935540e-01,   1.01007028e-02,  -2.08708411e-03,
          5.13407402e-02,   3.88954654e-02,  -5.74094355e-02,
          2.01043896e-02,  -3.23344655e-02,   3.12428325e-02,
          4.80367802e-02,  -1.00544570e-02],
       [ -2.06364375e-02,   7.26383850e-02,  -4.74456847e-02,
         -4.44138562e-03,  -4.01082151e-02,   1.00295171e-02,
         -1.77955907e-02,   1.46438330e-02,   1.71258137e-01,
         -8.04649740e-02,   2.78920587e-02,   2.09926423e-02,
          4.93582599e-02,  -9.68713220e-03,  -3.60760950e-02,
         -4.04186882e-02,  -5.95279224e-02,   3.53722535e-02,
          5.59249222e-02,   2.43702810e-02],
       [  6.76634535e-02,   2.24215388e-02,   7.30411932e-02,
         -5.31420410e-02,   4.00222689e-02,   1.06924651e-02,
          4.20891903e-02,  -8.98644999e-02,   2.43409295e-02,
          4.09405790e-02,  -1.32345771e-02,   2.13434789e-02,
          2.00015046e-02,  -4.48542275e-02,  -4.98350710e-02,
          6.19134121e-02,   6.11600354e-02,  -2.99517009e-02,
         -3.31966616e-02,  -3.78797315e-02],
       [  2.56429259e-02,   5.00407480e-02,  -8.40770006e-02,
         -6.78560063e-02,  -4.72828411e-02,   1.22685428e-03,
         -8.66164044e-02,   2.38651293e-03,  -4.93172929e-02,
         -2.85537448e-02,   3.15575860e-02,  -2.00666375e-02,
          8.39297101e-02,   4.85846810e-02,   1.31038355e-03,
         -6.68723136e-02,   5.57076819e-02,   2.54030619e-02,
         -7.36325756e-02,   3.83472703e-02],
       [ -2.54894588e-02,   1.21172145e-01,   5.14164083e-02,
          2.24683285e-02,   5.34695992e-03,   4.90336157e-02,
         -1.33263215e-01,   2.32781675e-02,  -2.02323496e-02,
          5.25619462e-02,   6.03192560e-02,   2.17057839e-02,
         -1.21646132e-02,  -2.12102160e-02,   4.62394543e-02,
         -2.49746274e-02,   2.44938973e-02,   1.63283292e-02,
         -4.86244857e-02,   3.15445215e-02],
       [  5.05772606e-02,  -1.14471130e-01,  -2.46906914e-02,
          6.77158777e-03,  -3.12509984e-02,  -7.70201460e-02,
          1.39736745e-04,  -2.31286231e-02,  -2.17426550e-02,
         -4.70638238e-02,  -4.34413552e-03,   4.29122942e-03,
          7.14518577e-02,  -1.93051100e-02,   1.15722546e-03,
          4.06534933e-02,   6.17724247e-02,  -7.33393654e-02,
         -2.10678019e-02,  -2.51826551e-02],
       [  6.50500599e-03,   1.16970912e-01,  -5.90189882e-02,
         -2.10804725e-03,   2.93458160e-02,   5.93823427e-03,
         -1.07288202e-02,  -4.22131224e-03,   9.98710394e-02,
         -8.23148992e-03,  -7.71693978e-03,   4.89167981e-02,
          4.04934026e-02,  -3.84428948e-02,  -1.17686074e-02,
          3.09177842e-02,  -9.36541110e-02,  -6.26313165e-02,
          1.11674204e-01,  -3.23833898e-02],
       [  6.80257604e-02,  -5.93752749e-02,   2.44935025e-02,
          1.07150964e-01,  -1.41603416e-02,   4.76930067e-02,
         -1.10102007e-02,   4.49166410e-02,  -1.10066356e-02,
         -5.06448448e-02,  -1.23949997e-01,  -9.25382972e-03,
          1.87122226e-02,  -1.47664845e-02,   9.47123580e-03,
          2.04447117e-02,  -9.65068676e-03,  -5.59974834e-03,
          3.09678214e-03,  -5.82418032e-02],
       [ -1.97858792e-02,  -8.35982487e-02,   3.34279500e-02,
         -1.05144158e-02,  -4.14394215e-02,   5.19976430e-02,
          3.72556299e-02,   1.61184389e-02,  -1.26876337e-02,
         -2.63580624e-02,  -8.37189332e-02,  -4.84318212e-02,
         -2.10711025e-02,   7.14790449e-03,  -2.57856008e-02,
         -4.73228507e-02,  -7.27957487e-02,  -3.62715125e-02,
          1.19263425e-01,  -5.01286937e-03],
       [  1.44255478e-02,   7.04451799e-02,  -1.34585111e-03,
         -5.07116830e-03,  -9.06440541e-02,  -1.58302318e-02,
          5.23522273e-02,  -5.25321327e-02,  -2.98990812e-02,
          4.30164747e-02,   3.86646762e-02,  -8.08258429e-02,
          1.08231269e-01,  -4.81102951e-02,  -3.78737040e-02,
         -1.87462550e-02,   3.09357289e-02,   5.46306185e-02,
         -7.41554424e-02,   9.67757963e-03],
       [  9.74481553e-02,   4.72816220e-03,  -6.98184548e-03,
          9.92200524e-02,   3.56057100e-02,   8.50504041e-02,
         -8.30629393e-02,   2.11382713e-02,   1.51776318e-02,
          2.21241247e-02,   5.45251183e-02,   3.61436419e-02,
         -7.49447271e-02,  -1.95553619e-02,  -2.78853420e-02,
         -4.73845191e-02,   1.28200771e-02,  -1.04816549e-01,
          3.66422050e-02,  -1.45681156e-02]], dtype=float32), array([ 0.,  0.,  0.,  0.,  0.,  0.,  0.,  0.,  0.,  0.,  0.,  0.,  0.,
        0.,  0.,  0.,  0.,  0.,  0.,  0.], dtype=float32)][array([[ 0.06111809],
       [ 0.02555266],
       [-0.00780641],
       [ 0.01085729],
       [ 0.02330283],
       [-0.00531005],
       [-0.00267707],
       [-0.05784563],
       [ 0.01974227],
       [-0.02700602],
       [-0.00615918],
       [-0.01432601],
       [-0.0187818 ],
       [ 0.01753758],
       [-0.0476989 ],
       [-0.08465906],
       [-0.00513062],
       [-0.08518562],
       [ 0.0323176 ],
       [-0.01583957]], dtype=float32), array([ 0.], dtype=float32)]