[array([[  2.40224209e-02,   1.01727135e-02,  -1.60697044e-03,
         -5.96938193e-01,  -1.68071110e-02,  -2.79447227e-03,
          6.00333288e-02,  -1.42091811e-01,   4.98960614e-02,
          2.21656840e-02,   9.55109373e-02,  -3.78396176e-02,
         -2.43689828e-02,   3.34785134e-02,   1.52265048e-02,
          2.83870529e-02,   3.47923398e-01,   5.54692328e-01,
          2.02044640e-02,  -1.60731167e-01,  -6.15572035e-02,
         -2.79190689e-02,  -1.75126679e-02,  -9.78205819e-03,
         -4.99251252e-03,   7.97787845e-01,  -5.95037267e-03,
         -5.76125458e-02,   5.16277924e-02,  -1.00229815e-01,
         -1.86012257e-02,   2.38899793e-02,  -4.44994681e-02,
          2.63087805e-02,   8.34103897e-02,  -7.26546645e-02,
         -5.49492799e-03,   4.65002321e-02,   8.61985609e-03,
         -1.35650128e-01,  -1.16190158e-01,  -8.02270696e-02,
          8.39547291e-02,  -5.41668534e-02,   1.51310582e-02,
         -3.21638212e-02,  -2.93611940e-02,  -5.36378697e-02,
         -1.75961480e-02,   4.48027597e-04],
       [ -4.50775921e-02,   1.05389130e+00,  -5.10006212e-02,
         -4.71631974e-01,   6.28154799e-02,  -1.27479562e-03,
          9.21444148e-02,   3.91340777e-02,   4.43794839e-02,
         -8.31063744e-03,  -3.25773060e-02,  -4.80332524e-02,
          1.01529500e-02,  -6.74866512e-02,  -1.84549242e-02,
          4.06663716e-02,  -2.40554765e-01,   1.17170833e-01,
         -1.07287042e-01,   1.37107208e-01,   1.00360326e-01,
          6.01582490e-02,   1.07196167e-01,  -5.27419560e-02,
         -2.00286712e-02,  -5.82095385e-01,   1.71949696e-02,
         -3.18869837e-02,   7.93477446e-02,  -2.31835507e-02,
          6.49351478e-02,   5.49837314e-02,   2.73865256e-02,
          1.09827064e-01,   5.80588579e-02,  -4.48899977e-02,
          2.62060631e-02,  -8.95723607e-03,   3.44300270e-02,
          2.88589329e-01,  -4.68903668e-02,  -7.48780146e-02,
         -9.20548141e-02,   2.10594423e-02,  -1.09969974e-02,
         -2.08265446e-02,  -4.71846908e-02,   4.31312472e-02,
          2.54110008e-01,   2.08406504e-02]], dtype=float32), array([ 0.,  0.,  0.,  0.,  0.,  0.,  0.,  0.,  0.,  0.,  0.,  0.,  0.,
        0.,  0.,  0.,  0.,  0.,  0.,  0.,  0.,  0.,  0.,  0.,  0.,  0.,
        0.,  0.,  0.,  0.,  0.,  0.,  0.,  0.,  0.,  0.,  0.,  0.,  0.,
        0.,  0.,  0.,  0.,  0.,  0.,  0.,  0.,  0.,  0.,  0.], dtype=float32)][array([[ -4.44734003e-03,   3.54980260e-01,   5.46620367e-03,
         -2.22213373e-01,   1.61798466e-02,  -2.73219384e-02,
         -1.28612077e+00,  -3.80541049e-02,   2.45693028e-02,
          6.81510150e-01,  -5.25727756e-02,  -4.73364070e-02,
          5.60951307e-02,   3.31948221e-01,  -1.70267895e-01,
         -4.97222356e-02,   5.94803803e-02,   1.26094565e-01,
         -1.65597782e-01,  -3.43602777e-01],
       [ -4.65257652e-02,   9.93461683e-02,   3.66200730e-02,
          4.48154092e-01,   1.78661086e-02,  -1.58303678e-02,
         -4.84296501e-01,  -1.72819197e-02,  -9.34496149e-02,
          1.45962656e-01,   2.26611327e-02,   1.61942899e-01,
         -6.18083589e-02,   5.90775073e-01,  -4.79045473e-02,
          1.19700506e-02,   3.56366709e-02,  -5.64097703e-01,
          4.35932446e-03,   3.45987320e-01],
       [  4.24526222e-02,   1.45642686e+00,   2.63829213e-02,
         -3.79889250e-01,  -1.68499295e-02,   4.19270508e-02,
         -2.31991410e-01,  -3.24302614e-02,   7.25301430e-02,
          1.74033657e-01,  -8.82744864e-02,   2.00964399e-02,
         -6.10561967e-02,   7.92266726e-01,  -2.41449289e-02,
         -5.61275296e-02,   5.77785401e-03,  -1.10815749e-01,
         -9.56370682e-02,  -1.13632344e-02],
       [ -2.55183014e-03,   2.58556902e-01,  -1.80036146e-02,
         -4.49887305e-01,  -5.61961439e-03,  -7.09227994e-02,
          1.37294248e-01,   1.18955269e-01,   1.53098842e-02,
          3.99758406e-02,   3.41259353e-02,   3.16069722e-02,
         -9.54541937e-03,  -5.66960752e-01,   3.50294868e-03,
          1.27910245e-02,  -4.15157247e-03,   7.97471479e-02,
         -5.31981409e-01,  -2.24950805e-01],
       [  5.76085150e-02,   1.01479256e+00,   3.54930828e-03,
         -6.96641266e-01,   1.14966361e-02,  -1.81837194e-03,
         -1.35294342e+00,   2.03949660e-02,   2.02013366e-03,
         -5.63944280e-01,   4.07462381e-02,  -2.10936647e-03,
          2.17683669e-02,   7.14886487e-01,   9.21508111e-03,
          1.11250253e-02,   9.54023898e-02,   1.74799010e-01,
         -4.89720590e-02,  -5.63972779e-02],
       [ -3.51276249e-02,  -1.04785629e-01,  -6.77750111e-02,
          3.96359265e-01,  -3.54592614e-02,  -7.10380301e-02,
          3.54512006e-01,   1.54906601e-01,  -1.03863969e-01,
         -1.10272840e-01,  -1.91868301e-02,  -9.56943259e-02,
         -1.17590614e-02,  -6.94918036e-01,  -3.45897414e-02,
          2.43754108e-02,   1.00239418e-01,   1.26490280e-01,
          6.71998024e-01,  -3.62534583e-01],
       [ -5.68412617e-02,  -3.77145708e-01,  -7.14726327e-03,
         -1.50813282e-01,   2.90127960e-03,  -8.00875388e-03,
          7.19801009e-01,  -5.18541485e-02,   4.44420353e-02,
         -2.44261548e-01,   7.07498193e-02,  -3.46957445e-02,
          1.17307138e-02,  -4.31282669e-01,  -3.11494209e-02,
          7.42563605e-02,   9.35979933e-02,   1.68800484e-02,
          3.16145539e-01,  -5.12510836e-01],
       [  9.68491435e-02,  -3.82658869e-01,   3.83463241e-02,
         -3.38015974e-01,   8.19281265e-02,   5.92905767e-02,
          5.80266893e-01,   2.88501475e-02,   4.73029912e-02,
          2.14033395e-01,   9.97335184e-03,   5.54904304e-02,
          5.30799218e-02,   5.71725547e-01,   2.00135320e-01,
          2.37761270e-02,  -1.95253443e-03,  -1.82694525e-01,
          5.05241990e-01,  -1.20678194e-01],
       [  9.45657864e-02,  -2.28239441e+00,  -2.35796813e-02,
         -2.30766267e-01,  -1.15520805e-02,  -9.72318836e-03,
         -4.97298151e-01,   3.84796113e-02,   7.15448856e-02,
         -3.84944454e-02,   1.44943746e-03,   3.34386155e-02,
         -5.62252067e-02,  -1.80580640e+00,  -5.05354181e-02,
         -2.01771613e-02,   7.26022525e-03,   3.87764782e-01,
         -1.05012953e-01,  -6.41607344e-01],
       [ -4.15522121e-02,   1.43304244e-01,   6.30518049e-02,
          3.98853689e-01,  -1.94306877e-02,  -4.50859815e-02,
          6.48746789e-02,   6.03025369e-02,  -1.38912246e-01,
          5.76954544e-01,   7.70698339e-02,   9.60328244e-03,
         -4.66313474e-02,  -3.62854064e-01,  -4.19261679e-02,
          6.67934418e-02,   1.03748813e-01,  -2.01136366e-01,
         -7.26498291e-02,  -2.09718570e-01],
       [ -1.91990864e-02,   2.23652005e+00,  -1.45661123e-02,
         -3.53646249e-01,   2.90856101e-02,  -3.24162818e-03,
          2.77147125e-02,   2.44207159e-02,  -1.06436260e-01,
          3.12408507e-01,   2.20435020e-02,  -4.40443717e-02,
          1.12714544e-02,  -8.96899343e-01,   3.69659439e-02,
         -4.60724793e-02,   2.42263861e-02,  -6.36919513e-02,
          1.15446046e-01,  -7.09352791e-02],
       [ -2.79035270e-02,   1.39064920e+00,  -1.87565759e-03,
         -3.94398659e-01,  -2.72981524e-02,   4.00223071e-03,
          6.07147098e-01,  -2.05654185e-02,  -5.53923026e-02,
          9.42514688e-02,  -3.29081714e-02,  -2.50632185e-02,
         -6.49554953e-02,  -5.37843287e-01,   3.98628116e-02,
         -1.10627107e-01,   2.38752794e-02,   1.64530873e-01,
         -1.67398021e-01,  -4.78264511e-01],
       [  2.90948506e-02,   3.60480785e-01,  -1.07198237e-02,
          1.43212959e-01,   2.04950608e-02,   3.77568640e-02,
          4.98004034e-02,  -4.18235213e-02,   8.83254409e-02,
          2.18618393e-01,  -1.00099139e-01,  -1.26695737e-01,
         -1.97165422e-02,  -8.65427673e-01,   4.24597003e-02,
         -6.96483403e-02,  -3.55902351e-02,   9.61656740e-04,
         -1.74734578e-01,  -3.18598628e-01],
       [ -1.70611069e-02,   8.05052936e-01,  -5.11476658e-02,
          6.97127283e-01,  -1.45380339e-02,  -3.05176117e-02,
         -2.43264630e-01,   2.17347350e-02,   4.69439023e-04,
          1.59328654e-01,  -1.55088603e-02,  -4.27171588e-02,
         -7.57195940e-03,   1.02964079e+00,  -7.04727694e-02,
         -3.18748616e-02,   4.93888445e-02,   4.50588651e-02,
         -1.98066443e-01,   5.96759796e-01],
       [ -1.89210754e-02,  -4.02349663e+00,  -1.23134432e-02,
          1.76787719e-01,  -5.49899936e-02,  -8.14526528e-03,
         -1.14490045e-02,  -2.27981969e-03,  -2.69671548e-02,
          3.28424215e-01,  -1.26758879e-02,  -1.01291828e-01,
         -3.84105295e-02,  -1.46491504e+00,   1.51438460e-01,
         -2.52204090e-02,   6.44076839e-02,  -3.90069094e-04,
         -1.97015300e-01,  -6.12302199e-02],
       [ -3.39975804e-02,   2.54460502e+00,   4.67682369e-02,
          2.92352736e-01,  -3.50445956e-02,   3.80699933e-02,
          6.92010701e-01,  -1.14099337e-02,  -1.28365710e-01,
          4.71584201e-02,  -3.69040738e-03,  -1.16895162e-01,
          6.10422008e-02,   3.33108366e-01,   7.77795762e-02,
         -4.11324538e-02,   2.78259404e-02,   3.76217812e-01,
         -3.06784421e-01,   8.47804323e-02],
       [  6.93395883e-02,   4.03606087e-01,  -2.83470303e-02,
          4.02911566e-02,  -1.02607362e-01,  -5.43564670e-02,
         -9.16489303e-01,  -1.00565761e-01,  -7.62468502e-02,
         -2.80173331e-01,  -4.83626910e-02,   4.88096029e-02,
         -4.02308814e-02,  -5.19591630e-01,   1.04110595e-02,
         -5.46964956e-03,   9.65421423e-02,  -1.86111256e-01,
         -5.27823344e-02,   1.45759180e-01],
       [  3.98506112e-02,   1.16207767e+00,   8.97352025e-03,
         -2.09608927e-01,  -6.23640930e-03,   8.89395736e-03,
          3.10992841e-02,   6.78288862e-02,   3.21489275e-02,
         -3.87104928e-01,  -7.00479671e-02,   3.41163762e-02,
          1.17663838e-01,  -2.87381202e-01,  -1.02736857e-02,
         -1.45750120e-02,   7.39496201e-02,   2.96670586e-01,
          1.46209463e-01,  -2.85447568e-01],
       [ -3.48957367e-02,   1.49406433e+00,  -3.31992880e-02,
          5.45684509e-02,  -6.67665005e-02,   5.46982624e-02,
         -4.87648472e-02,  -3.02177891e-02,  -7.22731724e-02,
         -5.73654413e-01,   6.54396042e-02,   6.39684275e-02,
         -9.02659968e-02,  -9.67147768e-01,   2.52485443e-02,
         -1.93632662e-03,  -5.06295338e-02,  -1.06662109e-01,
         -6.76464960e-02,   3.46675403e-02],
       [  8.90516937e-02,   8.27783883e-01,  -3.85804251e-02,
          9.09895897e-02,  -1.15267098e-01,  -2.06721295e-02,
         -1.68729454e-01,   3.89314070e-02,  -1.29175363e-02,
          2.08086669e-01,   3.31946649e-02,  -6.76746946e-03,
          1.47527258e-04,   1.83689535e-01,   3.17204706e-02,
          1.28912898e-02,   6.23652115e-02,  -2.49712363e-01,
          1.13570020e-01,   2.67441869e-01],
       [ -2.70072948e-02,  -2.01632783e-01,  -2.89252866e-02,
         -2.00259283e-01,   7.36227334e-02,   1.19804896e-01,
          2.18933880e-01,   2.75528841e-02,  -2.21264418e-02,
          4.03006852e-01,   3.59653905e-02,  -7.15531632e-02,
          7.09156319e-03,   8.16806853e-02,   5.20551996e-03,
          4.66053188e-03,  -7.17562437e-02,   3.34313631e-01,
         -1.68396300e-03,   5.54437637e-02],
       [  4.24978994e-02,  -7.11591959e-01,  -9.62483976e-03,
         -2.35346749e-01,   4.80471551e-02,  -2.59459838e-02,
         -5.66525042e-01,  -3.62488106e-02,  -8.79084691e-02,
         -1.67122424e-01,   6.14570081e-02,  -7.18798190e-02,
          2.90315989e-02,   1.27364710e-01,   2.70550326e-02,
          2.61562001e-02,   1.80194136e-02,   2.23168060e-01,
         -2.43176639e-01,  -2.51916014e-02],
       [ -6.43539056e-02,   1.46063507e+00,  -3.07068918e-02,
          2.22802058e-01,  -2.55231746e-02,  -3.52516733e-02,
         -4.18570548e-01,   2.33309269e-02,  -2.85468046e-02,
          1.09683171e-01,   5.73409274e-02,  -2.99846902e-02,
          5.91320284e-02,  -2.59917051e-01,   1.09416284e-01,
          7.63299409e-03,   9.09189805e-02,   1.96081206e-01,
         -4.46968585e-01,   2.41334572e-01],
       [  1.12503469e-02,   9.59831774e-01,  -7.80789787e-03,
          4.12869155e-01,  -1.43775374e-01,   1.11278575e-02,
          7.77977526e-01,  -6.48768805e-03,  -2.29061842e-02,
          2.63990343e-01,   2.31195744e-02,   3.20510776e-03,
         -4.61459123e-02,   2.45025739e-01,   5.17867543e-02,
          4.62749451e-02,  -1.46968989e-02,   9.53698158e-03,
         -5.14621846e-03,   7.15587139e-01],
       [  8.52833614e-02,  -6.64888620e-01,   1.86588392e-02,
          1.33661255e-01,   1.81120615e-02,  -3.55505943e-02,
         -6.93274677e-01,   2.01904941e-02,  -1.44685209e-01,
         -4.31667417e-01,   2.93293204e-02,   1.70726876e-03,
          1.54897375e-02,  -1.02204990e+00,  -2.67286804e-02,
          1.62779335e-02,   2.42129210e-02,  -3.57322544e-02,
         -6.51545376e-02,   4.92459178e-01],
       [  7.33036920e-02,   7.73084015e-02,  -3.08181476e-02,
          5.64973176e-01,  -1.21475104e-02,  -1.46151800e-02,
         -5.36284924e-01,   3.18826213e-02,  -4.36573476e-02,
          3.33433539e-01,  -4.05491702e-02,  -7.80950263e-02,
          5.16944891e-03,   9.30737615e-01,   5.95681630e-02,
         -3.10629141e-02,   5.45474254e-02,   4.66437675e-02,
          8.03539008e-02,  -1.76678553e-01],
       [  5.64073920e-02,   7.99164712e-01,   6.04280047e-02,
         -7.61999264e-02,   2.08661612e-02,  -1.51431616e-02,
          6.80967689e-01,   9.69218239e-02,  -1.33104213e-02,
          6.85101688e-01,   1.21924095e-01,  -7.41240084e-02,
          8.21735412e-02,   5.46232343e-01,   7.14439712e-03,
         -4.65781093e-02,  -6.36751065e-04,  -4.40892547e-01,
          1.76443249e-01,  -3.48956399e-02],
       [  6.79484308e-02,   3.36096787e+00,   8.52339938e-02,
          6.14231884e-01,   7.11819306e-02,   1.18419314e-02,
         -4.95409936e-01,   1.75573435e-02,   1.14212576e-02,
         -3.39359730e-01,  -9.63562652e-02,   2.07401323e-03,
          9.41908639e-03,  -1.00245571e+00,  -5.66414148e-02,
         -5.79176508e-02,   1.20902266e-02,  -1.88630655e-01,
         -1.58848524e-01,  -1.26364127e-01],
       [ -5.72714431e-04,   3.75854999e-01,   6.21627318e-03,
         -2.03684449e-01,   2.63770577e-02,  -1.15972934e-02,
          1.21651091e-01,  -5.89999333e-02,   1.15617342e-01,
         -8.47036541e-01,   1.13014273e-01,  -6.79824427e-02,
          6.06144145e-02,  -3.71139973e-01,  -1.00426033e-01,
          4.93727140e-02,  -8.57399106e-02,  -8.17218602e-01,
          1.75753534e-01,  -1.41433418e-01],
       [  2.02807244e-02,  -1.26326561e+00,  -2.66040619e-02,
         -3.85577798e-01,  -8.40189226e-04,  -2.34555714e-02,
          5.59468329e-01,   9.19876099e-02,  -1.17157489e-01,
          4.99713361e-01,   7.12344190e-04,  -2.67206170e-02,
          5.94757162e-02,   1.53965741e-01,   1.79009840e-01,
          5.24357008e-03,   6.19942732e-02,   3.27868722e-02,
         -1.63423255e-01,   6.87152088e-01],
       [ -8.53439793e-02,  -1.27356720e+00,  -3.76553200e-02,
          2.04068527e-01,  -2.40161065e-02,   9.36765969e-03,
          9.99765396e-02,  -1.16347987e-02,   2.07812879e-02,
         -6.14200890e-01,  -2.64939256e-02,  -4.53454209e-03,
         -2.01814529e-02,  -1.16933540e-01,   6.49703387e-03,
         -2.37157475e-02,   1.83338132e-02,   1.87159926e-01,
          3.58975083e-02,   3.30392361e-01],
       [ -4.43593562e-02,  -1.39114916e+00,   3.29865403e-02,
          6.04427159e-01,   4.38923500e-02,   5.84797747e-03,
          1.08802974e+00,  -1.04105473e-01,   6.81306273e-02,
          3.22999731e-02,   3.22987027e-02,   3.94649617e-02,
          5.73643856e-02,  -3.08516562e-01,   1.12754088e-02,
         -4.96924631e-02,   8.35859701e-02,  -1.93038791e-01,
          3.17223966e-02,   1.31957894e-02],
       [  1.19556217e-02,   2.08563995e+00,   3.93745899e-02,
         -2.36503533e-04,   4.02365625e-02,   4.09500040e-02,
         -3.77465785e-01,   4.14387546e-02,  -1.01839714e-01,
          2.57674992e-01,   1.49223596e-01,  -2.34642010e-02,
          8.27502739e-03,   1.09566367e+00,   4.37201336e-02,
         -3.29620391e-02,  -8.24474078e-03,  -2.75847018e-01,
         -2.98005372e-01,   3.68272185e-01],
       [  5.99609278e-02,  -1.56371415e+00,   5.64372726e-02,
         -3.57560384e-05,   9.33571681e-02,   4.47215475e-02,
          1.64634958e-01,   1.40593439e-01,  -1.40217930e-01,
          2.75392830e-01,  -6.89984113e-02,   3.61878425e-02,
         -2.59836446e-02,   6.56370401e-01,   2.77490392e-02,
          3.60459760e-02,  -4.87336032e-02,  -2.80126743e-02,
         -2.98843253e-02,  -4.84517813e-02],
       [  3.88739966e-02,  -2.48419523e+00,   1.28204413e-02,
          1.32800728e-01,  -9.20691062e-03,  -2.58090231e-03,
         -1.18305612e+00,   4.75973710e-02,  -1.61493998e-02,
         -4.80685681e-01,  -3.52161489e-02,   4.31606621e-02,
          7.36731514e-02,  -1.24941874e+00,  -2.04343330e-02,
          3.00944056e-02,  -1.93252526e-02,   1.86801657e-01,
          8.40816200e-02,   3.15050632e-01],
       [ -3.50652076e-02,  -2.83071709e+00,   6.76819384e-02,
         -2.50743359e-01,  -5.83216967e-03,  -6.54014051e-02,
         -7.22129285e-01,   5.32519585e-03,  -1.49561137e-01,
          4.97058779e-01,  -4.70796488e-02,  -5.42388260e-02,
          1.26034860e-02,   1.09355283e+00,   1.51429296e-01,
          3.80884595e-02,  -7.52010420e-02,   9.52690914e-02,
          5.48202991e-02,  -9.29466411e-02],
       [  3.04492633e-03,   1.75768590e+00,  -2.38178149e-02,
         -4.58247364e-01,   2.55203303e-02,  -1.70649700e-02,
         -5.21250606e-01,   8.52862298e-02,  -5.75937256e-02,
          3.60133015e-02,  -1.33331558e-02,   7.80483056e-03,
          9.47909653e-02,  -2.45684683e-02,   7.86736086e-02,
         -1.70129575e-02,   1.08174220e-01,   6.94714785e-02,
          2.76622213e-02,   1.37828469e-01],
       [  1.70828886e-02,   1.23323882e+00,   1.38675207e-02,
         -4.05043095e-01,  -2.03344859e-02,  -4.58926056e-03,
         -3.21053892e-01,   4.84387167e-02,  -6.70048818e-02,
          1.57011539e-01,   8.02983344e-02,   7.56720454e-02,
         -4.72995220e-03,  -2.26413250e-01,  -4.24941666e-02,
         -6.65239915e-02,  -5.51869944e-02,  -2.08553657e-01,
         -2.78903451e-02,   3.56587976e-01],
       [ -3.22065502e-03,   3.82250607e-01,  -2.77888402e-02,
          3.96302074e-01,   1.85511727e-02,   3.86594832e-02,
         -6.01932779e-02,   5.05735027e-03,  -2.74875248e-03,
          6.15279600e-02,   6.39796210e-03,   3.17659825e-02,
          5.52879355e-04,  -6.38785422e-01,  -4.11472768e-02,
          9.23958328e-03,  -3.35858054e-02,   1.24938384e-01,
         -2.04188585e-01,   1.19887777e-01],
       [ -2.83633508e-02,  -1.44353306e+00,  -2.34920625e-03,
          9.12674963e-02,  -5.97708486e-02,  -2.86124479e-02,
         -4.48071986e-01,   7.26562887e-02,  -1.11707494e-01,
         -1.25228226e-01,   6.55683801e-02,   1.33815850e-03,
         -9.52696651e-02,  -4.13812906e-01,  -1.16419494e-02,
          2.19368469e-02,  -2.01407205e-02,  -1.42266033e-02,
          7.36525580e-02,  -2.88573392e-02],
       [ -3.71493096e-03,  -5.39327681e-01,   6.48195529e-03,
         -9.93945822e-02,  -5.47954347e-03,  -5.10492735e-03,
          7.98333943e-01,  -6.35755947e-03,  -8.39948058e-02,
         -1.77142024e-01,   3.13903280e-02,   7.01638265e-03,
          9.17188004e-02,  -5.43272316e-01,  -3.00746392e-02,
          2.01586355e-03,   6.10829480e-02,   4.49524298e-02,
          8.28692224e-03,  -1.82473347e-01],
       [  4.77126800e-02,   2.10042968e-01,   5.86699024e-02,
         -5.53922176e-01,   2.02118587e-02,  -4.00813632e-02,
         -1.46364999e+00,   6.47000223e-02,   8.86360649e-03,
          6.66211993e-02,   8.45201090e-02,   3.43239377e-03,
          8.48650374e-03,  -8.50524724e-01,   2.52362221e-01,
          9.75845661e-03,   1.30522475e-02,   3.97060156e-01,
          5.20760119e-01,  -6.19569659e-01],
       [  2.68110968e-02,   1.09991169e+00,  -5.55357002e-02,
         -1.79297045e-01,   1.00413479e-01,   3.01309731e-02,
          2.00815856e-01,   5.11587895e-02,  -1.39484722e-02,
         -1.45675957e-01,  -3.40137556e-02,  -2.60405522e-02,
         -1.29238830e-03,  -8.78909767e-01,  -4.68831249e-02,
         -1.24402277e-01,  -5.09300195e-02,  -9.65778306e-02,
          1.32618353e-01,   8.87639642e-01],
       [ -6.45294636e-02,   1.13570178e+00,   1.87346793e-03,
         -4.15019318e-02,   5.43252507e-04,   9.01859701e-02,
          5.77884853e-01,   6.82268199e-03,   7.84323215e-02,
         -3.00159425e-01,   4.13769186e-02,  -2.64996686e-03,
         -6.67415652e-03,   8.32475945e-02,  -3.82459648e-02,
         -4.75209616e-02,  -2.90614869e-02,   4.83267933e-01,
         -1.56911299e-01,  -2.82283098e-01],
       [ -4.08649966e-02,   4.86021787e-01,   3.15545537e-02,
         -2.41361097e-01,   3.69062647e-02,   2.20048595e-02,
         -3.15664858e-01,   8.79692193e-03,  -4.99958359e-02,
         -6.20830834e-01,  -5.46349473e-02,  -2.99309734e-02,
         -2.44590677e-02,  -4.27071035e-01,  -7.88073912e-02,
         -3.41629349e-02,  -2.04920340e-02,  -2.70736992e-01,
          2.07484424e-01,   6.07008398e-01],
       [  4.94604884e-03,  -1.97450244e+00,   4.46313880e-02,
         -3.26810956e-01,  -2.55978983e-02,  -4.73708734e-02,
          1.34631610e+00,  -4.70556431e-02,  -4.80497777e-02,
         -1.61923185e-01,   3.03907879e-02,  -2.11799853e-02,
          1.24450795e-01,   5.36733866e-02,   3.56054530e-02,
          5.75507851e-03,   9.98939853e-03,   1.33300483e-01,
         -3.44539553e-01,   3.09259415e-01],
       [ -9.40489210e-03,  -4.57756877e-01,  -1.61934632e-03,
          1.41716138e-01,   3.30030173e-02,  -3.82724218e-02,
         -8.72856528e-02,   4.03786451e-03,   2.03388669e-02,
         -2.15795204e-01,  -5.39252050e-02,   4.92618196e-02,
         -2.33150534e-02,  -6.62629247e-01,   6.54746220e-02,
          1.24970032e-02,   1.76329296e-02,   8.30772519e-02,
          1.81740180e-01,   1.65375918e-01],
       [ -6.56802580e-02,  -1.37838161e+00,  -8.31284672e-02,
         -3.09839159e-01,   1.76432598e-02,  -2.50560301e-03,
         -9.05477047e-01,   3.39084230e-02,  -6.99083135e-02,
         -1.30605653e-01,  -2.59048082e-02,  -2.69493945e-02,
          4.78892401e-02,   6.07989132e-01,  -1.44862791e-03,
          6.91048801e-02,  -1.84657704e-02,   1.86468974e-01,
          3.97692055e-01,  -5.50485849e-01],
       [ -5.69204949e-02,   5.25592901e-02,   2.27878038e-02,
          2.38211185e-01,  -6.51535541e-02,  -4.99882288e-02,
          6.09936118e-01,   7.13157132e-02,  -1.04628377e-01,
          3.77075315e-01,  -8.13773274e-02,   9.36374348e-03,
         -9.29803215e-03,   9.07616198e-01,  -2.35059392e-02,
          1.43390447e-02,  -4.43205759e-02,   6.71461672e-02,
          1.07589290e-01,   7.60210827e-02],
       [  3.12291225e-03,   1.78325164e+00,   1.63699519e-02,
          3.62894654e-01,  -3.72682065e-02,   3.81432436e-02,
          4.15212035e-01,  -6.14931807e-02,   2.03279480e-01,
         -2.17812687e-01,   6.89898729e-02,  -2.98243016e-02,
          4.21025008e-02,   3.41182873e-02,   2.66348571e-02,
          3.41800600e-02,   5.34759425e-02,   3.26432019e-01,
          1.84976719e-02,  -3.85690421e-01]], dtype=float32), array([ 0.,  0.,  0.,  0.,  0.,  0.,  0.,  0.,  0.,  0.,  0.,  0.,  0.,
        0.,  0.,  0.,  0.,  0.,  0.,  0.], dtype=float32)][array([[ 12.71130371],
       [  6.28599167],
       [ 10.89213753],
       [  1.60008287],
       [  4.40693331],
       [ -0.95300651],
       [ 21.67209435],
       [  2.15849662],
       [  0.79212356],
       [  3.71960807],
       [  1.00760782],
       [ -5.88890457],
       [-16.37680244],
       [ 14.1017313 ],
       [ -7.47306347],
       [ -8.16290092],
       [-18.72695923],
       [ -7.73944855],
       [  1.27860701],
       [ 11.20234489]], dtype=float32), array([ 0.], dtype=float32)]