[array([[ -5.91999352e-01,   1.49637041e+04,   9.42899597e+02,
         -1.97707016e+02,  -2.51383837e-02,   2.63326317e-01,
         -4.07195000e+06,  -9.05891705e+00,   1.60017181e+02,
         -9.30596828e+00,   9.05361084e+02,   3.98525405e+00,
         -6.42970085e-01,   2.35453248e-01,  -6.88724688e+04,
          1.19652051e+04,  -1.99439681e+00,  -1.77861359e+02,
          4.43846600e+06,  -3.83468969e+05,  -1.46253332e-02,
         -6.77296448e+01,  -2.83566689e+00,  -3.26008737e-01,
          3.29441965e-01,   3.71312031e+04,  -1.20059219e+02,
          3.14279053e+03,   3.21628531e+05,   1.72107700e+07,
          2.72447529e+01,   6.90298223e+00,   7.14672070e+03,
         -4.45735312e+04,   9.05192344e+04,   1.73022766e+05,
          6.29416990e+00,   3.52845383e+00,  -2.01856717e-01,
          1.55142349e+02,   6.61653500e+06,   1.65224297e+04,
         -4.54247322e+01,  -5.04330039e-01,   7.79783875e-02,
         -3.60159961e+04,   6.16144447e+01,   2.15001031e+05,
         -1.55823364e+02,   5.44871625e+05],
       [ -6.39822185e-01,  -1.56696016e+04,  -1.25813733e+03,
         -1.00656366e+03,   1.38342371e-02,   3.58868480e-01,
          4.32472850e+06,   2.81732121e+01,  -5.70727081e+01,
          3.39112854e+01,  -1.22111621e+03,  -3.55069757e+00,
         -3.25252247e+00,  -1.87969342e-01,   7.03365156e+04,
         -1.22170586e+04,   6.04988194e+00,   2.32101166e+02,
         -4.43372100e+06,   3.91543938e+05,   1.17224744e-02,
          3.52768250e+01,   2.00237179e+00,   3.90947962e+00,
          6.22864306e-01,  -3.88744492e+04,   1.37528107e+02,
         -3.39367163e+03,  -3.41595375e+05,  -1.71914600e+07,
         -3.14864082e+01,  -6.93215942e+00,  -7.78194678e+03,
          4.45227617e+04,  -9.11309609e+04,  -1.72764469e+05,
         -7.89826488e+00,  -2.08770919e+00,   7.18962967e-01,
         -2.54669785e+02,  -6.60960850e+06,  -1.80734961e+04,
         -2.75478363e+02,  -1.29734290e+00,   1.10929042e-01,
          3.90769922e+04,   2.34213791e+01,  -2.30178484e+05,
         -5.30036240e+01,  -5.42069562e+05],
       [  4.07006025e-01,  -2.29431934e+03,  -1.84780493e+03,
          7.73661011e+02,  -8.83923471e-03,   2.25181103e-01,
          3.31944594e+05,   1.19569607e+01,   3.97661018e+01,
          1.40043032e+00,  -1.79390381e+03,  -5.41819496e+01,
          2.81623125e+00,   1.72057897e-01,   9.04248926e+03,
         -1.59119250e+03,   2.62256956e+00,   1.19713097e+01,
         -7.68075750e+05,   5.10151680e+04,   1.36940097e-02,
         -1.44546928e+01,   3.23797035e+00,  -3.61992645e+00,
          1.69936985e-01,  -5.76428271e+03,   4.15394258e+00,
         -6.28463318e+02,  -2.62189375e+04,  -2.98287950e+06,
         -1.31231222e+01,  -1.26682844e+01,  -1.52845923e+03,
          7.72077393e+03,  -1.74844707e+04,  -2.99126855e+04,
         -3.90187651e-01,  -3.31796341e+01,  -4.46782112e-01,
         -4.09060760e+02,  -1.13401038e+06,  -3.44995264e+03,
          2.24856064e+02,   4.42141332e-02,   2.54425764e-01,
          7.63184277e+03,   5.49463387e+01,  -1.16719229e+04,
         -6.13567047e+01,  -1.01374461e+05],
       [  9.82085347e-01,  -8.89106348e+03,  -2.67127197e+03,
         -8.91372864e+02,  -1.07579611e-01,   2.21939623e-01,
          2.39312125e+06,  -1.08814564e+01,  -1.37078842e+02,
          1.90844955e+01,  -2.58508887e+03,  -5.15693130e+01,
         -4.88842630e+00,  -3.26373100e-01,   4.11593438e+04,
         -7.17338037e+03,   1.86123931e+00,   5.04319878e+01,
         -2.77628450e+06,   2.29942703e+05,   7.13613108e-02,
          6.77349701e+01,   1.77610326e+00,   4.38621187e+00,
         -1.03894293e+00,  -2.21452539e+04,   1.92283993e+01,
         -2.03344580e+03,  -1.89024719e+05,  -1.07714980e+07,
         -4.28001251e+01,   1.23956833e+01,  -4.68579395e+03,
          2.78870996e+04,  -5.83979414e+04,  -1.08236453e+05,
         -3.85544538e+00,  -3.18632240e+01,  -5.16649663e-01,
         -5.35377380e+02,  -4.12493050e+06,  -1.06373926e+04,
         -2.42212769e+02,  -6.51890457e-01,  -2.90914595e-01,
          2.35781543e+04,  -5.21906815e+01,  -1.08539406e+05,
          8.41016922e+01,  -3.57779438e+05],
       [  3.59860539e-01,   2.00197363e+04,   1.48244116e+03,
         -4.01214569e+02,   7.28393048e-02,   7.68210292e-02,
         -5.64340100e+06,   2.09629383e+01,  -2.98143935e+00,
          2.99958038e+01,   1.43873743e+03,  -2.96350308e-02,
         -1.06662190e+00,   1.80882961e-01,  -9.37890234e+04,
          1.62644053e+04,  -7.26183987e+00,   1.32801956e+02,
          6.45348900e+06,  -5.21229000e+05,  -1.15758209e-02,
         -9.58468399e+01,   1.34265649e+00,   1.89445019e+00,
         -1.51768148e-01,   4.96910039e+04,   4.78075066e+01,
          4.48675195e+03,   4.45752250e+05,   2.50210840e+07,
          5.05633736e+01,   3.25055885e+00,   1.01492021e+04,
         -6.48163516e+04,   1.30822289e+05,   2.51709297e+05,
          9.29431725e+00,  -1.47786236e+00,   1.25374711e+00,
          3.19300842e+02,   9.64012800e+06,   2.29443359e+04,
         -1.04374748e+02,  -6.60011232e-01,  -6.99863434e-01,
         -5.10401133e+04,   3.92824440e+01,   2.88778406e+05,
         -7.55438004e+01,   8.00134812e+05],
       [  4.76160288e-01,   1.88307305e+04,  -2.34738477e+03,
         -1.19996143e+03,   6.31245896e-02,  -5.32752238e-02,
         -5.00221000e+06,  -4.58015518e+01,   9.82170334e+01,
          6.07709808e+01,  -2.28500854e+03,  -1.05099998e+02,
         -8.90557766e+00,  -3.00954223e-01,  -8.54965156e+04,
          1.48428613e+04,  -1.46225333e+00,  -2.80671570e+02,
          5.21853850e+06,  -4.75730719e+05,  -3.92800160e-02,
         -3.71247149e+00,  -2.55764318e+00,   6.96441174e+00,
         -3.95205170e-01,   4.66288672e+04,  -1.58838120e+02,
          3.83122144e+03,   3.95107312e+05,   2.02335220e+07,
          1.52805691e+01,  -5.10642014e+01,   8.85244434e+03,
         -5.24085195e+04,   1.09305922e+05,   2.03337562e+05,
          7.76136351e+00,  -6.49236298e+01,  -4.29169685e-01,
         -5.33920471e+02,   7.78348550e+06,   2.08417285e+04,
         -3.35181488e+02,   1.44646180e+00,  -4.96332794e-01,
         -4.48823594e+04,  -5.14804001e+01,   2.58148672e+05,
          1.10778931e+02,   6.46121000e+05],
       [ -7.13762462e-01,   1.68947910e+04,   5.50286963e+03,
          2.90571484e+03,  -1.04809776e-02,  -3.96938115e-01,
         -4.34648600e+06,  -1.23588562e+01,  -9.39507904e+01,
         -9.97793808e+01,   5.34961768e+03,   1.29535995e+02,
         -4.65991050e-02,  -4.13833767e-01,  -7.74100312e+04,
          1.33977979e+04,  -5.60264683e+00,  -1.95918823e+02,
          5.04207000e+06,  -4.29352375e+05,  -3.46776545e-02,
          1.51990819e+00,  -9.14110065e-01,   7.81689167e-01,
          5.89898288e-01,   4.20203203e+04,  -1.17582314e+02,
          3.85429004e+03,   3.43313906e+05,   1.95389020e+07,
          7.57721090e+00,   3.91203003e+01,   8.83376758e+03,
         -5.06353516e+04,   1.07087133e+05,   1.96503125e+05,
          7.39830923e+00,   8.02533722e+01,   3.19781959e-01,
          1.20865320e+03,   7.54886550e+06,   2.01751719e+04,
          7.86888977e+02,   5.73200881e-01,  -4.35866773e-01,
         -4.42241680e+04,  -1.83811569e+01,   2.02234469e+05,
          1.19079880e+02,   6.44934375e+05],
       [  2.40307882e-01,   2.80542383e+04,   1.63750989e+03,
          1.52193420e+03,   6.72841445e-02,   5.59939086e-01,
         -7.10042600e+06,  -1.19482632e+01,  -6.57104874e+00,
         -5.45655937e+01,   1.59038269e+03,   7.72942543e+00,
         -6.63943672e+00,  -1.33202389e-01,  -1.28901680e+05,
          2.23791641e+04,  -8.59824181e+00,  -7.69932709e+01,
          8.41297500e+06,  -7.17241312e+05,  -1.97001435e-02,
         -8.52035751e+01,  -3.62525439e+00,   4.53353930e+00,
          3.10779452e-01,   6.96276797e+04,  -6.98781509e+01,
          6.14193115e+03,   5.60837812e+05,   3.26231320e+07,
          1.86419468e+01,   6.15958357e+00,   1.40708730e+04,
         -8.44816328e+04,   1.78847344e+05,   3.27993812e+05,
          9.35693550e+00,   4.13398218e+00,   4.47685182e-01,
          3.50997833e+02,   1.25489900e+07,   3.23032891e+04,
          4.14331757e+02,  -6.41126156e-01,  -5.24308264e-01,
         -7.08387266e+04,   6.46279602e+01,   3.26961531e+05,
         -1.01582077e+02,   1.07920700e+06]], dtype=float32), array([ 0.,  0.,  0.,  0.,  0.,  0.,  0.,  0.,  0.,  0.,  0.,  0.,  0.,
        0.,  0.,  0.,  0.,  0.,  0.,  0.,  0.,  0.,  0.,  0.,  0.,  0.,
        0.,  0.,  0.,  0.,  0.,  0.,  0.,  0.,  0.,  0.,  0.,  0.,  0.,
        0.,  0.,  0.,  0.,  0.,  0.,  0.,  0.,  0.,  0.,  0.], dtype=float32)][array([[ -5.92169124e+10,   1.18753613e+09,  -1.27047830e+07,
         -1.29225605e+10,  -1.70799152e+08,   2.22478624e+12,
         -1.82227744e+08,  -1.06755728e+08,  -5.68733008e+04,
          1.69924844e+10,   9.77474689e+00,   2.63458374e+03,
          1.26628454e+11,   2.33960018e+10,  -1.67260352e+09,
          1.29735918e+11,   9.02887834e+09,   4.58648975e+03,
          6.14008320e+09,   5.52336359e+12],
       [ -3.58243860e+10,  -4.00117222e+09,   4.06995825e+06,
         -9.07455898e+09,  -1.19240744e+08,   1.84865535e+12,
         -1.27056232e+08,  -6.41945960e+07,   2.10846172e+04,
          1.18312397e+10,  -5.95670557e+00,   3.68523499e+02,
          6.80241603e+10,  -5.06874880e+09,   9.11864704e+08,
          7.85402102e+10,   6.32763853e+09,  -1.79804480e+03,
         -3.59839309e+09,   4.58925906e+12],
       [ -2.30122144e+11,  -1.13268419e+10,  -1.08239560e+07,
         -5.51804191e+10,  -7.26690176e+08,   1.03623845e+13,
         -7.74810432e+08,  -4.13521760e+08,  -2.07278809e+04,
          7.21780982e+10,  -5.30787468e+00,   2.85476440e+03,
          4.68427112e+11,   2.85225431e+10,  -1.04527834e+09,
          5.04683463e+11,   3.80315238e+10,   5.63938818e+03,
         -1.08881702e+09,   2.57252330e+13],
       [ -2.21504471e+11,  -1.90664581e+10,   1.21995770e+07,
         -5.39152343e+10,  -7.10725120e+08,   1.07816797e+13,
         -7.57568768e+08,  -3.97981408e+08,   8.91793438e+04,
          7.06197668e+10,  -1.76736355e+01,  -1.32684631e+03,
          4.25269297e+11,  -1.09997824e+10,   4.46290125e+09,
          4.85100126e+11,   3.80599091e+10,  -7.99001709e+03,
         -1.37376266e+10,   2.67654875e+13],
       [  2.40492728e+10,   4.80718182e+09,  -8.17042050e+06,
          6.57625549e+09,   8.63065680e+07,  -1.46010957e+12,
          9.19146240e+07,   4.30235120e+07,  -3.79979336e+04,
         -8.55853773e+09,   9.04036999e+00,   6.58611084e+02,
         -4.10413670e+10,   1.24195717e+10,  -1.63166336e+09,
         -5.26886625e+10,  -4.63324518e+09,   4.66376416e+03,
          5.76719360e+09,  -3.62458304e+12],
       [  2.14196486e+11,   7.92441293e+09,   1.73285560e+07,
          5.09939425e+10,   6.72311168e+08,  -9.37149386e+12,
          7.16964224e+08,   3.85218848e+08,   4.28397695e+04,
         -6.68104335e+10,  -7.27918530e+00,  -9.72656067e+02,
         -4.43925889e+11,  -3.87247309e+10,   2.65977856e+09,
         -4.69874541e+11,  -3.49344113e+10,  -7.41020605e+03,
         -3.08600704e+09,  -2.32654771e+13],
       [  7.18247578e+09,   1.89174170e+09,  -1.13922425e+06,
          3.39727002e+09,   4.38556000e+07,  -5.31668959e+11,
          4.67464080e+07,   1.25285470e+07,  -7.08242725e+03,
         -4.31746816e+09,   2.43575644e+00,   9.64056335e+02,
         -2.25308303e+10,   2.12497808e+08,   1.52685939e+09,
         -1.64401101e+10,  -1.51645235e+09,   6.87782227e+02,
          2.29841152e+09,  -1.32001418e+12],
       [ -1.15504177e+11,  -2.07850611e+09,  -1.47248020e+07,
         -2.70433239e+10,  -3.55259264e+08,   4.84548280e+12,
         -3.78810112e+08,  -2.07376336e+08,  -5.73735508e+04,
          3.52484884e+10,  -5.05585480e+00,   5.59176367e+03,
          2.43508789e+11,   2.99098030e+10,  -2.36931763e+09,
          2.53510271e+11,   1.84320082e+10,   1.22727939e+04,
          5.04150835e+09,   1.20294589e+13],
       [  1.29997242e+11,   3.98069299e+09,   1.05996650e+07,
          2.97580380e+10,   3.92284096e+08,  -5.56840255e+12,
          4.18306144e+08,   2.33966624e+08,   3.83472969e+04,
         -3.89817590e+10,   1.15763536e-02,  -3.53312915e+03,
         -2.62020334e+11,  -2.25860669e+10,   1.91064704e+08,
         -2.84659515e+11,  -2.10084966e+10,  -4.66472266e+03,
         -2.96181299e+09,  -1.38238986e+13],
       [  5.44580076e+10,   7.93622579e+09,  -1.31385860e+07,
          1.29245512e+10,   1.71164144e+08,  -2.94921018e+12,
          1.82344800e+08,   9.79695440e+07,  -6.48177773e+04,
         -1.70400297e+10,   9.37984467e+00,   1.26099927e+03,
         -8.91522007e+10,   2.05137920e+10,  -4.30468506e+09,
         -1.18654411e+11,  -9.91287296e+09,   9.02998828e+03,
          8.41534976e+09,  -7.32105802e+12],
       [ -3.61226895e+11,  -1.75243346e+10,  -1.45827780e+07,
         -8.47484355e+10,  -1.11823731e+09,   1.61622534e+13,
         -1.19232666e+09,  -6.49849344e+08,  -4.54702832e+03,
          1.11161418e+11,  -1.19877882e-01,   1.66692419e+03,
          7.21495589e+11,   3.89244928e+10,   1.08922701e+09,
          7.91210885e+11,   5.95917865e+10,   6.02137354e+03,
         -1.36479539e+09,   4.01234754e+13],
       [  2.58750726e+11,   8.89925325e+09,   1.89054680e+07,
          5.95789128e+10,   7.85986944e+08,  -1.11759631e+13,
          8.38178944e+08,   4.65930848e+08,   4.47696914e+04,
         -7.81304545e+10,  -6.17021751e+00,  -2.23007544e+03,
         -5.20532099e+11,  -4.13253878e+10,   1.23217016e+08,
         -5.66573859e+11,  -4.20002079e+10,  -7.62084277e+03,
         -4.23787238e+09,  -2.77449498e+13],
       [  2.23184568e+11,   1.02850775e+10,   7.86019700e+06,
          5.08409446e+10,   6.71868672e+08,  -9.87694209e+12,
          7.16378112e+08,   4.01911616e+08,  -4.83183258e+02,
         -6.68336333e+10,  -8.50015998e-01,  -1.65683350e+03,
         -4.35277365e+11,  -2.07196201e+10,  -2.72841805e+09,
         -4.88109539e+11,  -3.66688829e+10,  -2.26555688e+03,
          1.08907744e+08,  -2.45197355e+13],
       [  6.12733665e+10,   4.16221875e+09,   2.41362400e+06,
          1.63493970e+10,   2.13687328e+08,  -2.94538078e+12,
          2.27757072e+08,   1.09355184e+08,   1.83351055e+04,
         -2.11528274e+10,   1.17911444e+01,  -3.46911865e+03,
         -1.33899657e+11,  -8.37494528e+09,   2.05141645e+09,
         -1.35183155e+11,  -1.03843604e+10,  -3.50415796e+03,
          1.85375526e+09,  -7.31224736e+12],
       [ -9.09440696e+10,  -5.46110003e+09,  -2.52928450e+06,
         -2.24002847e+10,  -2.95100416e+08,   4.21015165e+12,
         -3.14637088e+08,  -1.63337808e+08,   3.31135913e+03,
          2.93143757e+10,  -3.50565100e+00,  -1.81321091e+02,
          1.86476364e+11,   8.77189120e+09,  -6.31518592e+08,
          1.99637254e+11,   1.52244429e+10,   1.25906116e+03,
         -1.89052058e+09,   1.04519476e+13],
       [  3.80569027e+10,   7.37920768e+09,  -1.30526090e+07,
          9.97637120e+09,   1.30949560e+08,  -2.27909409e+12,
          1.39422464e+08,   6.80489440e+07,  -5.67658398e+04,
         -1.29857905e+10,   1.74873981e+01,  -3.96087891e+02,
         -6.23337923e+10,   2.01739694e+10,  -3.08457344e+09,
         -8.32105185e+10,  -7.27630387e+09,   6.33426025e+03,
          8.73271808e+09,  -5.65759181e+12],
       [  7.31284685e+10,   1.50232960e+09,   1.11188690e+07,
          1.83386993e+10,   2.41203408e+08,  -3.11328113e+12,
          2.57301184e+08,   1.31413856e+08,   3.07102715e+04,
         -2.39454700e+10,  -2.80714297e+00,   9.11449646e+02,
         -1.63795812e+11,  -2.29468774e+10,   3.38338714e+09,
         -1.61056211e+11,  -1.17480499e+10,  -6.18186670e+03,
         -2.84899430e+09,  -7.72922409e+12],
       [  2.07668183e+11,   1.66042040e+10,  -5.58760850e+06,
          5.17047255e+10,   6.80377472e+08,  -1.00445696e+13,
          7.25223168e+08,   3.72528832e+08,  -4.16202617e+04,
         -6.75510559e+10,   2.53710823e+01,  -2.11936572e+03,
         -4.13645799e+11,  -9.69840576e+08,  -1.15598157e+09,
         -4.55676428e+11,  -3.55008635e+10,   1.94420435e+03,
          1.06742528e+10,  -2.49359321e+13],
       [ -1.10997119e+11,  -3.55304397e+09,  -8.75684600e+06,
         -2.54272307e+10,  -3.35808288e+08,   4.76521798e+12,
         -3.58117312e+08,  -1.99886096e+08,  -2.53004395e+04,
          3.33957448e+10,   4.35026455e+00,   1.05592932e+03,
          2.23728337e+11,   1.87863101e+10,  -1.51645920e+08,
          2.43019301e+11,   1.79692380e+10,   2.72716919e+03,
          2.32613632e+09,   1.18299264e+13],
       [  3.02773719e+10,   1.16048435e+10,  -2.49937080e+07,
          9.21190502e+09,   1.20775016e+08,  -2.40904700e+12,
          1.28457664e+08,   5.38453080e+07,  -1.21948203e+05,
         -1.19691397e+10,   2.07879162e+01,   2.86342554e+03,
         -3.74944686e+10,   4.02083103e+10,  -5.12371046e+09,
         -6.61001544e+10,  -6.83641190e+09,   1.20273145e+04,
          1.57761720e+10,  -5.97992984e+12],
       [  2.39735669e+11,   8.09004134e+09,   2.23985260e+07,
          5.76023020e+10,   7.58325248e+08,  -1.04363993e+13,
          8.08697664e+08,   4.30939712e+08,   6.59222734e+04,
         -7.53111286e+10,  -6.52131379e-01,  -2.45999951e+03,
         -5.03322477e+11,  -4.89387090e+10,   4.29445939e+09,
         -5.26292255e+11,  -3.89747098e+10,  -1.19493291e+04,
         -4.46726451e+09,  -2.59093462e+13],
       [ -1.33038817e+11,  -8.42555904e+09,  -4.73686250e+05,
         -3.17326172e+10,  -4.18292544e+08,   6.17008123e+12,
         -4.45908672e+08,  -2.39012048e+08,   1.01018408e+04,
          4.15620956e+10,  -9.09732342e+00,   2.07937891e+03,
          2.62348063e+11,   6.41928448e+09,   1.15865574e+09,
          2.91465298e+11,   2.23091077e+10,   4.54563293e+02,
         -3.44156570e+09,   1.53173927e+13],
       [  1.13490813e+11,   1.10227384e+10,  -8.16612400e+06,
          2.87520911e+10,   3.77233312e+08,  -5.70406941e+12,
          4.01978176e+08,   2.03227488e+08,  -2.96742090e+04,
         -3.74050652e+10,   2.67861328e+01,  -3.90305688e+03,
         -2.21566943e+11,   7.85568102e+09,  -1.60792166e+09,
         -2.49068814e+11,  -1.97517414e+10,   2.69057275e+03,
          8.94526771e+09,  -1.41604180e+13],
       [ -2.54840046e+11,  -8.73580032e+09,  -1.90265300e+07,
         -5.87917763e+10,  -7.75592960e+08,   1.10174384e+13,
         -8.27067840e+08,  -4.58674368e+08,  -5.14931484e+04,
          7.70953134e+10,   4.60477018e+00,   3.52743530e+03,
          5.14398257e+11,   4.16487875e+10,  -4.72491840e+08,
          5.58126465e+11,   4.13682033e+10,   8.58029688e+03,
          4.45431501e+09,   2.73514381e+13],
       [  1.36911331e+11,   8.33860301e+09,   2.84174925e+06,
          3.34537871e+10,   4.40437248e+08,  -6.34628761e+12,
          4.69545632e+08,   2.45810176e+08,  -4.46270605e+03,
         -4.37392466e+10,   1.39425640e+01,  -1.49806201e+03,
         -2.77621080e+11,  -1.13339638e+10,   3.31818304e+08,
         -3.00420530e+11,  -2.29253468e+10,  -3.43729736e+03,
          3.10036096e+09,  -1.57549834e+13],
       [  8.82176901e+10,  -1.65680781e+09,   2.20482620e+07,
          2.12290765e+10,   2.79527616e+08,  -3.38949230e+12,
          2.98290176e+08,   1.58750704e+08,   8.83964453e+04,
         -2.77644616e+10,  -1.03632975e+01,  -8.07723633e+02,
         -2.03972493e+11,  -4.18431836e+10,   5.50934733e+09,
         -1.94268316e+11,  -1.35356334e+10,  -9.93929980e+03,
         -8.77092147e+09,  -8.41519464e+12],
       [  3.11038751e+10,   1.38895731e+09,  -1.77360488e+06,
          5.51067085e+09,   7.34406080e+07,  -1.31343922e+12,
          7.82682080e+07,   5.63842840e+07,  -1.36518438e+04,
         -7.33285632e+09,  -1.17067683e+00,  -1.00866467e+03,
         -4.71230833e+10,   3.49678566e+09,  -3.05906125e+09,
         -6.71714796e+10,  -5.04278477e+09,   1.09152405e+03,
          1.65604512e+08,  -3.26039372e+12],
       [  1.35603446e+11,   7.52514112e+08,   2.06177080e+07,
          3.06754273e+10,   4.05261888e+08,  -5.45376751e+12,
          4.32334560e+08,   2.44494608e+08,   6.91350312e+04,
         -4.03112346e+10,  -1.56500511e+01,  -7.81434204e+02,
         -2.84219048e+11,  -3.96589261e+10,   2.50932326e+09,
         -2.97123217e+11,  -2.13132390e+10,  -7.55742920e+03,
         -8.31207117e+09,  -1.35395667e+13],
       [ -3.98176133e+10,   1.18976397e+09,  -1.12876700e+07,
         -9.59133082e+09,  -1.26195624e+08,   1.48974443e+12,
         -1.34672272e+08,  -7.16116240e+07,  -5.06566289e+04,
          1.25304095e+10,   4.81206226e+00,   1.17620654e+03,
          9.39879711e+10,   2.12310344e+10,  -2.89066573e+09,
          8.77601014e+10,   6.03308288e+09,   4.81024316e+03,
          4.69010432e+09,   3.69868774e+12],
       [  1.07457061e+11,   4.49453466e+09,   6.09590750e+06,
          2.50522460e+10,   3.30545280e+08,  -4.72731615e+12,
          3.52484672e+08,   1.93463600e+08,   1.30787207e+04,
         -3.28592835e+10,  -2.10509682e+00,  -4.36842529e+02,
         -2.15730668e+11,  -1.43944878e+10,  -7.55319680e+07,
         -2.35344871e+11,  -1.75939277e+10,  -9.36608582e+02,
         -5.55864576e+08,  -1.17357958e+13],
       [ -4.84323779e+10,   4.50891622e+09,  -1.90062380e+07,
         -9.59064986e+09,  -1.27316264e+08,   1.43309000e+12,
         -1.35989248e+08,  -8.77766240e+07,  -7.33529141e+04,
          1.26928067e+10,   1.94134331e+01,   6.87316284e+02,
          1.09001998e+11,   3.30386739e+10,  -2.60414029e+09,
          1.05989644e+11,   6.73113754e+09,   8.03086572e+03,
          1.02442527e+10,   3.55806505e+12],
       [ -7.36197591e+10,  -9.19925453e+09,   9.70783600e+06,
         -1.94566164e+10,  -2.55574704e+08,   3.92009430e+12,
         -2.72338656e+08,  -1.31772736e+08,   5.13478555e+04,
          2.53541519e+10,  -1.27666197e+01,  -5.96697754e+02,
          1.42940914e+11,  -1.20218726e+10,   1.29811174e+09,
          1.61694138e+11,   1.32055378e+10,  -5.07540771e+03,
         -8.82086400e+09,   9.73161470e+12],
       [  1.82921359e+10,  -5.34430496e+08,   6.06399950e+06,
          4.91368397e+09,   6.45075240e+07,  -6.97764938e+11,
          6.88720560e+07,   3.29101780e+07,   2.34666016e+04,
         -6.39956224e+09,  -4.87394047e+00,   8.68460144e+02,
         -4.72067891e+10,  -1.16451584e+10,   2.12106086e+09,
         -4.05513708e+10,  -2.79195494e+09,  -1.74619116e+03,
         -2.07840845e+09,  -1.73245478e+12],
       [ -1.31931046e+11,  -7.44143411e+09,  -3.12824300e+06,
         -3.15820544e+10,  -4.15423040e+08,   6.03154232e+12,
         -4.42874496e+08,  -2.37017680e+08,  -7.51098389e+03,
          4.12408996e+10,  -6.93236780e+00,   2.91784521e+03,
          2.63633256e+11,   1.09525125e+10,   4.18148576e+08,
          2.89177862e+11,   2.19632599e+10,   1.03267053e+03,
         -2.22805453e+09,   1.49735583e+13],
       [ -5.34402335e+10,  -3.12938010e+09,  -1.31638800e+06,
         -1.29752945e+10,  -1.70770096e+08,   2.46591652e+12,
         -1.82041200e+08,  -9.58799120e+07,  -2.49354419e+03,
          1.69560648e+10,  -7.74781942e+00,   1.41249658e+03,
          1.08210242e+11,   4.75534797e+09,  -1.07073296e+08,
          1.17255004e+11,   8.92304998e+09,   2.05899561e+03,
         -9.89457344e+08,   6.12176704e+12],
       [  6.45591163e+10,  -2.50639680e+07,   1.17306960e+07,
          1.50951547e+10,   1.98652592e+08,  -2.58479725e+12,
          2.11902944e+08,   1.16120208e+08,   5.01718984e+04,
         -1.97262664e+10,  -1.49522531e+00,  -2.13876465e+03,
         -1.40619055e+11,  -2.26668954e+10,   2.26681805e+09,
         -1.41802095e+11,  -1.00944916e+10,  -6.05140479e+03,
         -4.55320730e+09,  -6.41715824e+12],
       [ -7.19073690e+10,   3.58171981e+09,  -2.24529780e+07,
         -1.61332562e+10,  -2.13140656e+08,   2.49677768e+12,
         -2.27549328e+08,  -1.29862160e+08,  -7.94076484e+04,
          2.12030239e+10,   1.80249443e+01,  -4.68449860e+02,
          1.65266751e+11,   4.07514604e+10,  -4.39642368e+09,
          1.57978395e+11,   1.06024929e+10,   1.01570107e+04,
          1.04748769e+10,   6.19889348e+12],
       [  1.71654218e+11,   1.41653975e+10,  -8.14523500e+06,
          4.15216927e+10,   5.47341824e+08,  -8.29073287e+12,
          5.83414848e+08,   3.08404736e+08,  -6.28575625e+04,
         -5.43850373e+10,   1.63393364e+01,   1.94636292e+02,
         -3.29800614e+11,   6.45577318e+09,  -3.38041446e+09,
         -3.75891231e+11,  -2.93774254e+10,   4.24594043e+03,
          9.69824870e+09,  -2.05817370e+13],
       [  8.04105677e+09,  -1.93670992e+08,   2.27615525e+06,
          2.05061581e+09,   2.65114340e+07,  -3.18986650e+11,
          2.82439080e+07,   1.42232310e+07,   7.26671045e+03,
         -2.61137024e+09,   5.70154810e+00,  -1.36468921e+03,
         -1.96316242e+10,  -4.46272358e+09,   7.15576000e+08,
         -1.78222203e+10,  -1.22864269e+09,  -4.65929639e+03,
         -9.21607936e+08,  -7.91988142e+11],
       [ -2.25090814e+11,  -2.00081756e+10,   9.98748000e+06,
         -5.71520328e+10,  -7.51828160e+08,   1.11116519e+13,
         -8.01383744e+08,  -4.03704992e+08,   7.06851250e+04,
          7.46353377e+10,  -2.79900837e+01,  -5.55765564e+02,
          4.49418756e+11,  -4.87764941e+09,   1.14337779e+09,
          4.94181351e+11,   3.88698153e+10,  -5.31878369e+03,
         -1.47500186e+10,   2.75849685e+13],
       [  8.22840852e+10,   6.82855987e+09,  -1.76424375e+06,
          2.11045724e+10,   2.77735680e+08,  -4.02295384e+12,
          2.96073920e+08,   1.47561744e+08,  -2.46342812e+04,
         -2.75757322e+10,   1.07153921e+01,   9.60941162e+02,
         -1.68253391e+11,  -1.67591002e+09,   3.88406816e+08,
         -1.80842430e+11,  -1.41325117e+10,  -3.09759094e+02,
          4.58895053e+09,  -9.98717050e+12],
       [ -3.58096486e+10,   1.15848627e+09,  -7.85593150e+06,
         -7.20959642e+09,  -9.59346720e+07,   1.27290324e+12,
         -1.02400208e+08,  -6.48890400e+07,  -3.21239727e+04,
          9.57295514e+09,   7.57805109e+00,   4.45284332e+02,
          7.30264289e+10,   1.38247916e+10,  -3.21813760e+08,
          7.81525484e+10,   5.35919155e+09,   1.49155359e+03,
          4.20499738e+09,   3.16011499e+12],
       [  8.46682194e+10,  -6.55325338e+09,   3.17839420e+07,
          1.81275709e+10,   2.39734224e+08,  -2.68952640e+12,
          2.55989712e+08,   1.53000176e+08,   1.26772727e+05,
         -2.38594580e+10,  -2.34174938e+01,  -1.86042493e+03,
         -1.96824433e+11,  -5.65350564e+10,   5.73341082e+09,
         -1.85892258e+11,  -1.20461885e+10,  -1.47653730e+04,
         -1.60034959e+10,  -6.67758939e+12],
       [  5.60743137e+10,   9.20989248e+08,   5.32882500e+06,
          1.19046042e+10,   1.58048864e+08,  -2.27920236e+12,
          1.68605424e+08,   1.01399248e+08,   4.27983008e+03,
         -1.57546732e+10,  -1.13729706e+01,   1.41797595e+03,
         -1.08603761e+11,  -1.01433283e+10,  -7.62419008e+08,
         -1.22327056e+11,  -8.89366426e+09,  -9.56330750e+02,
         -2.40036250e+09,  -5.65817534e+12],
       [ -2.61658132e+11,  -8.52744499e+09,  -2.12813740e+07,
         -6.05901537e+10,  -7.99507008e+08,   1.12673308e+13,
         -8.52635712e+08,  -4.71120928e+08,  -4.50206914e+04,
          7.94816512e+10,   1.07344084e+01,   8.22055969e+02,
          5.31716964e+11,   4.58737418e+10,  -1.20366400e+09,
          5.73183033e+11,   4.24070144e+10,   9.47429102e+03,
          5.17007616e+09,   2.79718742e+13],
       [ -1.46466865e+11,  -1.15524096e+10,   7.98838400e+06,
         -3.39622420e+10,  -4.48390144e+08,   6.97470393e+12,
         -4.77896384e+08,  -2.63389344e+08,   4.20911016e+04,
          4.45827809e+10,  -1.28009539e+01,   2.76052100e+03,
          2.71574270e+11,  -8.52135219e+09,   4.80036557e+09,
          3.20054395e+11,   2.49223823e+10,  -6.28070264e+03,
         -7.39490611e+09,   1.73145221e+13],
       [  3.06436383e+10,  -1.15516989e+10,   3.54591200e+07,
          4.83518259e+09,   6.41162240e+07,  -2.38979277e+10,
          6.87815760e+07,   5.58874680e+07,   1.52339109e+05,
         -6.39308902e+09,  -2.98024406e+01,  -3.21523828e+03,
         -9.30466038e+10,  -6.03154760e+10,   6.83269939e+09,
         -6.75521659e+10,  -2.69717530e+09,  -1.78165156e+04,
         -1.98974034e+10,  -6.01862062e+10],
       [  8.43718328e+10,   2.57244672e+09,   7.48849000e+06,
          1.96199936e+10,   2.58834048e+08,  -3.61470624e+12,
          2.76057312e+08,   1.51993952e+08,   8.30389355e+03,
         -2.57297674e+10,  -3.63474679e+00,   8.79281128e+02,
         -1.72548325e+11,  -1.58756762e+10,   6.10091584e+08,
         -1.84869618e+11,  -1.36440863e+10,  -4.22272314e+03,
         -1.83773952e+09,  -8.97376584e+12],
       [  6.66697359e+10,   3.70311501e+09,   4.96676600e+06,
          1.76736645e+10,   2.31610608e+08,  -3.11598514e+12,
          2.46921840e+08,   1.19174832e+08,   2.51697402e+04,
         -2.29537976e+10,   1.09203463e+01,  -2.42756372e+03,
         -1.48354449e+11,  -1.30193050e+10,   2.79164339e+09,
         -1.47127337e+11,  -1.11513887e+10,  -4.41979443e+03,
          7.52890944e+08,  -7.73585528e+12],
       [ -2.93331337e+11,  -1.71620076e+10,  -4.24040800e+06,
         -6.94954557e+10,  -9.16567168e+08,   1.34268238e+13,
         -9.77217536e+08,  -5.27608608e+08,   3.34973633e+04,
          9.10960640e+10,  -8.47013187e+00,  -1.14862320e+02,
          5.79128394e+11,   1.89640438e+10,   2.36721766e+09,
          6.42440036e+11,   4.89211249e+10,   1.30576025e+03,
         -5.84782029e+09,   3.33324757e+13]], dtype=float32), array([ 0.,  0.,  0.,  0.,  0.,  0.,  0.,  0.,  0.,  0.,  0.,  0.,  0.,
        0.,  0.,  0.,  0.,  0.,  0.,  0.], dtype=float32)][array([[  8.14260151e+37],
       [  7.47829226e+37],
       [ -9.77144836e+37],
       [  4.87236435e+36],
       [ -3.99318204e+37],
       [ -1.12563398e+38],
       [ -4.19871866e+37],
       [ -6.43673678e+37],
       [  8.68389035e+37],
       [  9.04216124e+36],
       [ -4.84445658e+37],
       [  5.12039033e+36],
       [ -2.41271153e+37],
       [ -1.11538741e+38],
       [  4.10765596e+37],
       [ -1.22430912e+38],
       [ -5.24521012e+37],
       [ -1.71158843e+37],
       [ -1.51005024e+38],
       [ -5.99949822e+37]], dtype=float32), array([ 0.], dtype=float32)]