[array([[ -6.48048818e-02,  -1.43701151e-01,   4.91431728e-02,
         -6.40559494e-01,   1.04722537e-01,  -2.52513979e-02,
          1.04008459e-01,   2.23995432e-01,  -1.01527311e-02,
          1.31548628e-01,   3.14952917e-02,  -2.14468893e-02,
          5.46747297e-02,  -7.63856322e-02,  -6.82493225e-02,
          3.49977030e-03,   1.89235061e-02,  -9.52911656e-03,
         -2.59539206e-02,   3.08517851e-02,  -8.09746906e-02,
         -5.02772406e-02,   3.02878805e-02,   3.86918604e-01,
          2.09133792e+00,  -1.35927930e-01,  -2.60343198e-02,
          5.39479069e-02,   4.21222672e-02,   1.35915950e-01,
         -5.18004969e-02,   1.96991771e-01,  -6.73899427e-02,
          3.11599970e-02,  -3.60762961e-02,  -6.46194592e-02,
          1.06335059e-03,  -3.16374227e-02,  -1.65488999e-02,
          1.51552982e-03,  -6.04957715e-03,   8.62831101e-02,
          3.22566666e-02,  -2.49648675e-01,  -7.48973563e-02,
         -6.11586645e-02,   7.39778345e-03,   1.72786951e-01,
          4.18261141e-02,   4.84401733e-03],
       [  4.47080191e-03,   1.25779361e-01,  -5.39165316e-03,
          4.37289715e-01,  -2.11376194e-02,   7.82462507e-02,
          7.45304376e-02,   6.13464952e-01,   2.59190798e-02,
          1.32581040e-01,   9.91517864e-03,   1.20395841e-02,
         -2.74094909e-01,   1.20496666e-02,   5.28910151e-03,
          2.58712750e-02,  -7.73762492e-03,  -1.49475513e-02,
          4.66868728e-02,   1.15493946e-02,  -3.30980569e-02,
          3.96639369e-02,   2.62201764e-02,  -2.66324759e-01,
         -5.21095395e-01,  -9.55535844e-03,  -1.37281999e-01,
         -4.08741981e-02,   1.14210568e-01,   6.24775514e-02,
          3.40095200e-02,  -2.78936327e-01,  -1.15548717e-02,
          3.81235853e-02,   1.58025786e-01,  -5.00971861e-02,
          1.16699733e-01,  -2.21159682e-03,   3.29510011e-02,
         -8.24859589e-02,  -3.58258635e-02,  -7.42764547e-02,
         -2.07182392e-02,  -1.83169823e-02,   3.72185335e-02,
          6.03366941e-02,   8.13836530e-02,   5.09758182e-02,
         -4.89358082e-02,  -1.30032366e-02]], dtype=float32), array([ 0.,  0.,  0.,  0.,  0.,  0.,  0.,  0.,  0.,  0.,  0.,  0.,  0.,
        0.,  0.,  0.,  0.,  0.,  0.,  0.,  0.,  0.,  0.,  0.,  0.,  0.,
        0.,  0.,  0.,  0.,  0.,  0.,  0.,  0.,  0.,  0.,  0.,  0.,  0.,
        0.,  0.,  0.,  0.,  0.,  0.,  0.,  0.,  0.,  0.,  0.], dtype=float32)][array([[  5.73737845e-02,  -1.93610322e-02,   3.41935366e-01,
         -6.22431040e-01,   1.30109349e-02,   5.81401587e-02,
         -6.68914795e-01,  -4.06998426e-01,   5.57736933e-01,
         -2.93664992e-01,  -5.05357422e-02,  -1.18772881e-02,
          1.03933647e-01,  -7.16603473e-02,   1.81223154e-01,
          1.37068912e-01,   4.14157271e-01,   4.80175093e-02,
          1.09765053e-01,  -5.11549674e-02],
       [ -1.25035480e-01,  -2.19975132e-02,  -2.26990342e-01,
          8.09659958e-01,   1.74993854e-02,  -2.84901887e-01,
          4.67440605e-01,  -1.17152497e-01,  -1.08582176e-01,
         -9.55455191e-03,   5.37311584e-02,  -1.15879541e-02,
          5.04489914e-02,   1.53996065e-01,  -1.53967500e-01,
         -1.64504811e-01,   4.12708789e-01,  -8.05955380e-03,
         -3.06441765e-02,   1.06894925e-01],
       [ -2.12584764e-01,   4.86752354e-02,   1.60500959e-01,
         -7.17425466e-01,   4.34507802e-02,   4.93113220e-01,
         -7.17630148e-01,  -6.08242340e-02,   3.25734019e-02,
         -1.16755301e-02,  -2.22955830e-02,   4.38434780e-02,
         -2.77371681e-03,  -9.48952660e-02,  -2.53214031e-01,
          2.05567926e-01,  -1.07097141e-01,  -1.98324472e-02,
          9.50195082e-03,   1.80507563e-02],
       [ -2.14664489e-01,   1.24411725e-01,  -1.39093369e-01,
          2.02505782e-01,  -7.18575716e-02,   2.04641923e-01,
          6.16622508e-01,   1.13317037e+00,   1.74105108e-01,
          1.43440198e-02,   1.47731211e-02,  -2.24754419e-02,
         -4.23874473e-03,   3.47075313e-02,  -1.99430853e-01,
         -4.27831383e-03,   2.28440240e-01,  -3.60616818e-02,
         -3.48965637e-02,  -8.29524547e-02],
       [ -4.35780622e-02,   5.76217137e-02,  -5.43641329e-01,
          3.76660377e-01,   1.64704666e-01,  -1.50417894e-01,
         -1.54503381e+00,  -2.70987749e-01,   3.58473301e-01,
         -1.20186836e-01,   8.83641560e-03,  -3.23467590e-02,
         -5.91669567e-02,  -9.43547394e-03,   7.57157743e-01,
          8.27760547e-02,  -4.10774574e-02,   3.06126941e-03,
          1.90784167e-02,  -2.06800755e-02],
       [  3.47893804e-01,   2.50154734e-02,   3.36650573e-02,
          8.11771527e-02,  -3.61248478e-02,   1.53101087e-01,
          1.20066226e+00,   4.20642197e-01,   3.33022386e-01,
          2.76259392e-01,   2.45037843e-02,   1.25893414e-01,
          2.43139397e-02,  -1.59391627e-01,  -6.65951967e-02,
         -9.22249106e-04,  -2.51934528e-01,   2.33367179e-02,
          4.80649434e-02,   2.98183709e-02],
       [  7.52497762e-02,   6.51225150e-02,   4.43181932e-01,
         -3.75110954e-02,  -7.79890642e-02,   7.96156749e-02,
         -5.41569352e-01,   2.26005316e-01,  -2.70938687e-02,
         -1.48739755e-01,  -4.92884256e-02,  -6.10399917e-02,
          4.26905192e-02,   1.07885040e-01,   4.25914854e-01,
         -3.55838202e-02,   1.34762037e+00,  -1.81571152e-02,
         -6.53826073e-02,  -1.90034918e-02],
       [  1.64553970e-01,  -4.87488173e-02,  -1.46704763e-01,
          1.54023707e-01,   1.36186359e-02,   1.99298009e-01,
         -1.12116642e-01,   4.16411944e-02,  -9.54380780e-02,
         -1.13949299e-01,  -5.39010055e-02,  -4.04776307e-04,
          1.42873521e-03,   4.75980751e-02,   9.85896289e-02,
          6.96448162e-02,   6.24822974e-01,  -3.87910269e-02,
          3.09988242e-02,  -2.73247845e-02],
       [ -1.32791355e-01,  -3.68390232e-03,  -1.45764923e+00,
         -8.88816237e-01,   6.43264502e-02,  -2.42007107e-01,
         -3.53073806e-01,  -8.53826761e-01,   1.69967003e-02,
         -2.08497897e-01,  -1.42036840e-01,  -3.53905521e-02,
          5.98425567e-02,   7.41305351e-02,   1.99153960e-01,
         -3.99065204e-02,  -1.39055610e+00,  -7.24150017e-02,
          6.12087362e-02,  -2.06861552e-02],
       [  2.92865247e-01,   1.59128811e-02,  -7.00727820e-01,
         -4.06576306e-01,   1.51120946e-02,   2.26037845e-01,
          2.10172608e-01,  -5.95569849e-01,  -2.09262908e-01,
         -4.65887845e-01,  -7.09484071e-02,  -1.92443524e-02,
          6.70448644e-03,  -4.14174702e-03,   1.22120418e-01,
         -4.48849291e-01,  -9.38819110e-01,   1.74283015e-03,
          3.02864648e-02,  -1.13633750e-02],
       [  2.69851238e-02,   7.26772472e-02,  -9.04737890e-01,
         -1.04831047e-01,   2.35282890e-02,   2.96610326e-01,
         -1.60660207e+00,  -1.29424787e+00,  -4.00785357e-01,
         -1.00963891e-01,  -1.38368815e-01,  -2.18459833e-02,
          1.10882788e-03,  -1.14810646e-01,  -2.00016618e-01,
         -2.99206898e-02,  -1.47303998e-01,  -3.98397781e-02,
         -4.43489738e-02,   5.17926775e-02],
       [ -5.44611633e-01,  -2.02386025e-02,   1.19128656e+00,
          6.74748123e-01,  -7.18866661e-02,   4.63287920e-01,
         -5.44908166e-01,  -7.14415237e-02,  -1.63055629e-01,
         -1.46441579e-01,  -1.22695088e-01,  -7.15380758e-02,
         -5.76008819e-02,   1.30561411e-01,   1.54303685e-01,
          2.94934601e-01,   6.77908003e-01,   5.19298986e-02,
          3.14479545e-02,   5.63544892e-02],
       [  7.63243288e-02,  -5.89109473e-02,  -2.38563240e-01,
          5.09226620e-01,   1.17611632e-01,   7.53015205e-02,
         -7.96476424e-01,  -2.92157948e-01,  -1.36496365e-01,
         -7.94891119e-02,  -1.54488653e-01,   1.23556115e-01,
         -4.25242521e-02,  -3.56635079e-02,  -1.18190795e-01,
         -1.97387233e-01,   8.59203398e-01,   9.71490666e-02,
          7.01228157e-02,  -2.64292266e-02],
       [ -1.68997392e-01,   4.21125181e-02,   1.91572952e+00,
         -9.74079818e-02,   1.21880390e-01,  -4.78150100e-01,
          1.04707396e+00,  -2.87538022e-01,  -2.30952688e-02,
          9.04251710e-02,  -5.99030172e-03,  -2.90964972e-02,
         -6.28249869e-02,   5.50182462e-02,   3.50106478e-01,
         -1.58721775e-01,   5.90099216e-01,   6.93543181e-02,
         -8.28868076e-02,  -2.44428515e-02],
       [  2.61337347e-02,   8.64797533e-02,   7.83480585e-01,
         -2.22227931e-01,   6.69509871e-04,  -6.31808996e-01,
         -7.70419478e-01,  -9.79486346e-01,  -3.90058726e-01,
         -5.53992391e-02,  -1.59749016e-02,   1.10011874e-02,
          3.09477188e-02,   7.72375707e-03,  -3.34871650e-01,
         -1.86327949e-01,   3.99810702e-01,  -4.68315408e-02,
          7.73320615e-04,   9.89513323e-02],
       [ -1.03879236e-01,   2.09878455e-03,  -8.45853463e-02,
         -2.68165827e-01,   3.41663584e-02,   2.64313817e-01,
         -4.22541350e-01,   7.72593617e-01,   1.48140773e-01,
          2.65054494e-01,  -4.78146970e-02,   1.42409913e-02,
         -3.88121754e-02,   6.45868257e-02,  -4.02200133e-01,
         -7.47426078e-02,   3.73852313e-01,   7.81537294e-02,
         -5.30637801e-03,   7.77623877e-02],
       [ -2.45473385e-02,   1.69411243e-03,   9.01428536e-02,
         -6.66239858e-02,  -3.23891966e-03,  -1.70591697e-01,
         -5.17722726e-01,   9.39043297e-04,   3.38726938e-01,
          1.00510316e-02,  -2.21733842e-02,  -1.13835838e-02,
         -4.77955453e-02,   4.34165038e-02,   3.32780182e-01,
          2.03197002e-01,  -1.57558843e-01,  -1.26167879e-01,
         -2.03850586e-02,   1.23985177e-02],
       [ -8.95485427e-05,   1.71838012e-02,   1.16313779e+00,
          6.83571631e-03,  -1.23590887e-01,   4.49986905e-02,
          9.00973022e-01,   4.09700200e-02,  -1.72276013e-02,
         -1.55044366e-02,  -1.41214095e-02,   4.70383838e-03,
          5.06562106e-02,  -3.01294774e-02,   1.47725746e-01,
          2.10942924e-01,   8.17397609e-02,   1.08676516e-01,
         -1.07354382e-02,  -1.20127806e-02],
       [  2.49245480e-01,   1.13245426e-02,   1.83109713e+00,
         -9.20883179e-01,   9.36436132e-02,   2.79631287e-01,
          1.45074522e+00,  -2.47116480e-02,   1.27161562e-01,
          5.21645509e-02,   1.54175311e-01,  -5.34309335e-02,
          7.33558089e-02,  -6.50912598e-02,   1.69536937e-02,
         -1.12158343e-01,   1.49848953e-01,   5.12870327e-02,
          9.02461335e-02,  -4.12797146e-02],
       [  1.25544265e-01,  -7.34260604e-02,  -1.10950887e+00,
         -2.86571253e-02,  -6.30141795e-02,   2.91898936e-01,
         -7.13700891e-01,   6.08326793e-02,   7.75255784e-02,
         -1.26961231e-01,   5.22947945e-02,   1.59802213e-02,
         -3.15955766e-02,   7.47195911e-03,   3.68733183e-02,
          3.58567871e-02,  -9.59542811e-01,  -2.32405942e-02,
         -6.54930100e-02,  -6.98289573e-02],
       [ -9.56357792e-02,   2.70999949e-02,  -1.78749487e-01,
         -1.81589246e-01,   1.26930410e-02,   1.73222765e-01,
          1.96332648e-01,  -3.60434502e-01,   8.88340250e-02,
          1.26668915e-01,  -3.16652171e-02,  -2.40023416e-02,
          1.61363572e-01,   1.81940338e-03,   2.17583716e-01,
         -2.11628829e-03,  -2.58267254e-01,   1.02564968e-01,
         -1.27543311e-03,  -6.75194561e-02],
       [ -1.04052976e-01,  -4.40971404e-02,   1.72758245e+00,
         -8.20633709e-01,   6.68378035e-03,  -7.50648379e-02,
         -2.09247783e-01,   9.94102001e-01,  -7.59444684e-02,
          2.72373796e-01,  -4.40215431e-02,  -8.04777443e-02,
          3.42611633e-02,   7.76193663e-02,   5.97601980e-02,
          7.88215548e-02,  -8.88860643e-01,   4.55767810e-02,
         -2.07534470e-02,  -4.42256741e-02],
       [  2.72922605e-01,   4.10259441e-02,   5.60600877e-01,
         -1.18898988e-01,   9.21362042e-02,   2.40209103e-01,
          4.98175085e-01,  -5.48245192e-01,   1.08365588e-01,
          1.03866555e-01,   8.69470388e-02,   6.62219822e-02,
         -5.19735403e-02,   6.08938150e-02,  -2.94585109e-01,
          4.86023463e-02,  -5.00298262e-01,  -1.80523228e-02,
          5.97827025e-02,   6.17267974e-02],
       [ -1.11682110e-01,   6.06344454e-02,   2.94011742e-01,
          1.88849890e-03,  -1.21119589e-01,  -1.89550929e-02,
          1.63671350e+00,  -3.35030526e-01,  -1.56125933e-01,
         -1.21641226e-01,  -2.10945159e-02,  -6.88436329e-02,
         -8.63750353e-02,   6.41713813e-02,  -1.60096899e-01,
          2.02894881e-02,  -1.59399366e+00,   4.67574336e-02,
          1.98438112e-02,   9.15368944e-02],
       [ -5.01046106e-02,   6.16231635e-02,  -1.38319165e-01,
         -4.42917086e-02,  -8.72697011e-02,  -2.95753539e-01,
         -2.99941391e-01,  -3.29697669e-01,   3.13194811e-01,
          3.93247679e-02,   6.23909347e-02,   7.47849867e-02,
          3.75956744e-02,  -5.85305989e-02,  -1.83718532e-01,
          2.32202008e-01,   2.41282448e-01,   5.26546612e-02,
          1.31451134e-02,  -3.78264375e-02],
       [ -1.18424766e-01,   2.47081276e-02,   4.43671234e-02,
         -5.11624813e-01,  -2.58245990e-02,  -5.98756909e-01,
          9.19305086e-01,  -2.29062036e-01,   1.28800213e-01,
          2.77559102e-01,   6.88515007e-02,   5.05871102e-02,
         -4.15334515e-02,  -6.80947378e-02,   3.21648508e-01,
          1.49992764e-01,   7.45551288e-01,   4.21539806e-02,
         -4.45862636e-02,   5.56842275e-02],
       [  2.96318810e-03,  -1.33287475e-01,  -5.38134336e-01,
         -7.26108477e-02,  -4.23172340e-02,  -1.49263114e-01,
         -1.58587232e-01,  -8.68916065e-02,   1.26916066e-01,
         -1.85325488e-01,   9.29179639e-02,   2.71724612e-02,
         -3.80733609e-02,  -5.75628914e-02,   1.42829830e-03,
         -1.78409070e-01,  -7.57831991e-01,  -1.76995471e-02,
         -4.20053415e-02,   6.00308478e-02],
       [ -8.80711060e-03,   1.58127919e-01,   9.10091698e-01,
          2.69316316e-01,   1.29453242e-02,  -3.32243621e-01,
         -5.34907058e-02,  -5.27077392e-02,   8.39161128e-02,
         -2.42553100e-01,   4.02214155e-02,   6.00148458e-04,
         -8.91791750e-03,  -6.05835356e-02,  -1.00892605e-02,
          1.48491338e-02,  -1.69076502e+00,   2.33134013e-02,
          2.47792993e-02,  -4.68116961e-02],
       [ -1.75626755e-01,   6.55243844e-02,   5.87224483e-01,
          2.17516467e-01,   1.32486997e-02,   3.52006912e-01,
          6.71737075e-01,   3.43181074e-01,  -8.93688425e-02,
          2.27177572e-02,  -2.35284623e-02,  -1.47563843e-02,
          7.78055042e-02,   1.41288713e-01,  -2.00217310e-02,
         -2.02797756e-01,   2.65442431e-01,  -6.34997338e-02,
          2.95881275e-02,   2.03932524e-02],
       [  1.78314283e-01,  -1.00187706e-02,  -7.07140148e-01,
          1.93349887e-02,  -6.72705695e-02,   1.48217142e-01,
          7.12060696e-03,   8.94484937e-01,   2.92193115e-01,
          2.46356815e-01,   1.13542065e-01,  -3.88894416e-02,
         -4.71689068e-02,   2.36437507e-02,   1.19518951e-01,
          4.12663724e-03,   8.36782455e-01,   1.59922417e-03,
          4.77095358e-02,   2.77162828e-02],
       [ -7.87840784e-02,  -2.77558621e-02,  -6.50747061e-01,
          9.25045431e-01,  -1.13443412e-01,   2.82544523e-01,
         -5.93017280e-01,  -1.48205981e-01,   3.68483439e-02,
          2.75756475e-02,   1.87123626e-01,   5.51726669e-03,
          6.00182675e-02,  -1.04708686e-01,   7.33870780e-03,
          8.39731544e-02,  -4.35346514e-01,   3.01906075e-02,
          1.69715583e-02,  -5.63518237e-03],
       [ -2.18698978e-01,  -3.57218236e-02,   1.28604519e+00,
         -5.94883561e-01,  -8.40029120e-02,  -1.73365563e-01,
         -2.07052007e-01,  -1.23935235e+00,  -1.09394275e-01,
         -3.35837573e-01,  -3.33594903e-02,   1.18266232e-01,
         -2.16718651e-02,  -6.58342615e-02,  -4.53879625e-01,
         -1.23644024e-01,   1.33377567e-01,   1.05207779e-01,
         -2.30102334e-02,   3.21630202e-02],
       [ -5.01199998e-02,  -6.62352964e-02,   9.66616035e-01,
          1.01564026e+00,  -1.23288790e-02,   2.89956987e-01,
         -2.66046762e-01,  -4.59013045e-01,  -1.77906677e-01,
          6.98579773e-02,   3.79967177e-03,   1.38677144e-02,
          3.85787860e-02,  -2.02842299e-02,   1.02225795e-01,
         -1.51051745e-01,   1.94320381e-02,   1.90009065e-02,
          8.33219290e-02,   9.66178998e-02],
       [  2.17083842e-01,   5.72291985e-02,   1.37389016e+00,
         -2.37389088e-01,  -1.09883752e-02,   1.33765310e-01,
          3.37444544e-02,   8.47711444e-01,  -3.63112763e-02,
          1.85762137e-01,   1.95094883e-01,   1.19794430e-02,
          1.49708269e-02,  -8.64490494e-02,  -4.75951470e-02,
          4.69503254e-02,   4.40314978e-01,  -2.00023428e-02,
          8.13577697e-02,  -1.85243867e-03],
       [ -1.53416634e-01,  -4.81023602e-02,  -5.14540493e-01,
          2.10274920e-01,   3.61904316e-02,  -2.11019039e-01,
         -7.70168364e-01,  -4.84767258e-02,  -3.72133493e-01,
         -1.38952896e-01,   1.58630125e-02,  -3.77988219e-02,
         -6.69675544e-02,   7.80986622e-02,   3.99983749e-02,
         -4.43059593e-01,  -1.65080905e-01,  -8.24370310e-02,
         -2.14108061e-02,   4.29709628e-02],
       [ -4.72429216e-01,   1.94139499e-02,   8.77241194e-02,
         -2.45115653e-01,  -4.10084166e-02,  -6.71185181e-02,
         -9.45472240e-01,   4.24778819e-01,   1.00919746e-01,
          8.61676410e-02,  -1.14751412e-02,   1.00691309e-02,
          2.03809086e-02,  -4.75924322e-03,  -5.85151911e-02,
          2.67735958e-01,   3.88849646e-01,   3.74031365e-02,
         -8.86529032e-03,   7.03979284e-02],
       [ -5.56742325e-02,  -4.81636589e-03,   1.13280332e+00,
          8.07347953e-01,  -5.75831905e-02,  -3.75370950e-01,
         -5.45424074e-02,   5.46311438e-01,  -1.12323754e-01,
         -1.01985589e-01,  -8.49653557e-02,   5.67654185e-02,
         -2.19554286e-02,  -2.57742545e-03,   3.90901536e-01,
          4.16591531e-03,   6.83044255e-01,   3.11286692e-02,
          5.44505082e-02,  -2.82219350e-02],
       [  2.36113500e-02,  -2.83668023e-02,  -1.08941495e+00,
         -6.56112432e-02,  -5.14411740e-03,   6.39634803e-02,
         -5.80629408e-01,   5.09288497e-02,   2.55557001e-01,
          3.44321132e-01,  -2.13850420e-02,  -8.22126195e-02,
          1.45833483e-02,  -6.50618002e-02,   4.48899209e-01,
         -1.41427845e-01,   9.58970428e-01,   8.33039172e-03,
         -8.97697732e-02,   6.05660081e-02],
       [  7.37456530e-02,  -3.37140076e-02,  -5.17935716e-02,
          7.98187479e-02,   4.33729365e-02,   3.37254345e-01,
          1.48036420e+00,   2.00318277e-01,  -2.74584770e-01,
         -1.81852162e-01,  -1.75821215e-01,  -5.67353796e-03,
         -6.53233677e-02,   9.83703360e-02,   9.33524370e-02,
         -3.66564035e-01,  -5.02259016e-01,   8.43584910e-03,
          3.84782255e-02,  -7.88909793e-02],
       [  3.01874042e-01,   3.89517695e-02,  -8.02638948e-01,
          1.25220597e+00,  -2.61618961e-02,   1.78250298e-01,
          8.07530820e-01,   1.62879780e-01,   1.95619270e-01,
          1.04988702e-01,  -5.34620509e-02,   3.81503883e-03,
         -4.43194024e-02,  -1.55644968e-01,   2.60393173e-01,
         -8.45512822e-02,   3.11048627e-01,   8.18928983e-03,
         -2.99728345e-02,  -2.59293020e-02],
       [  2.03461796e-01,   1.22203799e-02,  -8.40343475e-01,
          8.39595020e-01,   3.19185853e-02,  -1.54720843e-01,
         -1.13182358e-01,  -6.36045158e-01,  -6.57050669e-01,
         -2.04923637e-02,   1.49634585e-01,  -7.16073662e-02,
          4.93455827e-02,  -4.86397929e-02,  -3.77524972e-01,
          1.88992433e-02,  -4.58716527e-02,   1.19068930e-02,
         -1.00033857e-01,  -2.91399639e-02],
       [  1.20178699e-01,   7.34553114e-02,  -3.71281356e-01,
          8.16068053e-01,   3.07199452e-02,   2.01856926e-01,
          1.50791848e+00,  -4.72033918e-02,  -1.35078847e-01,
         -1.98061258e-01,  -1.10046022e-01,  -3.33276205e-02,
          3.76740508e-02,   1.39762521e-01,  -3.21468294e-01,
         -1.16872288e-01,   3.62229757e-02,   6.20326884e-02,
         -2.68798210e-02,  -3.06238420e-02],
       [ -2.29169847e-03,   3.32325809e-02,  -6.58284843e-01,
         -1.73623693e+00,   6.90698847e-02,   6.16797268e-01,
         -9.72554147e-01,  -1.10011148e+00,  -1.09749071e-01,
         -3.55874270e-01,   1.22790314e-01,   1.08650699e-02,
         -4.01940309e-02,   6.81493059e-02,  -3.44048142e-01,
          2.37362489e-01,   3.45332801e-01,  -8.94468799e-02,
         -3.94848920e-02,  -2.64710188e-02],
       [  6.60816580e-02,  -1.76452305e-02,  -6.82025433e-01,
          8.43049645e-01,   1.41533390e-01,  -6.53096735e-02,
         -1.03963494e+00,   4.16681945e-01,  -1.90038309e-01,
          8.74108896e-02,  -8.01154375e-02,   5.60901761e-02,
         -3.24528441e-02,  -2.15385798e-02,  -7.31871873e-02,
         -8.07874128e-02,  -2.12831110e-01,  -9.44387615e-02,
          7.76261762e-02,  -1.19044594e-01],
       [ -8.04117322e-02,  -3.22917663e-02,   6.74394429e-01,
          3.24837297e-01,   1.15143023e-02,   4.62692417e-03,
         -1.01463819e+00,  -2.20877156e-01,   3.01046282e-01,
          5.11687770e-02,   8.27194825e-02,  -1.75583288e-02,
          4.76502143e-02,  -1.08392954e-01,  -7.21627707e-03,
         -2.32514709e-01,  -3.52986306e-02,  -4.84248251e-03,
          4.37007658e-02,  -6.81465417e-02],
       [  2.31963083e-01,  -8.89295246e-03,  -2.77391791e-01,
          3.01315058e-02,   9.09276865e-03,   2.90130861e-02,
          2.33324572e-01,   4.80548441e-01,  -5.01847863e-01,
          2.35194623e-01,  -4.18410301e-02,  -9.57826450e-02,
         -1.25379218e-02,  -9.65588093e-02,   4.33236331e-01,
          1.95607081e-01,   2.61682361e-01,   9.32379737e-02,
         -5.51686846e-02,   1.85626764e-02],
       [ -2.69767284e-01,   1.70154478e-02,  -2.29474097e-01,
         -7.23890543e-01,   3.48688364e-02,  -2.86101997e-01,
         -1.80333048e-01,   1.07447810e-01,  -1.91650182e-01,
          1.23283818e-01,  -1.25283509e-01,  -1.18229061e-01,
         -6.20054007e-02,  -1.26235768e-01,   1.96434662e-01,
          1.60697717e-02,  -2.07105353e-01,   4.11986448e-02,
         -2.96434518e-02,  -5.45696728e-02],
       [ -6.55670166e-02,  -5.03024049e-02,  -2.70280600e+00,
         -1.76303774e-01,   1.17676882e-02,  -4.84128177e-01,
          1.57131124e+00,   5.14489114e-01,   5.65285087e-01,
          5.81878200e-02,  -7.97872543e-02,  -2.80409027e-02,
         -5.07596023e-02,  -3.64977494e-02,  -1.07857786e-01,
          2.11424842e-01,  -9.07510072e-02,   9.35266316e-02,
          5.89342080e-02,  -5.67196198e-02],
       [ -4.69124764e-02,   5.58065735e-02,   8.20557415e-01,
         -8.12381208e-01,   2.15890519e-02,   7.03145489e-02,
          1.23438895e+00,  -4.81687427e-01,   6.98125213e-02,
         -2.22299900e-02,  -4.23670374e-02,  -1.01326980e-01,
          8.29850149e-04,   3.02846003e-02,   9.35215969e-03,
         -1.57023594e-01,   1.48198295e+00,   4.60731797e-02,
         -6.80464879e-03,  -3.71853374e-02],
       [  1.04509726e-01,   2.85008247e-03,  -1.33333516e+00,
          3.03208470e-01,   6.29882067e-02,  -3.34794000e-02,
          1.43315005e+00,   7.23622084e-01,   1.85931437e-02,
          2.72174478e-01,  -8.48182142e-02,   1.20481968e-01,
          3.78509238e-02,   1.40980510e-02,  -1.40435070e-01,
         -3.43762070e-01,  -6.27054632e-01,   4.12501842e-02,
         -1.00159444e-01,   1.20045627e-02]], dtype=float32), array([ 0.,  0.,  0.,  0.,  0.,  0.,  0.,  0.,  0.,  0.,  0.,  0.,  0.,
        0.,  0.,  0.,  0.,  0.,  0.,  0.], dtype=float32)][array([[  3.12376642],
       [  6.63121986],
       [ 14.65686321],
       [  4.71417093],
       [  2.29050827],
       [ -7.92361164],
       [ 12.4607439 ],
       [  0.49571964],
       [ -7.28226519],
       [ 14.55593681],
       [  0.97077364],
       [-13.25177574],
       [ -5.12122726],
       [ -1.55835342],
       [ -2.36330128],
       [-10.44027424],
       [  0.38667136],
       [ -7.41047716],
       [ -7.99703074],
       [ -1.98029566]], dtype=float32), array([ 0.], dtype=float32)]