[array([[ -4.03283499e-02,  -1.19228810e-02,  -5.60886972e-02,
          8.01186189e-02,   1.09152654e-02,  -2.60433294e-02,
         -2.27108784e-02,  -6.15274115e-03,   4.33924459e-02,
         -1.54992798e-03,  -1.76516827e-02,   1.21943699e-02,
         -2.70934794e-02,   5.93792759e-02,  -5.03884023e-03,
         -7.27231801e-02,   3.91301289e-02,  -2.50564329e-03,
          3.22500058e-02,   1.35122035e-02,   3.15108933e-02,
         -8.58501345e-02,  -1.61703564e-02,   2.70732772e-02,
         -1.81475691e-02,   3.71227898e-02,  -7.82674700e-02,
          8.72958731e-03,  -4.24325839e-02,   2.76833382e-02,
         -4.13486734e-02,  -2.56671514e-02,  -2.42124777e-02,
          4.44391482e-02,  -4.41346727e-02,  -3.18723731e-02,
          1.86846987e-03,  -6.90878406e-02,  -3.20058200e-03,
         -4.71496396e-02,   4.29384820e-02,  -7.91480672e-03,
         -8.64537358e-02,  -2.00717859e-02,  -1.06578572e-02,
          1.74621325e-02,  -4.20849435e-02,  -5.97113445e-02,
          1.17639909e-02,  -5.75571023e-02],
       [ -2.31134221e-02,   3.99802178e-02,   9.69705656e-02,
         -1.71519294e-02,   3.40380855e-02,   5.88458963e-02,
         -2.77461614e-02,  -5.38576245e-02,   4.72274423e-02,
          4.72682081e-02,  -3.84432934e-02,   4.95740287e-02,
          2.95155533e-02,  -3.20771448e-02,  -7.69690201e-02,
         -6.64192438e-02,   5.19408882e-02,   7.52743855e-02,
          4.85394858e-02,   1.06759124e-01,   5.22109233e-02,
         -9.79571487e-04,   7.78312003e-03,   3.41777913e-02,
         -3.26156504e-02,  -1.24376547e-02,  -2.95995530e-02,
          2.12188754e-02,  -6.53696358e-02,   2.53299680e-02,
         -4.91098687e-02,   7.97615573e-02,  -5.44414893e-02,
          3.02904751e-02,   9.66379642e-02,  -1.13156522e-04,
          6.69168755e-02,   2.92744245e-02,   4.60097985e-03,
         -9.63771865e-02,  -6.41536042e-02,   2.50706077e-03,
          3.08235567e-02,   7.74518540e-03,  -1.82749983e-02,
         -2.45287865e-02,   6.61358908e-02,  -6.09118119e-03,
         -5.44745140e-02,  -9.76955891e-02],
       [ -4.74829674e-02,  -2.53353920e-02,   5.21961525e-02,
          2.49570645e-02,   2.23932937e-02,   4.22916142e-03,
         -7.15144575e-02,  -4.18547131e-02,   8.54162406e-03,
         -2.22472996e-02,   1.98725313e-02,   3.30636837e-02,
          4.41067331e-02,   5.19766212e-02,   1.73620060e-02,
          2.73791943e-02,  -4.50039841e-02,   4.46510082e-03,
         -3.02400142e-02,  -3.94277982e-02,   1.16956651e-01,
         -1.28012588e-02,   1.57826021e-02,  -1.00581115e-02,
          3.97546738e-02,  -2.74425037e-02,   6.62421584e-02,
         -6.78233756e-03,  -4.67510037e-02,  -3.54128629e-02,
         -1.24565093e-02,  -6.49801940e-02,  -2.63565015e-02,
          3.45176011e-02,   1.45239457e-01,  -2.58764420e-02,
         -7.21670538e-02,   3.71058248e-02,   1.38504729e-01,
          3.01069319e-02,   3.87670174e-02,  -5.15376292e-02,
          3.28115635e-02,  -7.66404644e-02,   2.11865138e-02,
         -3.09513509e-02,  -1.69731900e-02,   6.31336197e-02,
          1.48623614e-02,  -1.21811163e-02],
       [ -9.25623849e-02,  -6.09377138e-02,  -1.34962741e-02,
         -5.12914471e-02,   2.98921261e-02,  -1.53823467e-02,
          1.89721119e-02,  -5.91493547e-02,  -5.26886841e-04,
         -2.93842051e-02,  -3.68417688e-02,   1.02420188e-01,
          2.36340426e-02,   1.61656570e-02,  -7.52762286e-03,
          2.35393159e-02,  -4.60380735e-03,   1.47611219e-02,
          1.10067941e-01,   4.00791205e-02,   2.45085321e-02,
          2.95250267e-02,   4.15287986e-02,  -1.00682691e-01,
          2.13199779e-02,  -2.19639717e-03,   6.98637543e-03,
         -6.42000362e-02,   3.29579338e-02,  -1.49646727e-03,
         -2.53114551e-02,   5.55127263e-02,  -9.22486335e-02,
         -5.67018799e-02,  -5.79045191e-02,  -8.07171091e-02,
         -1.66411743e-01,   6.51852041e-03,   3.45324166e-03,
          1.06492760e-02,   4.86647785e-02,  -5.70022874e-02,
         -3.94209512e-02,  -2.47418024e-02,  -1.18440561e-01,
          3.23020220e-02,   1.40796797e-02,   9.47722420e-03,
         -3.80382091e-02,  -3.73614277e-03]], dtype=float32), array([ 0.,  0.,  0.,  0.,  0.,  0.,  0.,  0.,  0.,  0.,  0.,  0.,  0.,
        0.,  0.,  0.,  0.,  0.,  0.,  0.,  0.,  0.,  0.,  0.,  0.,  0.,
        0.,  0.,  0.,  0.,  0.,  0.,  0.,  0.,  0.,  0.,  0.,  0.,  0.,
        0.,  0.,  0.,  0.,  0.,  0.,  0.,  0.,  0.,  0.,  0.], dtype=float32)][array([[  4.45719622e-02,  -4.15337905e-02,  -4.75400016e-02,
         -4.11143489e-02,   8.32677037e-02,  -2.50136051e-02,
          4.10208255e-02,  -7.80746713e-02,  -1.03804030e-01,
         -5.70315123e-02,   8.21531489e-02,  -5.49900346e-02,
         -1.46132722e-01,   4.16379375e-03,   5.26439026e-02,
          8.38777646e-02,   1.91831719e-02,  -1.13969885e-01,
          1.33896638e-02,   3.65603762e-03],
       [  8.54009669e-03,   3.86886708e-02,  -4.52322736e-02,
         -1.59764495e-02,   2.68120505e-02,  -2.27871519e-02,
          6.78186957e-03,  -2.30031107e-02,  -7.64297470e-02,
         -5.89459501e-02,  -5.72200976e-02,  -2.04015952e-02,
         -1.11032836e-01,  -4.56815027e-02,   3.37887816e-02,
          3.32794301e-02,  -4.47008647e-02,  -9.61295515e-02,
         -2.68971007e-02,   5.08533530e-02],
       [ -2.23753806e-02,  -1.89155322e-02,   4.97929864e-02,
         -6.28825799e-02,  -4.11290340e-02,   1.37630049e-02,
         -4.62390669e-03,   2.23008748e-02,   4.30800505e-02,
          5.52361384e-02,   6.49541840e-02,   4.26103361e-02,
         -3.73403914e-02,  -3.36333476e-02,   1.03908079e-02,
         -1.58560947e-02,   1.13519624e-01,  -8.64774957e-02,
         -1.03903385e-02,   1.22045152e-01],
       [  2.83104312e-02,  -6.33354241e-04,   1.64700430e-02,
         -8.34639668e-02,   6.70291334e-02,   6.26112744e-02,
          1.92321725e-02,   1.76714752e-02,  -2.25199740e-02,
         -1.05175283e-02,   7.86204934e-02,  -2.19872985e-02,
          8.39633569e-02,  -1.51731102e-02,  -5.10688834e-02,
         -5.73328733e-02,  -6.20831549e-02,  -5.17560057e-02,
          2.82936301e-02,  -5.19426242e-02],
       [ -6.43225461e-02,   1.21667616e-01,  -2.72074025e-02,
         -3.91996503e-02,  -1.61454808e-02,  -3.70923541e-02,
          2.62038801e-02,  -6.84181377e-02,   7.29503930e-02,
          6.07438991e-03,   3.19705084e-02,   3.56929116e-02,
          4.81591374e-02,  -3.71995829e-02,   4.26532999e-02,
         -3.38117294e-02,  -2.56248098e-02,  -2.19549593e-02,
         -4.79995599e-03,   3.64275686e-02],
       [  1.09111436e-03,   1.49372397e-02,  -7.39887804e-02,
          5.67856319e-02,   4.74101752e-02,   1.48047432e-01,
         -1.19259106e-02,  -3.37820500e-02,  -3.77331898e-02,
         -8.76710005e-03,   6.50213510e-02,   7.89556187e-03,
         -9.88250747e-02,  -2.92169843e-02,   9.73602608e-02,
         -4.33633924e-02,   2.25962233e-03,   3.76518779e-02,
          1.95059311e-02,  -6.67872140e-03],
       [  3.65225859e-02,  -6.36782218e-03,  -4.70821150e-02,
         -2.83706877e-02,  -2.64053494e-02,   1.69945564e-02,
          4.90038171e-02,  -1.97611749e-02,  -2.50620451e-02,
          9.52777117e-02,  -5.32078855e-02,   1.17446510e-02,
         -6.20299391e-02,  -2.63362769e-02,   5.79784624e-02,
         -2.80441996e-02,   6.26077875e-02,  -1.94066297e-02,
         -5.78351915e-02,  -1.27223596e-01],
       [ -4.39713150e-02,  -4.91388068e-02,  -3.89349088e-02,
         -5.47151081e-02,  -2.31033247e-02,  -5.66326780e-03,
          5.27181216e-02,  -6.06440306e-02,  -4.22575548e-02,
         -1.68375559e-02,   9.98676047e-02,  -2.14397442e-02,
          3.97252105e-02,   2.85987444e-02,  -3.07204761e-02,
          2.28120293e-02,   4.96681407e-02,  -1.13078676e-01,
         -4.26053628e-02,  -9.96599905e-03],
       [  8.11923668e-03,  -4.83651422e-02,   5.83299287e-02,
          8.17756727e-02,  -2.53795385e-02,  -3.33965868e-02,
         -4.13592011e-02,  -5.51526784e-04,   1.32532138e-02,
         -2.29979884e-02,  -7.28924498e-02,  -3.37066799e-02,
         -8.95292778e-03,  -9.08100605e-03,   8.21662024e-02,
          2.78376918e-02,   6.36606514e-02,  -2.16832832e-02,
         -5.51067665e-02,  -5.24642579e-02],
       [ -1.98789537e-02,   1.52388336e-02,  -2.52174567e-02,
          5.73621392e-02,  -2.68580522e-02,  -8.09615292e-03,
          2.32490581e-02,   1.29406098e-02,  -2.47688964e-02,
          6.67816326e-02,  -1.75826456e-02,  -4.18326631e-02,
         -2.25507673e-02,   2.36967392e-03,   7.82575980e-02,
         -3.78151126e-02,  -1.25917196e-02,   1.20523825e-01,
         -1.73333157e-02,   7.82042071e-02],
       [ -5.93376160e-02,  -3.60544329e-03,  -5.23429504e-03,
          5.61467595e-02,   4.00658585e-02,  -2.91440799e-03,
         -2.05463916e-02,  -1.01659119e-01,   3.99832726e-02,
         -1.61915179e-02,  -6.03984781e-02,   2.10199244e-02,
          4.17790096e-03,  -2.28700545e-02,   4.99242768e-02,
          3.48388851e-02,  -9.28938910e-02,   4.96185943e-02,
          6.14551604e-02,  -6.60584942e-02],
       [ -1.21728694e-02,   9.91563033e-03,   5.40184882e-03,
         -2.05814634e-02,  -2.72304844e-02,   3.06021851e-02,
          8.27454962e-03,   3.36952545e-02,  -7.38159800e-03,
         -8.22010264e-02,  -5.22910841e-02,  -5.75102260e-03,
          2.45177932e-03,   4.07554060e-02,  -1.48187820e-02,
          8.46950803e-03,   2.59734634e-02,   2.64179055e-02,
          8.11418593e-02,  -3.82819772e-02],
       [ -5.11942245e-03,   7.94439018e-02,   4.05072747e-03,
         -3.95585075e-02,   1.25338500e-02,   6.47072569e-02,
         -3.59520726e-02,  -8.65422841e-03,  -6.39128909e-02,
         -1.22938454e-01,  -3.00104003e-02,   2.95468364e-02,
         -4.75841053e-02,   2.66539236e-03,   7.26276860e-02,
         -6.23511560e-02,  -1.76888574e-02,  -1.07738664e-02,
          9.03117433e-02,   8.49919766e-02],
       [  2.78918119e-03,  -3.70998569e-02,  -3.95823009e-02,
          2.08701883e-02,   3.59307714e-02,  -9.34117939e-03,
          3.72126997e-02,   8.98672864e-02,   1.74553785e-02,
         -2.86593121e-02,   1.75759774e-02,   5.90249300e-02,
         -4.54136692e-02,  -3.31023112e-02,  -3.55897062e-02,
          3.41095403e-02,   5.85438795e-02,  -1.08057097e-01,
          6.57200739e-02,  -2.20270716e-02],
       [ -1.72005706e-02,   1.11869266e-02,   7.61863813e-02,
         -2.98731774e-02,  -7.10740313e-02,   1.47736014e-03,
          5.39278872e-02,   2.44482886e-02,  -1.70044638e-02,
         -1.84900444e-02,  -3.02602556e-02,   2.24768519e-02,
          9.75662470e-03,   4.94678766e-02,  -5.24266660e-02,
         -5.30997477e-02,  -3.73294833e-03,   5.19120470e-02,
         -7.89883286e-02,  -2.26545092e-02],
       [  1.19218983e-01,   5.72288362e-03,  -8.90904013e-03,
          2.33653970e-02,   7.39838257e-02,  -7.08806738e-02,
          3.53404805e-02,  -5.43926470e-02,  -3.90382074e-02,
         -5.49187921e-02,  -9.78289247e-02,   2.87065990e-02,
          8.18661135e-03,  -2.10313741e-02,  -1.79767609e-02,
          2.56911875e-03,   1.35068493e-02,   1.57273021e-02,
          4.73390371e-02,   5.10248169e-03],
       [ -4.21196744e-02,   5.92550412e-02,   2.35775430e-02,
         -1.83939617e-02,   1.04936503e-01,  -4.97724079e-02,
         -6.01469949e-02,   5.14506660e-02,  -8.61047506e-02,
          3.21458392e-02,  -3.06369253e-02,  -6.15933612e-02,
         -4.70411144e-02,  -4.91737947e-02,   7.02204853e-02,
          5.03437109e-02,   1.73212891e-03,  -9.93243046e-03,
          4.63982346e-04,  -1.30878659e-02],
       [ -6.21956885e-02,  -1.35913119e-01,   7.27484375e-02,
          8.27087387e-02,   1.01352088e-01,   4.67280410e-02,
          9.24770758e-02,   3.33410013e-03,  -3.23587544e-02,
         -3.03750765e-02,  -3.30373123e-02,   1.31050691e-01,
         -2.70618778e-02,   1.30402893e-01,  -2.18042750e-02,
          2.04011705e-03,  -3.78538109e-02,  -1.21093625e-02,
          7.72848949e-02,   2.22069900e-02],
       [  5.44924736e-02,  -3.00096814e-02,   1.68841537e-02,
          7.11228698e-02,   1.26130534e-02,  -2.25261580e-02,
          5.44759408e-02,   3.52151878e-03,   3.29466872e-02,
          2.42552590e-02,  -5.37992120e-02,  -1.46193700e-02,
          1.79610383e-02,   3.95433381e-02,   6.51649237e-02,
         -4.09955196e-02,  -5.92876263e-02,   9.20458063e-02,
         -2.74947239e-03,  -4.58772406e-02],
       [ -1.39095811e-02,  -3.80982123e-02,  -3.04842764e-03,
          2.31999755e-02,   3.75004187e-02,  -1.35622453e-03,
         -5.68098342e-03,   2.44867038e-02,  -3.18450257e-02,
          5.16838804e-02,   3.83434258e-03,   6.58708364e-02,
          8.80731195e-02,  -1.40497554e-02,  -9.13376510e-02,
          4.12532240e-02,  -6.69070929e-02,   9.58764553e-03,
          6.33773580e-02,  -2.79681869e-02],
       [  1.26168104e-02,   4.28822264e-02,  -3.99499387e-02,
         -1.64130516e-02,  -4.38589184e-03,   1.05956001e-02,
         -1.78257376e-02,   1.85658466e-02,   3.04540992e-02,
         -4.24256064e-02,  -6.53302064e-03,  -3.05282604e-02,
          7.95654207e-02,   7.64195342e-03,  -2.64599118e-02,
         -1.83617882e-03,   2.31552590e-02,  -3.14825028e-02,
         -9.69262496e-02,  -9.75972507e-03],
       [  1.05720386e-02,   6.76068440e-02,   6.78101508e-03,
         -4.46295030e-02,   7.12919384e-02,  -4.61424887e-02,
          4.58097942e-02,  -5.29157594e-02,  -5.33464924e-02,
          1.70680434e-02,   8.50227177e-02,   7.37590855e-03,
         -4.20706859e-03,   5.18541038e-03,  -1.32028326e-01,
          3.22216265e-02,   5.29323891e-02,   1.91533696e-02,
         -3.13950814e-02,  -7.28884265e-02],
       [  6.94968477e-02,  -6.98667392e-02,   4.76650335e-02,
         -5.42511344e-02,   6.79977844e-03,   4.07218337e-02,
          2.47725379e-02,  -2.73679942e-02,  -2.19747405e-02,
          6.75470680e-02,   1.05002737e-02,   3.87550034e-02,
         -1.06055632e-01,   1.17043694e-02,  -7.19903633e-02,
         -1.27577204e-02,   4.36719880e-02,  -3.49390022e-02,
         -7.35054091e-02,   9.44312811e-02],
       [  8.68159682e-02,   8.23934004e-02,   2.05279998e-02,
         -1.73334908e-02,  -6.74571618e-02,   1.61308032e-02,
          4.65271436e-02,   4.41512689e-02,   1.01724528e-01,
         -2.07959805e-02,   1.18789516e-01,  -3.21487077e-02,
         -9.48719122e-03,  -6.23386679e-03,   3.37933861e-02,
         -9.91221052e-03,  -2.04064529e-02,   5.08031575e-03,
          3.80470566e-02,   1.89180728e-02],
       [ -2.85115256e-03,  -1.15434341e-01,   3.60838883e-02,
         -6.91719502e-02,   2.58002970e-02,   4.54974286e-02,
          4.20428999e-02,  -9.63434726e-02,   3.64372693e-02,
          3.36670130e-02,   6.03635199e-02,  -7.95819089e-02,
         -8.67288113e-02,   3.01573779e-02,   6.61303326e-02,
          5.67361899e-03,  -4.68475185e-02,   1.52821466e-02,
          8.76490697e-02,   4.88769710e-02],
       [ -1.61334723e-02,   6.48005083e-02,   6.52909651e-02,
         -3.71210324e-03,  -3.69995758e-02,   3.98768149e-02,
          2.39786040e-02,   8.47506151e-02,  -9.84681770e-03,
          5.20621520e-03,   8.39882717e-02,  -2.48615872e-02,
         -5.54967225e-02,  -5.17844930e-02,  -3.80666219e-02,
         -3.24940570e-02,  -5.49720339e-02,  -1.92417111e-02,
         -3.31006269e-03,  -8.98173153e-02],
       [  8.40526223e-02,   1.57654956e-02,  -7.55176470e-02,
          7.17272684e-02,   8.38928297e-02,  -5.96980117e-02,
          8.50209128e-03,  -4.60694991e-02,  -1.44488188e-02,
         -4.41021955e-04,   3.78149524e-02,  -4.63533439e-02,
         -5.09761684e-02,  -1.98174524e-03,  -4.99999896e-03,
         -5.75384758e-02,   7.00681210e-02,   1.99935343e-02,
          1.23239039e-02,   5.44149010e-03],
       [ -7.54704103e-02,   3.35202627e-02,   1.14081299e-03,
         -7.28827044e-02,  -5.13666570e-02,   1.05508924e-01,
          1.20593039e-02,  -5.63953109e-02,  -9.69698429e-02,
         -4.64637466e-02,   6.25625178e-02,  -4.15021442e-02,
         -1.18569052e-02,   9.25003365e-03,   4.81908470e-02,
         -6.44332841e-02,   3.10782827e-02,  -4.20062244e-02,
         -4.49987166e-02,  -4.33418564e-02],
       [  9.33757201e-02,  -1.00798748e-01,   1.14733897e-01,
          1.57321300e-02,   3.22990790e-02,   1.65451858e-02,
          5.08622900e-02,  -5.71630374e-02,  -4.44158725e-02,
         -6.97594285e-02,  -5.09697385e-02,  -3.89067791e-02,
          2.70439009e-03,  -5.07477485e-02,  -4.69495617e-02,
          7.06386417e-02,   8.78722519e-02,  -1.24038793e-02,
         -1.43676875e-02,   8.32188502e-03],
       [  1.97935048e-02,  -1.06227659e-02,   4.13717292e-02,
         -2.63219979e-02,   6.66224305e-03,   3.05634760e-03,
          4.82548177e-02,  -6.91214651e-02,   6.80474564e-02,
         -7.00538307e-02,   6.06216267e-02,  -1.92651358e-02,
          5.27740195e-02,  -3.52773480e-02,   5.13771130e-03,
          1.45022422e-02,   6.10919558e-02,  -3.62098478e-02,
          9.38660838e-03,   4.89397608e-02],
       [  1.61816704e-03,   5.24369115e-03,  -5.10509014e-02,
          6.11921912e-03,  -2.88331043e-02,  -1.67521294e-02,
          5.78459464e-02,  -8.32719263e-03,  -1.03677623e-02,
          2.49379333e-02,  -6.12070225e-02,   1.32357821e-01,
         -4.10236567e-02,   6.96667358e-02,   2.57094558e-02,
         -2.21074782e-02,   4.18591015e-02,   1.23707369e-01,
         -4.76766489e-02,  -3.59658785e-02],
       [ -6.11922657e-03,  -6.54373392e-02,  -1.06555782e-02,
         -1.20778298e-02,   7.57591194e-03,   3.40733491e-02,
         -7.51756206e-02,  -3.37297060e-02,  -3.39768231e-02,
         -7.29191443e-03,  -9.08709876e-03,   6.71127951e-03,
          3.20370980e-02,  -3.73657309e-02,  -3.92753519e-02,
         -8.92942306e-03,   3.40409242e-02,   5.60590215e-02,
         -2.56011188e-02,   4.43850346e-02],
       [ -9.64507982e-02,  -5.51925860e-02,  -4.82862331e-02,
         -6.82145581e-02,   8.70502815e-02,   5.50147183e-02,
         -7.00775459e-02,  -2.28584837e-02,   1.13921920e-02,
         -4.19150703e-02,   1.80422384e-02,  -6.67628506e-03,
         -9.63937026e-03,  -1.38274059e-02,  -3.21385674e-02,
          2.19642594e-02,  -1.69602334e-02,  -2.58696582e-02,
         -2.05800422e-02,   2.28459239e-02],
       [  2.45823637e-02,  -5.92021234e-02,   6.26012012e-02,
          6.51077181e-02,   3.99535662e-03,  -4.27276604e-02,
         -1.46660870e-02,   9.18913260e-02,  -1.35937855e-02,
          7.44862109e-02,   3.79608311e-02,   3.63874249e-02,
          1.28277197e-01,   4.91333269e-02,   4.55069803e-02,
          4.95632598e-03,   4.99857739e-02,  -2.77080722e-02,
         -3.47736925e-02,   5.58115356e-02],
       [  2.86047701e-02,  -1.86557509e-02,   5.95156029e-02,
         -3.13712768e-02,   1.08700246e-02,  -5.14834141e-03,
         -7.12679420e-03,   8.27526599e-02,   5.27909212e-02,
         -6.13026619e-02,   3.89027409e-02,  -2.45650448e-02,
          8.77991468e-02,   7.60584399e-02,  -1.62151586e-02,
          2.32666004e-02,   4.55846777e-03,  -1.18536808e-01,
         -7.99458288e-03,  -5.15190437e-02],
       [  8.17142501e-02,   3.60752754e-02,  -5.19109853e-02,
         -5.12371846e-02,  -4.88007115e-03,  -5.88294268e-02,
          1.43663380e-02,   6.71067387e-02,   3.22295837e-02,
         -8.31603631e-02,  -2.44087037e-02,  -4.27777767e-02,
          4.02879082e-02,  -8.42152312e-02,  -6.44033551e-02,
          9.60424542e-02,   7.92962164e-02,  -5.09745590e-02,
         -5.65242060e-02,   3.46668251e-02],
       [  1.02131082e-04,  -7.12776929e-02,   4.21155952e-02,
          2.76958104e-02,  -3.23563516e-02,   3.63325402e-02,
          5.92329875e-02,   3.27734798e-02,   7.63557181e-02,
          1.57611314e-02,  -5.43517619e-03,   2.63453070e-02,
          5.34175010e-03,  -5.12406230e-02,  -9.68977883e-02,
          1.40747381e-02,   7.10435659e-02,  -4.65323543e-03,
         -2.46607810e-02,  -1.76032335e-01],
       [  2.28320099e-02,  -3.28972414e-02,   1.59199387e-02,
         -3.63229513e-02,  -2.08766796e-02,   5.89740090e-03,
          5.37957624e-03,   5.04872203e-02,   5.62535338e-02,
         -1.79578830e-02,   7.17452914e-02,  -3.55929881e-03,
         -8.31045210e-02,   4.79044281e-02,   1.30310431e-02,
         -3.28379981e-02,   4.21751216e-02,   3.11388914e-02,
          4.55251522e-02,  -1.85645130e-02],
       [ -6.69171736e-02,  -2.60607060e-02,   1.11180425e-01,
         -3.80734168e-02,   5.89196431e-03,  -5.70862889e-02,
          1.99467465e-02,  -3.57859544e-02,  -3.32861580e-02,
         -7.38115842e-03,   6.19046800e-02,  -1.23624895e-02,
          3.95697765e-02,  -4.24823575e-02,   2.36177519e-02,
         -7.47097209e-02,  -2.35336600e-03,  -5.76926861e-03,
          4.22902964e-02,   1.15300613e-02],
       [ -3.68412882e-02,  -2.85363086e-02,   5.61372824e-02,
          6.15368970e-02,   1.90465972e-02,  -6.14125691e-02,
          3.38904113e-02,  -5.22766411e-02,  -1.82899684e-02,
          7.60604590e-02,  -5.89095913e-02,   1.11338636e-02,
         -4.34427671e-02,   1.39097348e-02,  -2.47662794e-02,
          8.68555810e-03,   5.37530743e-02,   1.97677240e-02,
          3.53570133e-02,  -1.32654473e-01],
       [ -2.32811756e-02,  -2.62357425e-02,   1.13050612e-02,
          3.69436555e-02,  -5.92063479e-02,   3.28571871e-02,
          1.58383213e-02,  -2.35438067e-02,   2.07622256e-02,
         -9.85418633e-02,  -4.83920332e-04,   7.27309361e-02,
          6.80880770e-02,   3.74679379e-02,  -3.64330888e-04,
         -5.92871867e-02,   5.78521900e-02,  -5.57455583e-04,
          4.68014590e-02,   2.83152200e-02],
       [  8.96570534e-02,   1.11032657e-01,  -8.75772163e-02,
          9.24506858e-02,   3.30052935e-02,   1.24362018e-02,
          1.47888130e-02,  -3.70902568e-02,  -1.65993087e-02,
         -4.10727225e-02,   4.24601361e-02,  -8.06144997e-02,
          5.07568084e-02,  -1.80940609e-02,   6.18135370e-03,
          1.24986889e-02,  -3.02588139e-02,  -2.67476216e-03,
         -3.47493850e-02,   1.52623579e-02],
       [ -4.45641130e-02,  -2.37610620e-02,  -5.35147786e-02,
          6.96090376e-03,  -9.36012994e-03,   3.33280824e-02,
         -1.60465073e-02,   5.71008190e-04,  -1.66616663e-02,
         -2.34827735e-02,   2.00668573e-02,  -3.79866771e-02,
          1.48889618e-02,   2.16248240e-02,   4.08128574e-02,
         -2.98614297e-02,  -5.10855131e-02,  -5.45381866e-02,
         -1.66629050e-02,   4.11874205e-02],
       [ -1.39198480e-02,  -4.24232557e-02,  -7.09463209e-02,
          1.89434476e-02,  -3.09243705e-02,  -6.66677058e-02,
         -3.49928699e-02,   4.13556881e-02,   1.87521018e-02,
         -5.52038923e-02,   1.62693616e-02,   1.08845912e-01,
          7.02517331e-02,  -2.05410477e-02,   6.41108770e-03,
         -5.29723875e-02,  -5.65395951e-02,  -5.90146258e-02,
         -3.58137861e-02,   2.50655180e-03],
       [ -4.41336595e-02,  -1.24323061e-02,   3.27473669e-03,
         -3.33489180e-02,  -6.88442811e-02,   7.88193718e-02,
          3.29255201e-02,   5.66613562e-02,   8.32409787e-05,
         -1.09152710e-02,  -8.52295086e-02,  -6.67197779e-02,
         -7.37300515e-02,   3.49292047e-02,   1.20802835e-01,
         -6.03317730e-02,  -1.13742962e-01,  -4.52208780e-02,
          7.22948909e-02,  -4.39552544e-03],
       [  8.04670304e-02,  -7.74538610e-04,  -7.18017519e-02,
         -7.86289126e-02,  -3.82933840e-02,  -1.51101485e-01,
         -7.38732442e-02,  -6.03538118e-02,   3.28959897e-02,
          5.17655574e-02,   5.45846336e-02,  -3.11519783e-02,
          8.84423405e-03,  -2.45748218e-02,  -1.57560371e-02,
          6.15145750e-02,  -4.02339473e-02,  -1.68114938e-02,
          2.15362106e-03,  -2.08728425e-02],
       [  2.81275045e-02,   2.18134504e-02,  -6.54475987e-02,
          5.38552999e-02,  -5.06456867e-02,   3.85744832e-02,
          1.00740558e-02,   2.70067435e-02,   3.17330733e-02,
          5.93212210e-02,  -3.98182683e-02,   2.70179217e-03,
         -2.24263538e-02,  -5.18566743e-02,  -6.37937412e-02,
          2.64015105e-02,  -1.05717719e-01,   5.32009304e-02,
          5.56926755e-03,  -7.28697255e-02],
       [ -8.26292019e-03,  -4.19412479e-02,  -1.49725480e-02,
          7.65988603e-02,   5.58531955e-02,   1.47709670e-02,
          4.94068442e-03,   6.57408759e-02,   1.34029314e-01,
         -3.05587538e-02,   6.19906150e-02,  -5.91744669e-02,
         -3.91058512e-02,   1.21537507e-01,  -7.71003887e-02,
          9.02100578e-02,   1.75847602e-03,  -1.91860627e-02,
         -1.54366598e-01,   1.63232815e-02],
       [ -2.45963447e-02,  -2.29271762e-02,  -9.89783742e-03,
         -5.13373502e-02,  -4.60551158e-02,  -3.32546234e-02,
          3.03990878e-02,  -1.58034429e-01,  -2.48730835e-02,
         -1.68275330e-02,   2.62747500e-02,  -6.13280514e-04,
          2.26686206e-02,   5.25436811e-02,   6.63277432e-02,
          1.01661682e-01,  -1.51096899e-02,  -2.81910179e-03,
          4.62756399e-03,  -2.75113690e-03],
       [ -3.33352983e-02,  -3.81628089e-02,   5.14748096e-02,
          1.16418314e-03,   7.69346356e-02,   7.05510452e-02,
         -4.44524642e-03,  -3.22839394e-02,   9.15896799e-03,
          8.88251886e-02,   8.56946502e-03,   8.71920660e-02,
          2.89858319e-02,   8.60089883e-02,  -1.03125267e-01,
          4.88948859e-02,   9.24014524e-02,   7.43532702e-02,
          5.24025820e-02,  -7.67187923e-02]], dtype=float32), array([ 0.,  0.,  0.,  0.,  0.,  0.,  0.,  0.,  0.,  0.,  0.,  0.,  0.,
        0.,  0.,  0.,  0.,  0.,  0.,  0.], dtype=float32)][array([[-0.06661443],
       [-0.02111552],
       [-0.01307558],
       [-0.05353124],
       [-0.0035927 ],
       [ 0.00966176],
       [ 0.04633974],
       [ 0.11791211],
       [ 0.01984329],
       [-0.04304694],
       [ 0.03894548],
       [-0.00296329],
       [-0.06869919],
       [-0.06261597],
       [ 0.01349619],
       [-0.09234402],
       [-0.00421266],
       [ 0.0257301 ],
       [ 0.00820996],
       [ 0.06115   ]], dtype=float32), array([ 0.], dtype=float32)]