[array([[  4.76010470e-03,   4.85961400e-02,   1.82892277e-03,
          2.18254607e-02,  -4.69512166e-03,   1.51083339e-02,
         -4.29948531e-02,  -7.86396861e-02,  -1.33769140e-02,
         -5.12031913e-02,   3.89054567e-02,  -6.78898115e-03,
          5.29266186e-02,   3.45322341e-02,  -5.08811437e-02,
          3.44101600e-02,   2.57002022e-02,  -7.44826114e-03,
          2.20860075e-02,   1.22074716e-01,   1.23626076e-01,
          1.14909848e-02,  -6.02524243e-02,  -5.29183149e-02,
          1.64591279e-02,   7.91058764e-02,  -5.82903018e-03,
          2.66232970e-03,  -5.46174347e-02,   3.61299850e-02,
          8.00918695e-03,  -1.53915575e-02,   9.84577369e-03,
         -5.67494594e-02,  -4.02332563e-03,  -2.95129307e-02,
         -3.45519595e-02,   2.21986640e-02,  -3.74384075e-02,
         -4.47716713e-02,   9.26036611e-02,  -2.34681461e-02,
         -3.60311083e-02,  -1.52866188e-02,   1.32452175e-02,
          2.60125548e-02,   9.40236263e-03,   3.18427645e-02,
          1.06339984e-01,   1.64524931e-02],
       [  3.59351411e-02,   1.11634485e-01,  -4.52959444e-03,
         -3.42013724e-02,   5.84164821e-02,   3.62398103e-02,
         -4.42667678e-02,  -9.14485827e-02,   1.34199530e-01,
          2.66959574e-02,   2.29216106e-02,  -2.35157143e-02,
          5.58465123e-02,  -1.61244592e-03,   3.43886539e-02,
          4.56564277e-02,  -7.43804425e-02,  -7.81633183e-02,
          8.46303301e-05,   1.92875527e-02,   2.51489636e-02,
          4.16875929e-02,   3.98764908e-02,   5.07609360e-03,
          1.09758237e-02,  -1.07424473e-02,  -1.44975437e-02,
         -6.94170222e-02,   6.14309795e-02,  -2.17207372e-02,
         -9.22247916e-02,   8.92888568e-03,   4.66833673e-02,
          4.27902229e-02,   2.72975918e-02,   3.11752735e-03,
         -1.20842236e-03,   9.67656970e-02,   3.48034203e-02,
          2.84360442e-02,  -5.26532903e-02,   5.74711934e-02,
          3.30216624e-02,  -5.20690046e-02,  -1.75787862e-02,
          3.89302149e-02,   1.17968665e-02,  -3.38159166e-02,
         -3.51371914e-02,  -6.69443682e-02],
       [  2.68038698e-02,   2.70025320e-02,   4.39442098e-02,
          9.38418321e-03,  -5.86416898e-03,  -3.39686237e-02,
          3.72544341e-02,   7.17183901e-03,  -5.10517359e-02,
         -5.20681702e-02,  -6.65701404e-02,   1.79698598e-03,
         -8.08140486e-02,   5.50584868e-02,  -3.06775933e-03,
         -7.73015767e-02,   6.70614606e-03,  -2.68486724e-03,
         -5.66361211e-02,   1.77737456e-02,  -3.71117257e-02,
         -5.42167388e-02,  -1.11823492e-01,   3.27874050e-02,
         -5.62812574e-02,   3.08710616e-03,   1.04183830e-01,
         -9.94649604e-02,  -3.28448527e-02,  -2.77563483e-02,
         -2.41542812e-02,   1.10210935e-02,  -4.20514271e-02,
          9.46287066e-02,  -3.47896777e-02,   3.67476568e-02,
         -1.35915233e-02,  -2.26618052e-02,  -3.78745794e-02,
          2.32147370e-02,   6.31950796e-03,   1.89289581e-02,
         -1.90313924e-02,   7.06369663e-03,   4.08273935e-02,
         -4.05442566e-02,   1.62189081e-01,   1.33248074e-02,
         -1.12488642e-01,   2.91393790e-03],
       [ -6.42928928e-02,  -3.24953571e-02,   5.72592206e-02,
          3.13834548e-02,   7.05228969e-02,  -8.49169120e-03,
          9.69251525e-03,   4.96196002e-02,   3.56679298e-02,
          1.20826755e-02,   6.94199130e-02,  -8.60638767e-02,
         -6.34327084e-02,  -5.99535070e-02,   5.10998666e-02,
         -8.66207555e-02,  -2.39574090e-02,  -4.40106951e-02,
         -2.45838501e-02,   1.01817884e-02,   2.46733781e-02,
         -5.30951582e-02,   7.39449263e-02,  -2.10151114e-02,
          6.30503595e-02,  -4.53875167e-03,   1.15520498e-02,
          1.73718315e-02,  -3.75811085e-02,   6.46185968e-03,
          4.51318994e-02,  -2.33808868e-02,  -6.84393272e-02,
          3.19790244e-02,   7.59866461e-02,   9.99163464e-03,
          7.00905323e-02,  -2.81889644e-02,  -3.90969180e-02,
          3.08578610e-02,  -5.14321402e-02,   2.60213446e-02,
          9.80522856e-02,  -3.66876386e-02,  -4.16871719e-02,
         -3.29978578e-02,   7.15296669e-03,  -4.26715650e-02,
          4.88209054e-02,  -2.15968098e-02],
       [  1.24526778e-02,  -1.68851521e-02,  -2.11640913e-02,
         -3.59762162e-02,  -1.67786069e-02,   5.34132719e-02,
         -3.45042422e-02,   2.96298563e-02,  -1.85292941e-02,
          2.12144125e-02,  -4.38174605e-03,   2.03589983e-02,
          5.56049459e-02,   3.46038155e-02,   3.11670508e-02,
         -2.34665703e-02,  -2.51797829e-02,   1.96086373e-02,
         -1.62825912e-01,   1.20475637e-02,   9.21743885e-02,
          1.23345973e-02,   2.54115351e-02,   2.95649953e-02,
          1.33755729e-02,   2.39523612e-02,  -9.76882968e-03,
          2.12101843e-02,   2.23216396e-02,   4.32783477e-02,
          5.25626615e-02,   2.42434791e-03,  -8.36388320e-02,
         -4.92663030e-03,   3.01868632e-03,  -4.27599810e-02,
          8.79735723e-02,   2.71828156e-02,   9.09154788e-02,
         -1.12419864e-02,   4.15765774e-03,   7.62510821e-02,
          6.19889656e-03,  -3.68221812e-02,  -8.53404403e-02,
          1.07806228e-01,   8.81785806e-03,  -2.24684714e-03,
         -1.42682111e-02,  -4.40713344e-03],
       [  3.99125703e-02,   5.62407672e-02,   1.71631966e-02,
          8.87136385e-02,  -1.45111084e-02,   7.54225552e-02,
         -5.54321371e-02,  -4.99176644e-02,   1.22822588e-02,
          5.08755930e-02,  -8.33969936e-02,  -1.39847444e-02,
         -1.34980977e-01,   2.32472122e-02,   3.69145833e-02,
          7.00769667e-03,   1.11479819e-01,   5.28511368e-02,
          6.56817853e-02,   1.76901021e-03,   4.18574177e-02,
         -1.58185679e-02,   1.39668854e-02,   2.75447499e-02,
         -6.83068186e-02,  -1.75145473e-02,  -2.98414882e-02,
         -4.06785263e-03,   6.74378201e-02,  -8.36714357e-03,
          1.23726055e-02,  -7.54573289e-03,  -1.45940026e-02,
         -1.67657137e-02,   4.53523286e-02,  -1.84014123e-02,
          1.03388131e-01,   9.32620615e-02,  -3.44414450e-02,
         -6.26197383e-02,   9.51732974e-03,   2.48028710e-02,
          1.40908614e-01,   1.34583805e-02,  -4.52442467e-03,
         -4.51745056e-02,  -5.07515483e-02,  -3.64320795e-03,
         -7.41426870e-02,   2.19502877e-02],
       [ -2.00315397e-02,   1.36992503e-02,  -3.08238249e-02,
          3.22838090e-02,  -2.00271253e-02,  -5.79005256e-02,
          4.10587750e-02,  -3.70849147e-02,   2.44317558e-02,
         -5.65687902e-02,   3.35539840e-02,   1.49127068e-02,
         -2.32900260e-03,  -4.82028723e-02,  -2.67437696e-02,
          3.23963091e-02,  -3.29214195e-03,   4.59230095e-02,
          3.24942917e-03,   1.46337822e-02,  -7.59618804e-02,
         -1.10927736e-02,  -7.15894252e-02,   5.33530787e-02,
          7.77688576e-03,  -6.10789321e-02,  -1.16083520e-02,
          4.20923084e-02,   2.85953786e-02,   7.33967051e-02,
          4.77448218e-02,   7.81554878e-02,   3.63563560e-02,
          7.45971724e-02,  -6.18393393e-03,  -1.71215162e-02,
          1.26512377e-02,   6.62699491e-02,   7.09959343e-02,
         -4.62117493e-02,  -2.75637563e-02,  -5.93655296e-02,
          2.14646142e-02,   1.03367371e-02,  -2.58599911e-02,
         -4.80296426e-02,   8.08616728e-02,   2.48352922e-02,
          7.78800715e-03,   3.28117609e-03],
       [ -2.26375815e-02,  -5.54380491e-02,  -5.30470312e-02,
          6.74451992e-04,  -4.17620689e-02,   2.24895570e-02,
         -4.82095182e-02,   7.38527253e-03,  -8.71799712e-04,
         -4.36369255e-02,  -5.80478087e-02,  -8.89271870e-02,
          4.26112860e-02,  -1.08097894e-02,  -3.50843859e-03,
         -4.58568819e-02,  -3.10553815e-02,   1.19938736e-03,
         -3.91824953e-02,   3.28022018e-02,  -3.70500460e-02,
          4.01428752e-02,  -7.54886121e-02,   3.90592031e-03,
          2.34164903e-03,   3.45232594e-03,  -1.18884638e-01,
         -6.05787709e-02,   2.54380535e-02,   5.33978939e-02,
         -4.24776487e-02,   2.83236313e-03,  -2.20911088e-03,
          4.65132855e-02,   4.25803922e-02,   1.00520924e-01,
         -2.07962021e-02,   2.00615805e-02,  -7.32194111e-02,
         -1.68480147e-02,  -1.42742961e-03,  -3.12957838e-02,
          8.62877630e-03,   6.79710731e-02,  -2.46318541e-02,
         -4.19807769e-02,   7.21608698e-02,  -3.18965688e-02,
         -3.52408588e-02,  -1.82191767e-02]], dtype=float32), array([ 0.,  0.,  0.,  0.,  0.,  0.,  0.,  0.,  0.,  0.,  0.,  0.,  0.,
        0.,  0.,  0.,  0.,  0.,  0.,  0.,  0.,  0.,  0.,  0.,  0.,  0.,
        0.,  0.,  0.,  0.,  0.,  0.,  0.,  0.,  0.,  0.,  0.,  0.,  0.,
        0.,  0.,  0.,  0.,  0.,  0.,  0.,  0.,  0.,  0.,  0.], dtype=float32)][array([[ -1.36362957e-02,   6.24676012e-02,   5.58256768e-02,
          6.10688441e-02,   2.11930461e-02,   1.06044393e-02,
         -1.03959285e-01,   3.71734425e-02,   1.63906475e-03,
         -1.32500555e-03,   1.08629568e-02,   1.12849131e-01,
         -2.75174528e-02,  -1.63326394e-02,  -6.40625879e-03,
         -3.59033840e-03,   2.72230338e-02,  -1.48974983e-02,
          3.92745547e-02,  -5.29997908e-02],
       [ -1.09670274e-01,  -3.56138684e-02,   2.37710644e-02,
         -1.59205664e-02,   9.13305953e-02,  -1.72381289e-02,
         -1.03498134e-03,  -2.44136509e-02,   3.30607891e-02,
          5.55877713e-03,   6.05279170e-02,  -2.48916238e-03,
          2.28731912e-02,   3.82934250e-02,   7.54597485e-02,
         -6.11337386e-02,  -6.21271320e-02,   2.52025705e-02,
         -2.02332786e-03,  -4.09182124e-02],
       [  1.34581150e-02,   2.07665171e-02,  -1.22220935e-02,
          8.71183649e-02,   7.65571231e-03,  -1.08697511e-01,
         -5.99095551e-03,   2.29650810e-02,  -4.73501943e-02,
         -5.37565127e-02,  -8.51875991e-02,   7.50652477e-02,
         -1.01601202e-02,   1.33502427e-02,   5.36296628e-02,
          4.20805626e-02,   6.75048754e-02,   2.18557697e-02,
         -4.96855378e-02,   1.86699461e-02],
       [  1.01181880e-01,   1.83699559e-02,  -7.59364516e-02,
         -1.60916578e-02,  -5.27127460e-02,   7.60991452e-03,
         -1.15475215e-01,   4.89796959e-02,  -4.50070202e-02,
          1.09507451e-02,   3.78105305e-02,  -7.01946989e-02,
         -2.09196117e-02,   3.27956788e-02,   2.74703037e-02,
          1.25906209e-03,   5.48105501e-02,  -1.63951535e-02,
         -7.00185681e-03,   4.28291000e-02],
       [  7.10366443e-02,  -5.81432767e-02,  -3.61031815e-02,
          4.29313853e-02,  -4.33261469e-02,  -9.47949663e-02,
         -4.56201695e-02,  -5.50378440e-03,   3.08778882e-03,
         -8.46960694e-02,  -8.53372589e-02,   4.00312580e-02,
         -3.72839533e-02,   5.57594327e-03,  -3.91033329e-02,
          2.76848376e-02,   1.62850395e-01,   4.36255746e-02,
          8.47409293e-03,   1.10631585e-02],
       [ -3.09562236e-02,   3.54154557e-02,   1.04633225e-02,
         -4.97530855e-04,  -1.82625111e-02,  -1.44292777e-02,
          1.39512107e-01,  -8.73143300e-02,  -7.93559626e-02,
         -2.51460169e-02,  -1.01308115e-02,   1.98374651e-02,
          2.89828163e-02,   9.94574726e-02,   2.23477408e-02,
          4.96228412e-02,  -8.69027004e-02,  -2.75938469e-03,
          6.09317832e-02,   6.16294742e-02],
       [  1.36683811e-03,   2.62061693e-02,  -3.66818979e-02,
          7.56850019e-02,  -2.14606635e-02,  -8.37960318e-02,
         -9.69482865e-03,   3.82677093e-02,   2.57041361e-02,
         -2.99506634e-02,  -1.94695145e-02,  -2.15189885e-02,
          1.00032941e-01,   2.47651394e-02,   9.37644765e-02,
         -2.35432889e-02,  -4.30451185e-02,  -8.48303828e-03,
          2.78011803e-02,   3.13155130e-02],
       [  3.55310254e-02,  -9.26337689e-02,   3.68337557e-02,
         -5.75437546e-02,  -1.58039048e-01,   7.56721273e-02,
         -5.62637746e-02,  -2.37400588e-02,  -4.28324603e-02,
          2.63986774e-02,   7.99058378e-03,   3.45572131e-03,
          9.86885093e-03,  -5.19642495e-02,   5.49496599e-02,
         -4.39894535e-02,  -1.38289854e-02,   3.07214190e-03,
          5.31078577e-02,   6.94333166e-02],
       [  4.04189527e-02,   2.28881985e-02,  -5.33005670e-02,
         -4.49179709e-02,  -3.69443349e-03,   7.95850158e-02,
          1.99434962e-02,   5.92286587e-02,   1.39763104e-02,
         -3.55810635e-02,  -1.38425427e-02,  -7.25938901e-02,
          4.00879160e-02,  -2.62847934e-02,  -1.01213194e-01,
          6.38103411e-02,  -2.90498473e-02,   7.77408713e-03,
          7.39376694e-02,  -4.93166409e-02],
       [ -6.58886209e-02,  -2.92428471e-02,  -5.87687269e-02,
         -1.06135324e-01,   2.39420980e-02,   1.25255426e-02,
         -1.81308389e-02,   6.98089376e-02,  -1.15294553e-01,
          6.24631010e-02,   6.88571308e-04,  -2.74627842e-02,
          2.38723811e-02,  -5.64990230e-02,  -1.92329232e-02,
          1.05657257e-01,  -6.07580654e-02,  -4.05340008e-02,
         -6.73862845e-02,   1.60754379e-03],
       [ -6.75369520e-03,  -2.49712821e-02,  -4.56146747e-02,
         -2.07512118e-02,  -1.35515675e-01,  -5.30810654e-03,
          9.39412341e-02,   5.76856211e-02,   5.69897555e-02,
          4.78829667e-02,  -1.56097338e-02,  -3.47799063e-02,
         -5.51577471e-02,   2.18593199e-02,   3.70313041e-02,
         -3.10056843e-02,  -2.75711119e-02,  -5.85817955e-02,
         -6.15378916e-02,   5.34794815e-02],
       [ -6.71751723e-02,   9.10895243e-02,   2.38317121e-02,
         -6.50864560e-03,   6.61928533e-03,   1.34223504e-02,
          4.10791077e-02,  -3.07662785e-02,  -4.86188494e-02,
         -3.51605788e-02,   2.30246615e-02,  -4.92600091e-02,
          1.14593543e-02,  -4.77131363e-03,  -1.53066954e-02,
         -2.71041747e-02,   4.86753322e-03,   2.80780289e-02,
          1.20770648e-01,   5.57333417e-02],
       [ -6.35471866e-02,  -3.91999632e-02,   4.61019240e-02,
          6.33406118e-02,   3.51457647e-03,  -2.79820561e-02,
         -9.18977149e-03,   1.20094847e-02,  -1.19812984e-03,
         -2.11446155e-02,  -1.88093880e-04,   5.81747666e-03,
         -1.17443733e-01,  -2.18132194e-02,  -7.29135796e-02,
          3.67584974e-02,  -2.15319656e-02,  -8.20228755e-02,
          2.47095898e-02,  -1.10265985e-02],
       [  5.05028367e-02,  -7.92134628e-02,   8.81338269e-02,
         -4.08834629e-02,   2.66589876e-02,   4.57828157e-02,
         -7.11303903e-03,  -1.75560534e-03,  -3.07363849e-02,
         -3.94849889e-02,  -7.92244542e-03,   1.32164732e-01,
          5.61003871e-02,  -6.60118163e-02,   2.09809467e-02,
         -5.54508045e-02,   1.12815909e-01,   8.90077651e-03,
         -5.14105568e-03,   9.48918238e-02],
       [  6.60106167e-02,  -2.56464463e-02,  -5.91873899e-02,
         -2.86077540e-02,   5.56554226e-03,  -6.82612881e-02,
         -4.54603769e-02,   4.70579118e-02,  -2.40696575e-02,
          8.97579566e-02,  -1.84946682e-03,   1.23372180e-02,
          7.23837689e-02,   5.52409776e-02,  -5.81179224e-02,
         -4.76521142e-02,   1.02661423e-01,  -6.54361397e-02,
         -9.96098295e-02,  -5.04649393e-02],
       [ -1.22098941e-02,  -1.18966466e-02,   5.68171814e-02,
         -5.02249051e-04,   2.69350829e-04,   1.76407933e-01,
         -9.51714218e-02,   5.12377582e-02,   6.35683835e-02,
         -5.58309518e-02,   7.74587467e-02,   6.58283904e-02,
         -4.33447352e-03,   1.12952568e-01,  -2.75989901e-02,
         -4.94039664e-03,   9.69773158e-02,   3.68122868e-02,
         -3.51477824e-02,   1.67328306e-02],
       [  2.54655574e-02,  -1.73496399e-02,   7.16081560e-02,
          2.26023104e-02,   2.76332591e-02,   9.28414911e-02,
          5.31147905e-02,   3.11585646e-02,   4.17328887e-02,
         -2.64630709e-02,   7.94542953e-02,   3.67859192e-02,
          3.79187800e-02,  -5.37284277e-02,   3.09293508e-03,
          4.88090329e-02,   7.51557946e-03,   3.71366926e-02,
          1.08538121e-02,   1.77837780e-03],
       [  2.19460181e-03,   3.85395400e-02,   3.40173393e-02,
         -6.09900914e-02,   2.82028560e-02,  -8.95658582e-02,
         -9.49157700e-02,   5.41702881e-02,   5.53795099e-02,
         -1.83382463e-02,  -7.37370038e-03,  -2.85912547e-02,
          4.19883840e-02,   9.68719944e-02,  -3.38068679e-02,
          8.60409252e-03,  -6.51492402e-02,   4.21781471e-04,
          4.08827066e-02,   6.23492338e-03],
       [  2.20663268e-02,   2.45458093e-02,  -3.17666419e-02,
          6.75253570e-02,   5.46912849e-02,   5.73178530e-02,
          7.88674578e-02,   2.15771310e-02,  -1.26878237e-02,
          1.48993684e-02,  -7.65927956e-02,   5.27585261e-02,
         -7.31148049e-02,  -7.89032131e-02,  -6.81915805e-02,
          2.92519014e-02,  -2.83476561e-02,  -5.28556388e-03,
          4.30716723e-02,  -5.79991713e-02],
       [ -2.89449282e-02,  -2.18136702e-02,  -4.46144752e-02,
         -1.37790725e-01,   3.01244985e-02,  -1.55801624e-02,
         -8.64528492e-03,   1.15337431e-01,   2.58843061e-02,
         -3.96332443e-02,   7.39360079e-02,   9.14182805e-04,
         -5.22246920e-02,  -8.11420307e-02,  -4.65137996e-02,
         -2.48357486e-02,   5.44518530e-02,   2.39632539e-02,
         -5.22406101e-02,   2.64298804e-02],
       [  8.07889644e-03,  -7.82716647e-03,   1.62334181e-02,
         -4.80222665e-02,  -2.21695695e-02,  -2.36253794e-02,
         -4.81021963e-02,  -2.15666573e-02,   7.51529261e-02,
         -5.50911315e-02,   1.12755364e-02,  -5.54381683e-02,
          2.38085501e-02,   3.83782685e-02,   3.50461565e-02,
          5.52710965e-02,   4.19780016e-02,  -1.19282436e-02,
          5.32828048e-02,   7.28104189e-02],
       [  4.26594317e-02,  -2.44741254e-02,  -2.56819222e-02,
          5.64247556e-02,   4.59662899e-02,  -1.16070295e-02,
         -1.41282320e-01,   3.56721692e-02,   5.01438379e-02,
          1.38914334e-02,   5.32447957e-02,   2.76060849e-02,
         -1.04686962e-02,   4.46489155e-02,   1.04970550e-02,
          6.45904243e-03,   7.63701880e-03,  -6.77028380e-04,
         -3.12371403e-02,  -5.63375466e-02],
       [ -2.50753760e-02,   3.03143705e-03,   2.95573920e-02,
          1.40893711e-02,   8.21610447e-04,  -7.68477395e-02,
          6.58458099e-02,   8.73699039e-02,  -1.84140578e-02,
          4.37764032e-03,  -6.44069165e-02,   4.60946448e-02,
          5.85727356e-02,  -7.15467408e-02,   3.36927138e-02,
         -1.48665551e-02,  -2.38337871e-02,   2.11675689e-02,
          2.99801715e-02,  -6.48224577e-02],
       [  1.83224808e-02,   5.80925122e-02,  -9.90361124e-02,
         -1.18484907e-01,  -2.19295756e-03,   7.59504959e-02,
         -1.82873867e-02,  -5.03129363e-02,   5.08146472e-02,
          1.61990989e-02,  -1.67667251e-02,  -3.08337193e-02,
         -8.22602138e-02,   2.19588634e-02,   8.44281539e-02,
          6.46740869e-02,   6.67101378e-03,  -5.37597714e-03,
          2.76381876e-02,   1.12741822e-02],
       [ -1.18843652e-01,  -7.22076818e-02,   1.02012856e-02,
          8.67364183e-03,  -7.29251429e-02,  -5.17748967e-02,
          8.18959847e-02,  -1.12654448e-01,  -5.46927713e-02,
          2.13352521e-03,   2.76897699e-02,   3.13409902e-02,
          1.11916801e-02,  -5.56527339e-02,   4.34797145e-02,
          1.12142554e-02,   5.85617721e-02,   4.01572920e-02,
         -3.60819325e-02,   2.16437373e-02],
       [ -9.12663266e-02,   9.40607786e-02,  -1.73810292e-02,
          2.67621912e-02,  -8.27737432e-03,  -5.96745908e-02,
         -4.56249081e-02,   9.63154361e-02,  -2.59845499e-02,
         -5.25110550e-02,   5.16458564e-02,   3.07158120e-02,
          1.75315775e-02,   1.58516932e-02,   1.14906013e-01,
          3.23150717e-02,  -3.15171257e-02,  -2.44199838e-02,
         -1.32793114e-01,  -3.60026746e-03],
       [  1.69987064e-02,  -8.41795206e-02,   7.79364109e-02,
         -8.36166218e-02,   7.05450997e-02,  -1.94893572e-02,
         -2.59626992e-02,   1.22267716e-02,  -9.30775143e-03,
         -3.72462138e-03,  -1.31256625e-01,  -7.99409971e-02,
          4.29611318e-02,   1.50489826e-02,  -4.64270115e-02,
          7.95161426e-02,   8.24150350e-03,   1.68626588e-02,
          1.81662571e-02,  -5.23928963e-02],
       [ -1.64911710e-02,   2.55902000e-02,  -2.93783527e-02,
          1.80404761e-03,   1.21481204e-02,   9.49072558e-03,
         -5.05565815e-02,   5.76143973e-02,  -2.66418140e-02,
          5.69128804e-02,   2.23428141e-02,  -4.17681448e-02,
          7.01057017e-02,  -2.47178953e-02,   7.70406751e-03,
          5.78450635e-02,  -6.48734495e-02,  -3.62532586e-02,
          3.41005810e-02,  -2.92316321e-02],
       [  2.04282161e-02,   3.04954834e-02,   7.96558186e-02,
          6.39862567e-03,  -3.64328064e-02,  -7.33684469e-03,
          1.02203466e-01,   1.56936869e-02,   8.95108003e-03,
         -2.55798157e-02,  -7.01588839e-02,   4.02504168e-02,
          4.63927500e-02,  -1.04274534e-01,  -8.74922201e-02,
         -1.04418658e-02,   3.91998738e-02,  -1.54421320e-02,
         -8.63221567e-03,  -4.22261730e-02],
       [  3.94490995e-02,  -2.11649947e-03,  -3.69192101e-02,
         -2.55471114e-02,   1.45360073e-02,  -3.26798074e-02,
          7.99764041e-03,   1.32327173e-02,  -1.00556891e-02,
         -1.41663169e-02,   2.64929589e-02,   8.60512778e-02,
          2.86215246e-02,  -1.48400888e-02,   2.87684351e-02,
          8.32302030e-03,  -2.12339871e-02,   5.97498491e-02,
         -1.86759662e-02,  -1.91868171e-02],
       [  9.24226653e-04,   3.26606520e-02,  -2.15055756e-02,
         -3.89306732e-02,   1.83188473e-03,  -6.74258918e-02,
         -3.06939688e-02,   1.30381796e-03,   2.02211645e-02,
         -2.63642967e-02,  -8.58268738e-02,  -1.13574602e-01,
         -4.51230370e-02,   8.14688858e-03,   5.45402430e-02,
         -9.92703512e-02,   2.09060982e-02,  -1.23822642e-02,
         -3.09096929e-02,   1.49161657e-02],
       [ -3.09818089e-02,  -1.22427596e-02,  -5.89879341e-02,
          8.40916932e-02,   1.40667157e-02,   4.41439264e-02,
          1.41366988e-01,   1.05090057e-02,   5.81145361e-02,
          1.20892100e-01,  -6.04778416e-02,  -4.31447290e-02,
         -3.88048254e-02,  -4.29504700e-02,  -1.92263480e-02,
          1.10365665e-02,   3.65145095e-02,   5.93331866e-02,
          6.92733526e-02,   4.08707187e-02],
       [  2.57784314e-02,   5.99442720e-02,  -4.71798182e-02,
         -5.30975126e-02,  -2.08542775e-02,  -1.62913240e-02,
         -9.38094333e-02,   1.79971904e-02,  -1.62038784e-02,
          3.87479253e-02,  -1.49571886e-02,  -2.92138159e-02,
         -8.25982820e-03,   5.08444384e-03,  -2.82977019e-02,
         -3.67241725e-03,   3.76092568e-02,   6.58592507e-02,
          6.09326437e-02,   4.72335815e-02],
       [  9.57796443e-03,   1.73949394e-02,   2.86521856e-02,
          1.37691051e-01,  -1.17334090e-02,  -3.97358909e-02,
         -4.18769456e-02,  -1.77818653e-03,  -3.33388224e-02,
          8.75479355e-03,  -9.99863148e-02,  -1.35851400e-02,
          6.52330741e-02,   4.61349171e-03,  -1.33076431e-02,
         -2.93446518e-02,  -9.69826709e-03,   3.13966582e-03,
          1.14419281e-01,  -4.15186696e-02],
       [  4.15799432e-02,   6.71093240e-02,  -6.78167790e-02,
         -2.08737934e-03,   6.76438510e-02,  -1.64895784e-02,
          1.58536956e-02,  -2.68939026e-02,   5.11728181e-03,
          3.39949094e-02,   6.44170865e-02,  -5.00341356e-02,
          3.45250592e-02,   1.62546046e-03,   1.90630313e-02,
         -5.83580807e-02,  -1.99559163e-02,  -3.57857756e-02,
          1.13069499e-02,   9.53162182e-03],
       [ -5.06147109e-02,   5.72268926e-02,   8.99054762e-03,
          1.04013853e-01,  -3.78741473e-02,  -1.69033688e-02,
         -5.17063104e-02,   5.75774116e-03,  -6.34321198e-02,
         -3.53550948e-02,   5.45496587e-03,   9.36938636e-03,
         -6.51136413e-02,   9.22809467e-02,   2.95354631e-02,
          2.40709148e-02,  -1.34260384e-02,  -3.46906111e-02,
          2.30418649e-02,   2.44354513e-02],
       [ -5.58794253e-02,  -6.22793436e-02,   9.49133560e-02,
          1.04279034e-02,   2.81976201e-02,  -3.27548832e-02,
          1.88552458e-02,  -4.09791479e-03,  -1.28897494e-02,
         -3.01617477e-02,   1.67880487e-02,  -2.37016138e-02,
          3.31340134e-02,  -2.20632050e-02,   2.74226023e-03,
          7.52897710e-02,  -5.44602191e-03,   3.22156511e-02,
          6.13886379e-02,  -2.33944785e-02],
       [  7.95398951e-02,  -5.41237295e-02,  -6.77513704e-02,
         -1.19410791e-01,   1.01598538e-01,   8.67071450e-02,
         -2.77029257e-02,   3.51543427e-02,  -1.15531228e-01,
         -4.35665101e-02,   6.98457882e-02,   3.25835198e-02,
          3.53609249e-02,   4.30258876e-03,  -1.07091069e-01,
          6.71175718e-02,  -3.32296342e-02,   7.61391819e-02,
          1.27139360e-01,  -3.33922170e-02],
       [ -3.93165462e-02,   3.98725010e-02,  -3.33661139e-02,
          1.83114340e-03,  -3.22909094e-02,   9.39972177e-02,
          7.49832615e-02,  -3.16425948e-03,   1.41035533e-02,
          4.43787761e-02,   4.71640266e-02,   7.26299435e-02,
          5.69317229e-02,  -1.25489412e-02,   1.99010726e-02,
          2.27789097e-02,  -3.12835164e-02,  -9.00760014e-03,
          4.39009145e-02,   2.70960238e-02],
       [ -2.15295684e-02,   5.37483059e-02,  -1.06232062e-01,
          2.64084823e-02,  -3.81737612e-02,   1.45513145e-02,
         -2.36802604e-02,   4.46425043e-02,  -7.60936085e-03,
         -3.68066952e-02,   2.90905330e-02,  -3.40529755e-02,
         -9.94795561e-03,   2.44532358e-02,  -6.12887833e-03,
          6.64666237e-04,   1.76213570e-02,  -3.56541993e-03,
          2.06137877e-02,   4.42680717e-02],
       [ -3.33360098e-02,   3.68744247e-02,   5.70169352e-02,
         -9.86551680e-03,  -5.99834733e-02,   4.78230752e-02,
          1.78808644e-02,   1.00906573e-01,  -3.25547494e-02,
         -7.85777345e-02,   1.43863549e-02,   2.99442150e-02,
         -1.47003448e-03,  -1.63980443e-02,   2.42000837e-02,
         -1.28734829e-02,  -2.52780523e-02,  -4.12372090e-02,
         -6.67670295e-02,  -6.37468845e-02],
       [  3.73014361e-02,  -1.95816322e-03,   1.32373264e-02,
         -2.17770841e-02,   1.85366627e-02,  -4.44581080e-03,
          2.13761088e-02,  -3.40109244e-02,   1.64222401e-02,
         -5.23867495e-02,  -5.90205975e-02,  -1.05875237e-02,
          3.76976803e-02,  -1.95714943e-02,  -2.13161539e-02,
         -3.43563408e-02,  -1.81187876e-02,  -7.90252537e-02,
         -2.19953116e-02,  -5.09172976e-02],
       [  5.20073846e-02,  -2.09527966e-02,   4.58042603e-03,
          5.98770939e-02,  -5.90968430e-02,  -8.38393196e-02,
          1.45679805e-02,   2.82282662e-02,   3.37424576e-02,
          9.81061347e-03,   7.92735536e-03,  -1.97295174e-02,
          2.50484943e-02,   3.45153771e-02,   8.39520767e-02,
         -7.69969076e-02,   2.62223426e-02,  -1.71228424e-02,
          7.32045546e-02,   6.58396482e-02],
       [ -2.75351610e-02,   3.87750044e-02,   2.23043840e-02,
          2.92143412e-02,   3.36424820e-02,  -9.57508609e-02,
         -1.25551773e-02,  -1.06090708e-02,   1.14332205e-02,
         -1.97146597e-04,   5.61957322e-02,   5.25841005e-02,
          7.83785153e-03,  -4.15774586e-04,   2.80021559e-02,
         -4.11514491e-02,   5.25052063e-02,  -4.33166288e-02,
         -2.18188819e-02,  -1.15445545e-02],
       [  5.69081446e-03,   4.76333909e-02,   6.55978397e-02,
          5.57691343e-02,   6.87741265e-02,  -7.55056664e-02,
          1.55643849e-02,   6.54274374e-02,  -3.98049951e-02,
          4.33310941e-02,  -5.57254115e-03,  -7.19703957e-02,
          1.02960197e-02,  -1.78082641e-02,   1.93687454e-02,
         -7.68470392e-02,  -2.51880493e-02,   4.90279496e-02,
         -2.25188341e-02,  -7.16639087e-02],
       [ -1.60486605e-02,  -2.60480046e-02,  -5.53629994e-02,
          3.69906537e-02,   6.73407689e-03,  -4.48500318e-03,
         -3.28274965e-02,  -1.64389536e-02,  -2.17750389e-02,
         -1.48080653e-02,   7.95500800e-02,   1.32530630e-02,
         -5.46443090e-03,   2.44212970e-02,   1.07911304e-01,
         -1.09790852e-02,   6.10737549e-03,  -2.59982478e-02,
          2.76384186e-02,  -2.99732592e-02],
       [  4.72550094e-02,   3.37210372e-02,  -5.51995449e-02,
          3.53449583e-02,   9.32109170e-03,  -7.75101632e-02,
         -1.20814756e-01,  -1.85117647e-02,  -3.42303701e-02,
         -6.80288672e-02,   2.62933946e-03,   3.69530357e-02,
         -5.10917269e-02,  -1.18158340e-01,   1.09428698e-02,
          4.55892794e-02,  -7.87475798e-03,   1.55735854e-02,
         -2.55508274e-02,   1.34571493e-02],
       [ -8.08057468e-03,  -5.10423481e-02,  -1.91091038e-02,
          3.41933742e-02,  -3.71124446e-02,   6.36471733e-02,
         -9.05149989e-03,  -5.31726778e-02,  -1.11871520e-02,
          1.14240544e-02,  -4.71374318e-02,   4.97853868e-02,
          2.45108064e-02,  -5.58985658e-02,   2.01637531e-03,
         -4.70880978e-02,   3.24001536e-03,  -7.09635019e-02,
          1.77831703e-03,   3.62138413e-02],
       [ -7.31435269e-02,   1.39724687e-02,   3.69942375e-02,
         -1.87375338e-03,  -2.75412649e-02,   2.22852323e-02,
          3.58135439e-02,  -4.72104289e-02,   5.35991602e-03,
          8.74489080e-03,  -5.11319339e-02,   2.03053150e-02,
         -4.81282659e-02,  -2.78763715e-02,  -9.16110575e-02,
         -1.65725779e-02,   1.25293125e-04,   1.32374018e-02,
          8.23278651e-02,   4.34377193e-02],
       [ -6.59838272e-03,   2.69948374e-02,  -8.65696296e-02,
         -3.96913587e-04,  -2.66760234e-02,  -7.64125884e-02,
          1.42475843e-01,   4.17345092e-02,  -2.96239406e-02,
         -6.13986850e-02,   1.24875739e-01,  -1.14870770e-02,
         -3.06451004e-02,   1.56640727e-02,  -5.35735162e-03,
          3.90162803e-02,  -4.64813076e-02,  -3.44979279e-02,
          3.79814953e-03,   5.29798865e-02]], dtype=float32), array([ 0.,  0.,  0.,  0.,  0.,  0.,  0.,  0.,  0.,  0.,  0.,  0.,  0.,
        0.,  0.,  0.,  0.,  0.,  0.,  0.], dtype=float32)][array([[-0.02135347],
       [-0.02592716],
       [ 0.00804624],
       [ 0.12276363],
       [ 0.09624024],
       [-0.08661293],
       [ 0.01792564],
       [-0.03033645],
       [ 0.07139765],
       [-0.02731799],
       [ 0.0090039 ],
       [-0.06921192],
       [ 0.03637983],
       [ 0.00865869],
       [ 0.01513947],
       [-0.00758273],
       [ 0.02399635],
       [ 0.03225512],
       [-0.03774137],
       [-0.00860807]], dtype=float32), array([ 0.], dtype=float32)]