[array([[ -6.89847693e-02,  -3.80115621e-02,  -7.21731931e-02,
         -8.91453251e-02,  -1.61614176e-02,  -1.48121556e-02,
         -1.69208404e-02,  -2.07170453e-02,  -1.72594003e-02,
          5.75798638e-02,   1.19760856e-01,  -3.82171087e-02,
         -1.17775304e-02,  -1.59143619e-02,  -4.79568429e-02,
          2.45967060e-02,  -1.39199078e+00,   1.82468761e-02,
         -2.75917277e-02,   2.88356524e-02,  -9.62975174e-02,
          1.69977054e-01,  -1.13730527e-01,  -2.64289618e+00,
         -2.32345867e-03,  -3.26375771e+00,  -2.13300724e+01,
          1.47237927e-01,   1.82504710e-02,   2.38477439e-02,
         -1.40858918e-01,   8.58761549e-01,  -1.07692637e-01,
         -2.37840209e-02,  -1.50050363e-02,   1.00198481e-02,
          4.13974114e-02,   1.03139970e-02,   4.95460361e-01,
          1.00181854e+00,  -4.21455912e-02,  -2.05141511e-02,
         -1.46284238e-01,  -1.10408189e-02,   3.68969701e-02,
         -3.19812596e-01,   4.84839559e-01,  -1.08872034e-01,
         -1.41811237e-01,   8.31614956e-02],
       [  1.11069053e-03,   3.07559464e-02,   5.12320362e-02,
          8.18898380e-02,  -5.48080690e-02,   5.27308276e-03,
          8.77530500e-02,   2.71892095e-05,  -3.53424065e-02,
          1.36421351e-02,   5.34495898e-02,  -1.83841437e-02,
          4.01242189e-02,   6.16136454e-02,   7.61316866e-02,
         -4.53475341e-02,  -1.44825292e+00,  -5.04883304e-02,
         -1.17145879e-02,  -7.05380365e-02,   8.58878046e-02,
          3.33508179e-02,  -3.36750150e-02,  -1.65796328e+00,
         -6.17649443e-02,  -3.46593928e+00,  -1.70266342e+01,
          1.06139123e-01,  -1.05063155e-01,   7.42533952e-02,
          2.01234356e-01,  -2.51793414e-01,   2.93266904e-02,
          3.96225974e-03,   1.38024976e-02,  -7.79511407e-02,
         -7.18479231e-03,   6.16328493e-02,  -3.62488538e-01,
          9.39545810e-01,   4.67047282e-02,  -2.04631090e-02,
         -2.77111977e-01,   2.59631649e-02,  -2.18304750e-02,
         -4.34383929e-01,   4.64497447e-01,   1.87853724e-02,
          3.32522616e-02,  -7.88085982e-02]], dtype=float32), array([ 0.,  0.,  0.,  0.,  0.,  0.,  0.,  0.,  0.,  0.,  0.,  0.,  0.,
        0.,  0.,  0.,  0.,  0.,  0.,  0.,  0.,  0.,  0.,  0.,  0.,  0.,
        0.,  0.,  0.,  0.,  0.,  0.,  0.,  0.,  0.,  0.,  0.,  0.,  0.,
        0.,  0.,  0.,  0.,  0.,  0.,  0.,  0.,  0.,  0.,  0.], dtype=float32)][array([[ -9.30586874e-01,   6.47489429e-02,  -2.84326728e-02,
         -9.21161249e-02,  -2.44662650e-02,   6.38981581e-01,
          1.28557897e+00,  -1.52604446e-01,   4.33245413e-02,
          2.14225268e+00,   3.26746404e-01,   2.00174656e+01,
          4.54841778e-02,   4.02151272e-02,   2.91291499e+00,
          2.84279492e-02,  -5.66608347e-02,   3.11527014e-01,
          4.17890340e-01,   1.34233803e-01],
       [  2.11094832e+00,  -5.67043126e-02,   2.77984720e-02,
         -3.49163264e-01,  -5.72443306e-02,   3.73171777e-01,
          5.30005217e-01,   6.81832060e-02,   8.84275138e-02,
          7.45994902e+00,  -6.93598449e-01,  -2.07713852e+01,
          2.27908492e-02,   2.86464598e-02,   3.34428120e+00,
         -1.43761206e-02,   2.79874444e-01,  -8.03293407e-01,
         -8.84454072e-01,  -8.35688114e-02],
       [  9.80842686e+00,   1.73703402e-01,  -6.19900450e-02,
         -1.96745887e-01,   9.29676220e-02,   2.35788971e-01,
         -6.44128847e+00,   1.02897972e-01,  -1.26034021e-02,
          7.77087173e+01,  -2.62510371e+00,  -2.44087067e+02,
          5.76077811e-02,  -4.31900285e-02,   1.73882937e+00,
         -9.43870172e-02,  -3.06844980e-01,  -7.12945104e-01,
         -4.23146993e-01,   1.07350118e-01],
       [  1.00115311e+00,  -9.86958295e-02,  -4.13057320e-02,
         -2.17064118e+00,  -6.90868348e-02,   1.42654061e+00,
         -6.37700081e+00,   2.38938004e-01,  -2.69440245e-02,
          1.29350281e+02,  -2.18897372e-01,  -2.77411804e+02,
         -1.42980060e-02,   7.11484328e-02,   1.08346424e+01,
          8.36446807e-02,   3.47484052e-01,  -1.16018057e+00,
         -9.77465093e-01,  -9.56909917e-03],
       [ -5.96716166e+00,  -1.20162755e-01,  -1.53965317e-02,
         -1.24186873e+00,   3.74689698e-02,   3.15869480e-01,
          1.83196354e+00,  -4.87528220e-02,   2.53327526e-02,
         -5.63471375e+01,   2.22748208e+00,   6.04748192e+01,
         -5.05827777e-02,   1.94867663e-02,  -2.98887634e+00,
         -6.26176689e-03,   2.47607112e-01,  -7.12054491e-01,
         -2.44683862e-01,  -4.29593511e-02],
       [ -3.14009500e+00,  -3.68270755e-01,   2.65701395e-02,
         -8.03197324e-01,  -3.93040963e-02,  -1.25938416e-01,
         -3.26643062e+00,   2.26187497e-01,   5.67474365e-02,
          6.16632118e+01,   1.35324132e+00,  -1.19801788e+02,
          3.16784084e-02,   5.21142259e-02,   4.79399109e+00,
          5.41826244e-03,   1.76916346e-01,  -6.89667404e-01,
         -1.04879963e+00,  -1.04812101e-01],
       [ -3.19016337e+00,   1.30776502e-02,  -4.86801937e-02,
          1.15880346e+00,   9.91690382e-02,  -1.38744771e+00,
          1.17885363e+00,  -7.27147311e-02,  -8.90960917e-02,
         -8.03138924e+00,   1.20849609e+00,   2.03368816e+01,
         -1.04585579e-02,   3.02223470e-02,  -8.39706719e-01,
         -1.82782989e-02,  -2.43954852e-01,  -6.50832891e-01,
         -5.61187446e-01,   8.41535479e-02],
       [  2.62051702e+00,   2.04061177e-02,  -1.28383234e-01,
         -5.53155839e-01,  -3.27696279e-02,   2.82022618e-02,
         -3.81024861e+00,   1.90835401e-01,   4.16139849e-02,
          9.39424820e+01,  -1.02237976e+00,  -1.94109955e+02,
          5.45684760e-03,   7.74455741e-02,   2.50914246e-01,
          9.20478031e-02,   7.82053992e-02,   3.37995470e-01,
          4.63273227e-01,  -1.28847316e-01],
       [  5.90311527e-01,   2.11059168e-01,   4.98639978e-02,
          1.01394749e+00,   5.13634353e-04,  -1.25543666e+00,
          3.65621400e+00,  -1.79498941e-01,   1.98649131e-02,
         -2.90128918e+01,   3.00868660e-01,   1.34122650e+02,
          1.10253766e-02,   2.47267056e-02,   2.81791747e-01,
         -1.17704086e-01,  -2.87006944e-01,  -4.73772645e-01,
         -3.28393191e-01,   7.26208612e-02],
       [ -5.14700651e+00,   5.66004850e-02,  -1.71694893e-03,
          2.63787985e-01,   2.77808700e-02,   6.03198946e-01,
         -9.76766777e+00,   1.21221118e-01,  -3.65874916e-02,
          1.88061142e+02,   1.76091814e+00,  -3.88929291e+02,
          4.84491177e-02,  -5.42882867e-02,   5.12314939e+00,
          5.30989701e-03,   3.03712767e-02,  -1.30841875e+00,
         -1.59133065e+00,  -1.07391886e-01],
       [  4.08274460e+00,   1.04574650e-03,   2.18451992e-02,
         -1.21869855e-01,   1.46900803e-01,  -6.11505628e-01,
         -2.18971176e+01,  -1.05580732e-01,   2.35675890e-02,
          3.77685730e+02,  -1.45010269e+00,  -9.34664856e+02,
         -3.91930565e-02,  -3.03440541e-02,  -3.59003282e+00,
         -4.05096598e-02,   1.78496614e-01,   1.52066246e-01,
         -3.76510434e-02,   3.16484310e-02],
       [  8.41789722e+00,   8.23874399e-03,  -2.23377272e-02,
          2.29334426e+00,   4.76776995e-02,  -1.71475065e+00,
          2.47995996e+00,   1.95025583e-04,   9.05347541e-02,
         -4.48124695e+01,  -2.91816592e+00,   1.21196243e+02,
          9.47492421e-02,   4.01438475e-02,  -3.51610494e+00,
         -1.83134656e-02,  -2.95188874e-01,  -3.67562294e-01,
         -4.17456806e-01,   8.34971666e-02],
       [  2.59458423e+00,  -6.78415596e-02,  -4.75743376e-02,
          3.46704610e-02,  -3.43497992e-02,   4.21847701e-01,
          9.50085044e-01,   2.10247874e-01,  -4.75846156e-02,
         -3.78102455e+01,  -6.86319292e-01,   7.31012497e+01,
         -2.01154687e-02,  -2.62187030e-02,  -2.19334054e+00,
         -1.08183920e-01,   3.31458569e-01,   7.41714537e-01,
          6.49782360e-01,  -7.56833702e-02],
       [ -2.02952194e+00,  -1.10147214e-02,  -6.74022455e-03,
         -6.49765891e-04,   7.36685619e-02,  -2.27194250e-01,
          1.74598253e+00,   1.69192523e-01,  -8.41860697e-02,
         -4.15732384e+01,   3.01166087e-01,   2.73401814e+01,
          2.79262364e-02,  -1.39430314e-02,   1.05468500e+00,
         -4.16629426e-02,   8.84746015e-02,  -5.49444020e-01,
         -2.40226582e-01,  -1.88383818e-01],
       [ -5.75677633e+00,  -1.64099205e-02,  -1.95303578e-02,
         -1.90684021e+00,  -6.25343248e-02,   1.86414492e+00,
          1.43385220e+00,  -7.02113360e-02,  -7.58654550e-02,
         -9.92915630e+00,   1.37425768e+00,   5.17238503e+01,
         -3.76998968e-02,   7.00346008e-02,   1.24956203e+00,
         -8.04178126e-04,   3.53345513e-01,   2.11140752e-01,
          2.18944088e-01,  -6.12008646e-02],
       [  4.65814114e+00,  -3.87757421e-02,   1.26928156e-02,
         -2.37119102e+00,  -1.93392653e-02,   2.99898601e+00,
          4.94723940e+00,   2.93906988e-03,  -6.54186234e-02,
         -9.28859406e+01,  -1.36385894e+00,   2.19516693e+02,
         -3.12642679e-02,   1.93591807e-02,  -4.11945200e+00,
         -4.45190072e-03,   3.33733886e-01,   3.75321656e-01,
          3.69258195e-01,  -8.56646523e-02],
       [  3.74256468e+00,  -7.80541822e-02,  -9.09074489e-03,
         -1.13754928e+00,  -8.76477435e-02,   1.24028158e+00,
         -7.59683084e+00,   6.37878180e-02,   4.35572397e-03,
          1.16305061e+02,  -1.22587919e+00,  -3.16392944e+02,
         -4.51502614e-02,  -4.91311625e-02,  -6.31155074e-01,
          2.87453663e-02,   2.01923251e-01,   6.62095189e-01,
          6.05003119e-01,  -9.56615657e-02],
       [  1.39685059e+01,  -4.27917875e-02,  -4.39045280e-02,
         -1.97989726e+00,  -4.13740650e-02,   1.88847554e+00,
         -5.57140064e+00,  -2.39629418e-01,   4.39179391e-02,
          1.01134865e+02,  -4.89037323e+00,  -1.96558380e+02,
          6.41826680e-03,   1.95132531e-02,  -6.22198164e-01,
          2.69902628e-02,   5.04508972e-01,   7.62441382e-02,
         -2.59288549e-01,  -2.20082074e-01],
       [  6.78140068e+00,   1.06812492e-01,   9.24788341e-02,
         -3.75409871e-01,   9.35538113e-03,   1.04092610e+00,
         -3.83482790e+00,  -1.12504005e-01,   8.34384784e-02,
          1.03758743e+02,  -2.03819633e+00,  -2.31279984e+02,
          2.14049686e-02,  -6.96544498e-02,   8.39279056e-01,
          4.43803445e-02,  -3.73155139e-02,  -4.50441718e-01,
         -4.15998667e-01,  -5.79025485e-02],
       [  2.41636977e-01,  -7.22973421e-02,  -3.49696202e-04,
         -1.61030269e+00,   5.95571622e-02,   1.43521249e+00,
         -1.96052647e+01,   7.92395230e-03,   6.91580996e-02,
          3.17741333e+02,   1.46361411e-01,  -7.55123169e+02,
         -4.89368699e-02,   3.52519937e-02,  -4.38847351e+00,
         -3.44588421e-02,   1.25076056e-01,  -7.10768700e-01,
         -7.36352026e-01,  -4.56313193e-02],
       [  2.99878764e+00,   1.44637942e-01,  -2.53637135e-02,
         -7.58880258e-01,   4.84296121e-02,  -1.84835267e+00,
          3.05139828e+00,   6.99747056e-02,   4.07615863e-02,
         -4.56745605e+01,  -1.22793484e+00,   9.21365814e+01,
         -2.49724891e-02,   1.59868342e-03,  -7.88060427e-01,
          3.18551213e-02,  -1.58489645e-02,   3.01284522e-01,
         -6.44497899e-03,  -3.58794704e-02],
       [ -3.58513641e+00,   6.31003007e-02,  -1.48688303e-02,
         -2.00223342e-01,  -5.14072478e-02,   2.47015625e-01,
         -2.32002378e+00,  -1.23434067e-01,   9.27008241e-02,
          2.23308907e+01,   9.87944543e-01,  -7.41820145e+01,
         -8.52542147e-02,  -3.06655653e-02,   3.67736602e+00,
         -2.19974350e-02,  -9.60744172e-02,   4.32754159e-01,
          2.85537660e-01,  -5.60882175e-03],
       [ -3.25666070e+00,   3.04815099e-02,   3.50642242e-02,
          2.91243613e-01,   2.79806480e-02,  -3.82902771e-01,
          1.14594450e+01,  -1.05393067e-01,   1.71575360e-02,
         -2.52513443e+02,   7.31377363e-01,   4.90512207e+02,
          2.39242539e-02,  -7.24027231e-02,   2.16027647e-01,
         -2.08657812e-02,  -7.60524534e-04,  -5.96726298e-01,
         -4.39745963e-01,   1.06140338e-02],
       [ -1.68984258e+00,   2.31705941e-02,   3.79458852e-02,
         -1.83687106e-01,  -3.28315794e-02,   2.05832303e-01,
          3.68459368e+00,   8.59251693e-02,  -1.75504815e-02,
         -1.11100739e+02,   5.63003182e-01,   2.06788788e+02,
          6.17909841e-02,  -4.09174226e-02,  -4.79464817e+00,
         -7.06969723e-02,  -5.48862992e-03,   9.65460360e-01,
          9.11999106e-01,  -4.82062064e-02],
       [ -4.33175468e+00,  -9.72567871e-02,   3.73105183e-02,
         -3.33547801e-01,   1.02595344e-01,  -3.11645985e-01,
          9.08378482e-01,  -4.35307957e-02,  -7.24932700e-02,
         -1.51283245e+01,   9.46306646e-01,   2.14146328e+01,
          3.96631509e-02,   7.89098814e-02,  -7.27272034e+00,
          2.12259125e-02,   1.49681211e-01,   1.83758831e+00,
          2.11414886e+00,   6.33853301e-02],
       [ -3.01932764e+00,  -1.47187904e-01,   4.95907404e-02,
          3.46918136e-01,  -3.86213474e-02,  -2.39972264e-01,
         -1.44030261e+00,   1.70713365e-01,  -2.02388298e-02,
          1.44547100e+01,   9.83398318e-01,  -5.66240959e+01,
         -3.28070112e-02,  -1.14839366e-02,  -5.50160408e+00,
          2.45483387e-02,  -2.33873263e-01,   1.15290368e+00,
          9.37841296e-01,   3.81330997e-02],
       [ -1.80044615e+00,  -6.91654608e-02,  -1.10090345e-01,
          5.27872801e-01,   6.08451627e-02,   1.26431003e-01,
         -2.60161757e+00,   1.36935860e-02,  -1.06392659e-01,
          2.21053963e+01,   1.52873173e-01,  -4.62666130e+01,
          7.50774965e-02,   6.94429874e-02,  -1.72930229e+00,
          7.08293542e-03,  -2.20184818e-01,  -9.00083855e-02,
         -1.68509185e-01,  -7.92956799e-02],
       [  1.05179369e+00,  -4.54228044e-01,   8.64225402e-02,
         -1.75363243e+00,  -1.70027949e-02,   1.56674004e+00,
         -8.76569510e-01,  -6.79511502e-02,  -3.63428742e-02,
          3.42783523e+00,  -5.53687751e-01,  -5.01248932e+01,
          2.27505304e-02,  -4.56191711e-02,  -1.32545924e+00,
         -3.33026424e-02,   2.38542721e-01,  -6.81077600e-01,
         -4.30096805e-01,   2.48515494e-02],
       [ -2.69395089e+00,  -1.06073581e-01,   4.28242172e-04,
         -9.21260238e-01,   8.05168077e-02,   5.97668290e-01,
         -8.79791069e+00,  -2.44811177e-01,  -1.01777531e-01,
          1.44552353e+02,   8.23868752e-01,  -3.43897278e+02,
         -4.12490927e-02,   2.02561226e-02,  -5.74566793e+00,
          3.39807682e-02,   4.21661258e-01,  -5.94285607e-01,
         -5.41394711e-01,  -1.28533421e-02],
       [  1.24649415e-02,  -9.84473601e-02,  -3.42858434e-02,
          1.83007169e+00,  -6.94034621e-02,  -8.80190492e-01,
         -1.21858492e+01,   2.34845042e-01,  -7.77571872e-02,
          2.39250885e+02,  -7.74390176e-02,  -5.02671082e+02,
         -1.24739548e-02,   4.41662334e-02,   4.57393551e+00,
          6.67900965e-02,  -2.45826796e-01,  -3.63796324e-01,
         -5.02827287e-01,  -3.65731530e-02],
       [ -5.89898157e+00,  -8.37767124e-02,  -3.78881628e-03,
         -8.06069911e-01,  -1.37572428e-02,   5.06941438e-01,
         -6.34280539e+00,  -2.71723956e-01,  -1.47464229e-02,
          1.05122704e+02,   1.53475642e+00,  -2.75426758e+02,
          4.16723303e-02,   1.38498761e-03,   4.14328527e+00,
          2.93271132e-02,   3.05895805e-01,  -1.20767131e-01,
          8.41158479e-02,  -2.26518381e-02],
       [  9.67911339e+00,   1.83329284e-01,  -6.46440089e-02,
         -1.48690248e+00,  -1.83927473e-02,   9.67918813e-01,
         -2.27048302e+00,  -2.02992726e-02,  -3.44133377e-03,
          6.34286995e+01,  -3.07724047e+00,  -1.43244934e+02,
          4.24843840e-02,  -2.39349585e-02,   2.87070632e+00,
          3.37628350e-02,   2.53719598e-01,  -1.12989557e+00,
         -1.12094355e+00,  -4.21776697e-02],
       [  5.01325321e+00,  -3.12864445e-02,  -3.16285081e-02,
         -4.68972981e-01,   8.21852386e-02,   1.07509279e+00,
         -4.11598158e+00,   1.36505008e-01,  -7.18574747e-02,
          7.61337814e+01,  -1.86464524e+00,  -1.67075439e+02,
         -1.60448160e-02,  -3.87554686e-03,  -4.45498896e+00,
          1.51803484e-02,  -1.45568028e-01,   1.32515252e-01,
          3.51462781e-01,   3.68848257e-02],
       [ -1.60295486e+00,  -6.41938671e-02,  -9.45931897e-02,
         -3.15052450e-01,  -1.17243724e-02,   6.87507570e-01,
          7.69702291e+00,  -8.85566995e-02,  -3.02892085e-02,
         -1.11552521e+02,   6.91909194e-01,   3.29697845e+02,
          4.92313132e-03,   8.34052544e-03,  -1.27993050e+01,
         -1.05249453e-02,   7.30913058e-02,   9.94985938e-01,
          8.46407235e-01,   7.46431053e-02],
       [ -3.09498239e+00,  -1.83110416e-01,   4.32123244e-03,
          9.01834890e-02,  -8.85082632e-02,   1.10786475e-01,
          9.73884106e+00,   1.24116555e-01,   8.51305053e-02,
         -1.78867508e+02,   3.50538760e-01,   4.37105743e+02,
          5.49755208e-02,   5.36488593e-02,  -1.37015688e-03,
          4.71280515e-02,  -9.20305699e-02,  -2.35703975e-01,
         -1.96554556e-01,  -1.44818248e-02],
       [ -5.77887726e+00,  -3.02734137e-01,   7.64703602e-02,
         -6.80827022e-01,   4.89831641e-02,   6.90914273e-01,
          3.25833702e+00,  -1.98918238e-01,  -1.77952275e-01,
         -6.85969772e+01,   1.34290946e+00,   1.29691284e+02,
          5.35879917e-02,   4.04790156e-02,   4.28648502e-01,
         -1.42652234e-02,  -1.03795998e-01,   6.00115776e-01,
          5.92732489e-01,   7.70556256e-02],
       [ -3.62312698e+00,   6.70432523e-02,   5.76648898e-02,
          1.84788799e+00,  -3.21279839e-02,  -5.13354719e-01,
          4.13394880e+00,  -1.48563728e-01,   2.29820050e-02,
         -6.18275681e+01,   1.21187520e+00,   1.42774261e+02,
          2.85625737e-02,   1.55352401e-02,   6.16798687e+00,
          3.77382599e-02,  -1.82842419e-01,  -1.09493166e-01,
         -2.65726089e-01,   8.42825621e-02],
       [  1.26942408e+00,   4.55348529e-02,   3.59642841e-02,
          2.65172958e-01,   7.13346004e-02,  -2.91096181e-01,
         -3.41269374e+00,   1.39265791e-01,  -6.55827150e-02,
          5.45095978e+01,  -1.29713416e-01,  -1.75889252e+02,
          7.99191147e-02,   6.65224418e-02,   8.40700507e-01,
          3.32825206e-04,  -2.82363314e-02,   2.89894730e-01,
          2.41247401e-01,  -9.60784554e-02],
       [  1.91309249e+00,  -7.10704476e-02,  -9.99681801e-02,
         -2.37127781e+00,   2.90170358e-03,   2.33099079e+00,
         -1.25223417e+01,   1.72432736e-01,   5.08428402e-02,
          2.30011566e+02,  -4.12869483e-01,  -5.52093384e+02,
          5.06722275e-03,   7.65015781e-02,  -3.36561441e+00,
         -2.18393486e-02,   4.62640822e-01,  -2.18154248e-02,
         -1.41755193e-01,  -6.13740347e-02],
       [  2.36014581e+00,   9.74776968e-02,   1.49401084e-01,
         -4.41955745e-01,   4.27135564e-02,   4.25196767e-01,
          2.06172199e+01,  -1.33613184e-01,   5.16313799e-02,
         -3.54149628e+02,  -8.20430696e-01,   8.92322998e+02,
          1.09925056e-02,   3.65926847e-02,  -3.00724864e+00,
         -7.67957373e-03,   1.34833783e-01,   1.77337334e-01,
          1.94913030e-01,  -1.28094405e-01],
       [ -3.24844718e+00,  -2.07060575e-01,  -6.74937293e-03,
          9.47603106e-01,   5.90194240e-02,  -7.84352958e-01,
          1.81305962e+01,   1.39909256e-02,  -7.02489540e-02,
         -3.22075775e+02,   6.30150616e-01,   7.01017212e+02,
          1.59359928e-02,  -3.43040153e-02,   2.65432191e+00,
         -6.52252063e-02,  -4.15553361e-01,  -7.75658965e-01,
         -7.62761414e-01,   1.50580034e-02],
       [  5.90480924e-01,   2.27207541e-01,   9.23534632e-02,
          1.20615315e+00,  -3.40138935e-02,  -1.26795280e+00,
         -3.74233723e+00,   1.04644492e-01,  -5.39400056e-02,
          6.82714615e+01,  -4.43864882e-01,  -1.49946869e+02,
         -4.01733816e-02,   5.43969637e-03,  -9.14178193e-02,
         -1.30138978e-01,   8.76283646e-02,  -4.30418663e-02,
          1.69717878e-01,   8.08251947e-02],
       [  4.33401018e-01,   2.48810146e-02,   3.77721563e-02,
         -2.91490346e-01,   3.07168439e-02,   7.64658868e-01,
         -9.08224702e-01,  -4.54633459e-02,   7.47765088e-03,
          2.91261024e+01,   2.28908107e-01,  -8.04744949e+01,
         -7.30485991e-02,  -7.66855339e-03,   7.37159395e+00,
          5.24483509e-02,   4.18340147e-01,  -9.23803508e-01,
         -7.46522486e-01,  -6.32124990e-02],
       [ -2.64016247e+00,   1.42978415e-01,   5.28050326e-02,
         -1.63048160e+00,  -1.30838212e-02,   1.02321935e+00,
         -3.02473521e+00,   1.80150330e-01,   2.94306036e-02,
          1.63864346e+01,   1.29610932e+00,  -5.84676476e+01,
         -9.54697188e-03,  -3.18502635e-02,  -2.88611674e+00,
         -5.28979711e-02,   3.04840505e-01,   3.00503284e-01,
          2.88348764e-01,  -1.75665058e-02],
       [  3.29802394e+00,  -3.49326730e-02,  -1.27354041e-01,
         -2.16070366e+00,  -3.22004855e-02,   1.81320238e+00,
          1.97804868e+00,  -9.77474675e-02,   1.78624000e-02,
         -3.45309753e+01,  -9.37964976e-01,   1.84162979e+02,
          1.01612937e-02,  -7.88529310e-03,  -9.61120605e+00,
         -1.19741485e-02,   6.29791856e-01,   5.38654327e-01,
          5.26108742e-01,  -1.18017688e-01],
       [ -1.34337358e+01,   3.29764597e-02,   6.25848724e-03,
         -1.10372448e+00,   6.23982884e-02,   2.94071585e-01,
          1.91658096e+01,  -7.99037442e-02,   7.67339692e-02,
         -3.68115997e+02,   3.74623394e+00,   7.77269775e+02,
         -2.64201500e-02,  -8.43107104e-02,   2.26729608e+00,
         -4.07146476e-03,   5.16941071e-01,  -4.11242783e-01,
         -2.66433507e-01,  -1.55387610e-01],
       [  1.77254319e+00,  -2.24333853e-01,   2.40544844e-02,
         -2.15087205e-01,  -4.52838093e-02,   1.95701018e-01,
          1.03572464e+01,   1.07473016e-01,   2.66823336e-03,
         -1.79923050e+02,  -3.73930663e-01,   4.43755524e+02,
         -3.46286558e-02,   3.76740843e-02,  -2.43808937e+00,
          6.23807088e-02,   9.61347893e-02,   1.03803945e+00,
          1.24604154e+00,   1.36842718e-02],
       [ -6.31878567e+00,  -6.63383529e-02,   8.52463916e-02,
         -8.61729503e-01,   1.54638593e-03,  -1.10866763e-01,
          7.83777666e+00,  -1.89325353e-03,  -2.35805549e-02,
         -1.59051605e+02,   2.08749723e+00,   3.46856842e+02,
         -1.88775379e-02,   8.70076194e-02,  -5.20109034e+00,
          3.89190800e-02,   1.29450783e-01,   2.20396772e-01,
          2.56363004e-01,  -4.37335670e-03],
       [ -6.77715492e+00,  -6.12914525e-02,   2.90789362e-02,
         -1.38060555e-01,   2.18345877e-02,   3.80411327e-01,
         -1.15292826e+01,  -8.22175518e-02,   9.18462723e-02,
          1.65214005e+02,   1.73298395e+00,  -4.59989166e+02,
         -3.25137377e-02,  -2.20166799e-02,   1.79011977e+00,
          5.57965115e-02,  -1.57909766e-01,  -5.98957598e-01,
         -7.45483935e-01,   2.82426532e-02],
       [ -4.96446991e+00,   3.13268095e-01,   2.61102971e-02,
          3.23062015e+00,   5.04424274e-02,  -2.57208538e+00,
         -4.45230961e+00,  -2.14166999e-01,   8.02234560e-03,
          6.60119324e+01,   1.64099443e+00,  -1.56439453e+02,
         -1.40031939e-02,  -1.03984475e-02,  -7.72705495e-01,
          7.62149096e-02,  -5.56179166e-01,   5.82921088e-01,
          4.41044003e-01,   5.77387698e-02]], dtype=float32), array([ 0.,  0.,  0.,  0.,  0.,  0.,  0.,  0.,  0.,  0.,  0.,  0.,  0.,
        0.,  0.,  0.,  0.,  0.,  0.,  0.], dtype=float32)][array([[  9.36996269],
       [-21.10382462],
       [-10.39982319],
       [  0.28902605],
       [ -9.34336662],
       [ -7.49975491],
       [ 10.98527431],
       [  0.76320511],
       [  5.49399996],
       [ -0.14358808],
       [ 18.99241257],
       [ -0.64585489],
       [ 26.82664108],
       [-14.59731197],
       [ 16.38142014],
       [ 18.24829102],
       [ -5.06557417],
       [  0.55280811],
       [  4.33187771],
       [  7.57496738]], dtype=float32), array([ 0.], dtype=float32)]