[array([[  4.48608350e+03,  -7.06490631e+01,   4.66014969e+05,
         -3.58030908e-02,   2.39609387e-02,   1.47747055e+02,
          2.04041443e+01,   2.15601075e+06,  -2.10835915e+01,
         -8.66588950e-02,  -7.23507150e+06,  -4.35016562e+04,
         -1.44908476e+01,   4.92127594e+02,   2.08414906e+05,
         -5.20090820e+04,   1.66942720e+07,   1.20614618e-01,
          7.75646625e+05,   5.79413891e-01,   3.60387500e+05,
          6.17218161e+00,  -3.51164282e+03,  -1.26819801e+01,
         -1.90601746e+02,   3.72042070e+04,  -3.01514500e+05,
         -5.64056250e+03,   3.00118103e+02,  -2.98300209e+01,
         -7.57692993e+02,  -1.77342188e+04,   4.43128252e+00,
          2.66527625e+05,  -6.56891113e+02,   4.06120002e-01,
          3.91999000e+05,   2.39903458e+02,   3.77766914e+01,
          8.82295156e+04,  -2.53092025e+06,   3.96342346e+02,
         -1.06110066e-01,   3.09129639e+03,  -6.13882040e+07,
         -1.84153015e+03,  -1.23367243e-01,  -4.43936450e+06,
         -5.36984880e+07,   9.20449750e+05],
       [  2.46395874e+02,  -8.51866989e+01,   2.64351602e+04,
          6.16633054e-03,   8.08204114e-02,   6.04892006e+01,
         -1.80767212e+01,   1.22169156e+05,  -7.66540604e+01,
          9.79272202e-02,  -4.10418031e+05,  -2.47791406e+03,
         -2.00733495e+00,  -5.43014343e+02,   1.15735312e+04,
         -2.99139209e+03,   9.45696562e+05,   1.58602893e-01,
          4.41718828e+04,   2.46831805e-01,   2.05232793e+04,
          5.41671143e+01,   4.24572461e+03,   4.38110619e+01,
         -5.13476807e+02,  -8.85521057e+02,  -4.34482070e+04,
         -4.46773926e+02,  -5.76459534e+02,   8.82586365e+01,
          1.55289240e+01,  -9.34737000e+02,   3.21259093e+00,
          1.51188066e+04,   1.03169870e+01,  -3.35619956e-01,
          2.32061055e+04,   2.97335907e+02,  -3.31318626e+01,
          5.07477588e+03,  -1.43568562e+05,  -7.52786560e+02,
         -2.01803303e+00,  -5.87892969e+03,  -3.48274575e+06,
          2.39134262e+02,  -1.64367482e-02,  -2.51832391e+05,
         -3.04612625e+06,   5.03288789e+04],
       [  3.85213196e+02,  -4.68159676e+01,   3.77749805e+04,
          3.21249254e-02,  -5.55983651e-03,   1.42916046e+02,
         -1.00620375e+01,   1.74702516e+05,  -6.22776451e+01,
         -5.67076616e-02,  -5.86507750e+05,  -3.71810522e+03,
          3.62237396e+01,  -3.10770508e+03,   1.74453086e+04,
         -4.19257666e+03,   1.34585388e+06,  -3.34885977e-02,
          6.62341875e+04,   8.72378111e-01,   3.07739160e+04,
          1.18723869e+01,   2.37029199e+04,   2.42548981e+02,
         -2.63035553e+02,  -1.24933984e+04,  -1.72750219e+05,
         -5.95086548e+02,  -2.50233398e+03,   8.07905350e+01,
         -6.08929100e+01,  -1.39499402e+03,  -1.98679523e+01,
          2.16062129e+04,  -5.22402840e+01,   1.22766018e+00,
          3.21802559e+04,   1.54153351e+02,  -5.03076744e+01,
          7.11015820e+03,  -2.05168391e+05,  -3.34343579e+03,
          1.44601524e-01,  -2.62088418e+04,  -4.97796250e+06,
          2.26884979e+02,  -4.86214124e-02,  -3.59843781e+05,
         -4.35303700e+06,   7.91194609e+04],
       [ -3.53072266e+03,  -8.63095398e+01,  -3.65792156e+05,
         -5.83345070e-04,   3.08234636e-02,   1.51111496e+02,
         -9.51234818e-01,  -1.69247988e+06,  -4.42334480e+01,
         -4.44284156e-02,   5.67903400e+06,   3.41051523e+04,
          9.55468559e+00,   1.11746529e+02,  -1.63653062e+05,
          4.08068008e+04,  -1.31028040e+07,  -5.85063457e-01,
         -6.08085438e+05,  -3.84335637e-01,  -2.82533812e+05,
          6.23417549e+01,  -9.36391663e+02,  -4.72841692e+00,
         -4.37865143e+02,  -2.68330312e+04,   2.59715500e+05,
          4.23489795e+03,   9.03925400e+01,  -5.59756660e+01,
          5.53812073e+02,   1.39114141e+04,  -1.27725658e+01,
         -2.09204859e+05,   4.85849884e+02,  -2.23219097e-01,
         -3.06624000e+05,   2.93135284e+02,   4.33390846e+01,
         -6.92288125e+04,   1.98659712e+06,   1.29457870e+02,
          1.02352250e+00,   9.83018066e+02,   4.81859840e+07,
          1.96376245e+03,   4.48700339e-02,   3.48460775e+06,
          4.21496120e+07,  -7.23046875e+05],
       [ -5.80742139e+03,   1.58071106e+02,  -6.03209875e+05,
         -9.53020528e-02,  -2.61436906e-02,  -8.92339249e+01,
          2.31027107e+01,  -2.79070325e+06,   2.91315765e+01,
         -9.62669589e-03,   9.36504800e+06,   5.62778984e+04,
         -1.41441870e+01,  -9.96542664e+02,  -2.69704344e+05,
          6.72949453e+04,  -2.16098260e+07,  -5.07130511e-02,
         -1.00342731e+06,  -1.00210197e-01,  -4.66220781e+05,
          9.09143066e+00,   7.41171631e+03,   5.62730980e+01,
          2.78863556e+02,  -5.00593477e+04,   3.73033438e+05,
          7.26581055e+03,  -7.29480286e+02,  -4.84439468e+01,
          9.95506897e+02,   2.31355840e+04,   2.01601934e+00,
         -3.44991250e+05,   8.67170410e+02,  -6.06125176e-01,
         -5.07455281e+05,  -5.51337524e+02,   3.62689133e+01,
         -1.14163336e+05,   3.27601225e+06,  -9.62030640e+02,
         -7.72686362e-01,  -7.55142822e+03,   7.94602480e+07,
          2.49072656e+03,   6.15470782e-02,   5.74628450e+06,
          6.95071120e+07,  -1.19068100e+06],
       [  3.14510107e+03,  -1.09582901e+01,   3.28614031e+05,
          5.76432422e-02,   1.67101659e-02,  -3.88170090e+01,
          1.32383480e+01,   1.51994612e+06,  -1.68356705e+02,
          2.02121194e-02,  -5.10184000e+06,  -3.04271777e+04,
         -9.85473824e+00,   1.21808496e+03,   1.46382203e+05,
         -3.67264609e+04,   1.17740870e+07,   5.61381519e-01,
          5.42443125e+05,  -1.02381073e-01,   2.52034828e+05,
          7.00399399e+01,  -9.25978125e+03,  -9.06357269e+01,
         -1.20009473e+03,   3.05825566e+04,  -1.70359859e+05,
         -4.16602344e+03,   8.78958191e+02,  -1.44988279e+01,
         -5.37401733e+02,  -1.25086396e+04,   5.50273538e-01,
          1.87942422e+05,  -4.73860229e+02,   1.92382738e-01,
          2.78413719e+05,   4.23247375e+01,  -1.97787833e+00,
          6.23058945e+04,  -1.78468875e+06,   1.17345093e+03,
         -1.33594111e-01,   9.21763184e+03,  -4.32875760e+07,
         -8.15063660e+02,   4.51732017e-02,  -3.13043475e+06,
         -3.78657200e+07,   6.43905625e+05],
       [  3.27186816e+03,   1.19631531e+02,   3.40438906e+05,
         -4.51292656e-03,   8.65123197e-02,   2.21362976e+02,
          7.86394835e+00,   1.57490962e+06,  -6.58362579e+00,
         -8.43508821e-03,  -5.28544400e+06,  -3.16360840e+04,
         -2.42803268e+01,  -8.34663818e+02,   1.51926531e+05,
         -3.79778398e+04,   1.21929600e+07,   2.65704673e-02,
          5.64245500e+05,   3.50519836e-01,   2.62164906e+05,
          1.03521378e+02,   6.30687012e+03,   8.20182648e+01,
         -2.82034851e+02,   2.14087441e+04,  -2.74803188e+05,
         -4.13738330e+03,  -6.94526489e+02,   3.62616196e+01,
         -5.21577454e+02,  -1.29341162e+04,   1.92856445e+01,
          1.94706312e+05,  -4.61125092e+02,   2.79384643e-01,
          2.86624312e+05,  -4.28244843e+02,  -7.70658159e+00,
          6.44244922e+04,  -1.84891625e+06,  -9.03843445e+02,
         -7.76484072e-01,  -7.10516309e+03,  -4.48468040e+07,
         -1.29114478e+03,   1.69683117e-02,  -3.24309850e+06,
         -3.92284280e+07,   6.70331125e+05],
       [  7.82812500e+02,  -1.49738281e+02,   8.26253359e+04,
         -8.31868201e-02,   3.64900902e-02,  -1.22273659e+02,
         -1.10298700e+01,   3.82185219e+05,  -4.32741394e+01,
         -3.71253565e-02,  -1.28274988e+06,  -7.46347803e+03,
         -3.60672569e+01,   2.62806689e+03,   3.63503984e+04,
         -9.20592480e+03,   2.96570850e+06,  -6.76072203e-04,
          1.33068922e+05,  -5.22498250e-01,   6.18279492e+04,
          1.29961729e+01,  -1.99695820e+04,  -2.17475021e+02,
         -2.44984940e+02,   1.91639941e+04,   6.55625234e+04,
         -9.95103760e+02,   2.18969800e+03,  -5.58651276e+01,
         -1.56791092e+02,  -3.22177368e+03,   6.66572762e+00,
          4.72544531e+04,  -1.34696152e+02,   1.24971010e-01,
          6.99012188e+04,   5.22579346e+02,   4.53459167e+01,
          1.56172109e+04,  -4.48722094e+05,   2.88807593e+03,
          4.07673597e-01,   2.26249141e+04,  -1.08822910e+07,
         -3.35268463e+02,   3.47815529e-02,  -7.87082062e+05,
         -9.52053400e+06,   1.58845812e+05]], dtype=float32), array([ 0.,  0.,  0.,  0.,  0.,  0.,  0.,  0.,  0.,  0.,  0.,  0.,  0.,
        0.,  0.,  0.,  0.,  0.,  0.,  0.,  0.,  0.,  0.,  0.,  0.,  0.,
        0.,  0.,  0.,  0.,  0.,  0.,  0.,  0.,  0.,  0.,  0.,  0.,  0.,
        0.,  0.,  0.,  0.,  0.,  0.,  0.,  0.,  0.,  0.,  0.], dtype=float32)][array([[ -2.32657638e+09,  -3.95672992e+08,   7.83797555e+09,
         -2.64053760e+08,   4.35299719e+05,  -2.08208109e+05,
         -3.22234000e+06,  -7.99940301e+09,  -6.83511760e+07,
         -2.40496320e+07,   2.90521184e+08,   3.18203776e+09,
          4.39775488e+03,  -8.21654700e+06,  -8.50187930e+09,
         -5.05955994e+09,  -1.04466234e+09,  -2.33162704e+08,
          1.82496580e+07,  -1.34536640e+08],
       [ -9.30761933e+09,  -1.62961997e+09,   3.06352005e+10,
         -1.03452787e+09,  -4.15451150e+06,   6.46027812e+05,
          3.40711640e+07,  -3.13770189e+10,  -2.76472000e+08,
         -1.00613432e+08,   1.20513498e+09,   1.23989074e+10,
         -4.31325500e+05,  -2.82608480e+07,  -3.31278316e+10,
         -1.98966313e+10,  -4.35070054e+09,  -9.60851200e+08,
          7.41442800e+07,  -2.66195536e+08],
       [ -9.83216845e+09,  -1.71959795e+09,   3.21699656e+10,
         -1.08701197e+09,  -4.85774000e+06,   1.03477031e+06,
          3.99849600e+07,  -3.29810350e+10,  -2.91331232e+08,
         -1.07109200e+08,   1.28305933e+09,   1.30143744e+10,
         -4.28517062e+05,  -2.83024160e+07,  -3.47722547e+10,
         -2.09151980e+10,  -4.63564288e+09,  -1.01391296e+09,
          7.82839520e+07,  -2.25609344e+08],
       [  1.15502582e+10,   1.69813568e+09,  -3.02556938e+10,
          1.05425530e+09,   6.94917600e+06,  -1.29351762e+06,
         -5.70346600e+07,   3.20449782e+10,   2.85707136e+08,
          1.44831616e+08,  -1.71027866e+09,  -1.21419080e+10,
          8.48023812e+05,   2.46168660e+07,   3.24411638e+10,
          2.02156380e+10,   6.28154368e+09,   1.00141824e+09,
         -7.67227680e+07,  -1.47156838e+09],
       [ -2.57299272e+10,  -4.17391027e+09,   7.74998671e+10,
         -2.64766566e+09,  -1.07611460e+07,   1.80583075e+06,
          8.96090960e+07,  -8.03616113e+10,  -7.07820096e+08,
         -2.96072096e+08,   3.52840883e+09,   3.12800645e+10,
         -1.22215200e+06,  -6.67983680e+07,  -8.35751608e+10,
         -5.08344033e+10,  -1.28359045e+10,  -2.46085094e+09,
          1.90158384e+08,   8.99318912e+08],
       [  7.91507763e+09,   1.45127974e+09,  -2.77080289e+10,
          9.28810112e+08,   2.84006725e+06,  -4.68201156e+05,
         -2.36452100e+07,   2.81577185e+10,   2.46975456e+08,
          8.12801840e+07,  -9.79939072e+08,  -1.12368251e+10,
          2.21923406e+05,   2.51437240e+07,   3.00229427e+10,
          1.78738401e+10,   3.51496294e+09,   8.55592512e+08,
         -6.64079640e+07,   6.12915328e+08],
       [  2.55934321e+10,   4.10928538e+09,  -7.64878848e+10,
          2.61621325e+09,   9.48736800e+06,  -1.48399788e+06,
         -7.99514640e+07,   7.94059571e+10,   6.97755776e+08,
          2.95835776e+08,  -3.52595021e+09,  -3.08682281e+10,
          1.08877262e+06,   6.44713480e+07,   8.24747950e+10,
          5.02053724e+10,   1.28341053e+10,   2.42257818e+09,
         -1.87672800e+08,  -1.01532384e+09],
       [  6.82250176e+08,   5.31178752e+08,  -1.22048901e+10,
          3.70233472e+08,  -2.29582950e+06,   5.12905156e+05,
          1.88388220e+07,   1.11434035e+10,   9.34388080e+07,
         -1.84664800e+07,   1.89039744e+08,  -5.07400090e+09,
         -3.96083312e+05,   1.58068700e+07,   1.35569029e+10,
          7.19712973e+09,  -8.20454400e+08,   3.12948576e+08,
         -2.48730500e+07,   2.33767782e+09],
       [ -1.16884552e+10,  -2.21673779e+09,   4.29885604e+10,
         -1.43308851e+09,  -2.71182550e+06,   3.25554000e+05,
          2.33132980e+07,  -4.34236293e+10,  -3.78633888e+08,
         -1.14566680e+08,   1.39028941e+09,   1.74636032e+10,
         -1.49647516e+05,  -3.91794400e+07,  -4.66598625e+10,
         -2.75791319e+10,  -4.95643034e+09,  -1.30669504e+09,
          1.01874400e+08,  -1.39994458e+09],
       [  1.42966541e+09,   3.20383328e+08,  -6.23510170e+09,
          2.04114720e+08,   7.57799250e+05,  -1.00359273e+05,
         -6.04130350e+06,   6.17842125e+09,   5.44447280e+07,
          1.16401980e+07,  -1.43731088e+08,  -2.54158285e+09,
          4.94781602e+04,   6.36148950e+06,   6.79069133e+09,
          3.94366515e+09,   4.98190656e+08,   1.88917888e+08,
         -1.45297980e+07,   3.87819744e+08],
       [  2.68880205e+09,   2.93541088e+08,  -4.32038656e+09,
          1.64849968e+08,   3.10419725e+06,  -7.61494438e+05,
         -2.54686520e+07,   5.04765901e+09,   4.76990200e+07,
          4.12964560e+07,  -4.79915648e+08,  -1.68305574e+09,
          3.24978688e+05,   4.99583750e+05,   4.49684070e+09,
          3.14848128e+09,   1.79658509e+09,   1.73222832e+08,
         -1.31080950e+07,  -9.93035392e+08],
       [  3.85972480e+09,   8.10619328e+08,  -1.60321505e+10,
          5.27536992e+08,   6.08339938e+05,  -2.96869082e+04,
         -5.33548200e+06,   1.59713823e+10,   1.38824608e+08,
          3.32701840e+07,  -4.10013504e+08,  -6.53377178e+09,
         -3.07770801e+04,   1.52196980e+07,   1.74571622e+10,
          1.01680292e+10,   1.43439322e+09,   4.77810880e+08,
         -3.73341400e+07,   8.85879424e+08],
       [  2.02182554e+09,   3.35290208e+08,  -6.30765670e+09,
          2.14602000e+08,   5.80711125e+05,  -2.77066625e+05,
         -5.53105650e+06,   6.51840717e+09,   5.70794360e+07,
          2.30724260e+07,  -2.77319008e+08,  -2.54787584e+09,
         -3.17647480e+04,   2.90414350e+06,   6.80750131e+09,
          4.12296166e+09,   1.00677869e+09,   1.97571232e+08,
         -1.57481240e+07,  -2.40643020e+07],
       [ -1.15042995e+09,   2.64013040e+08,  -7.03605094e+09,
          1.91929376e+08,  -2.00883275e+06,   3.40588812e+05,
          1.67911340e+07,   5.73538662e+09,   4.73128880e+07,
         -3.99360400e+07,   4.44941056e+08,  -2.98679245e+09,
         -4.36461844e+05,   1.04479800e+07,   7.98022810e+09,
          3.79366630e+09,  -1.75466765e+09,   1.55522704e+08,
         -1.26567970e+07,   2.46187341e+09],
       [  6.40663245e+09,   1.13702899e+09,  -2.12078756e+10,
          7.15721856e+08,   3.61126350e+06,  -5.26197062e+05,
         -2.93150400e+07,   2.17054966e+10,   1.92321232e+08,
          6.91786000e+07,  -8.28208896e+08,  -8.58144358e+09,
          3.38425438e+05,   1.94584100e+07,   2.29281997e+10,
          1.37740636e+10,   2.98900352e+09,   6.70492800e+08,
         -5.16456320e+07,   1.98680656e+08],
       [ -7.11149466e+09,  -1.38293594e+09,   2.66327183e+10,
         -8.85895808e+08,  -2.63040800e+06,   4.03722188e+05,
          2.17613060e+07,  -2.68434985e+10,  -2.35447968e+08,
         -6.88143440e+07,   8.34909056e+08,   1.08200366e+10,
         -1.64715938e+05,  -2.47551920e+07,  -2.89093530e+10,
         -1.70669814e+10,  -2.97026278e+09,  -8.15314944e+08,
          6.32542080e+07,  -9.45528192e+08],
       [ -1.72576420e+10,  -2.66506598e+09,   4.90132890e+10,
         -1.68818099e+09,  -7.10860650e+06,   1.21870500e+06,
          5.95415600e+07,  -5.12649011e+10,  -4.51671424e+08,
         -2.05926048e+08,   2.44617882e+09,   1.97433139e+10,
         -8.63128500e+05,  -4.07214680e+07,  -5.27508644e+10,
         -3.23759145e+10,  -8.93694054e+09,  -1.57124134e+09,
          1.21445456e+08,   1.27916019e+09],
       [ -1.53377925e+10,  -2.50042726e+09,   4.63565087e+10,
         -1.58313024e+09,  -6.81095400e+06,   1.00434569e+06,
          5.65028040e+07,  -4.80450560e+10,  -4.23736832e+08,
         -1.76320320e+08,   2.10116800e+09,   1.87105300e+10,
         -7.43096750e+05,  -3.99349040e+07,  -4.99914424e+10,
         -3.03987876e+10,  -7.64212429e+09,  -1.47424358e+09,
          1.13903736e+08,   5.06092800e+08],
       [  3.79959014e+09,   5.31981920e+08,  -9.70824397e+09,
          3.39731232e+08,   1.03805575e+06,  -3.39139312e+05,
         -9.45193500e+06,   1.03311555e+10,   9.04202160e+07,
          4.81106680e+07,  -5.70489088e+08,  -3.89633536e+09,
          1.20791875e+05,   6.06062100e+06,   1.04103598e+10,
          6.49817702e+09,   2.09778547e+09,   3.13528288e+08,
         -2.45011800e+07,  -5.25254400e+08],
       [ -1.96939612e+10,  -3.13643955e+09,   5.76477716e+10,
         -1.97709478e+09,  -9.42546400e+06,   1.84359038e+06,
          7.85182480e+07,  -6.00341012e+10,  -5.30704736e+08,
         -2.31441552e+08,   2.75320294e+09,   2.32378286e+10,
         -9.72443688e+05,  -4.67460160e+07,  -6.20876268e+10,
         -3.79592827e+10,  -1.00390093e+10,  -1.84923226e+09,
          1.42905056e+08,   1.09587110e+09],
       [ -7.86517299e+09,  -1.25288371e+09,   2.29998285e+10,
         -7.88771584e+08,  -3.90860425e+06,   7.34861438e+05,
          3.21961480e+07,  -2.39502213e+10,  -2.11892224e+08,
         -9.23110320e+07,   1.09723200e+09,   9.27137997e+09,
         -4.44230344e+05,  -1.98980860e+07,  -2.47715922e+10,
         -1.51453737e+10,  -4.00080205e+09,  -7.38745728e+08,
          5.68866000e+07,   4.41291104e+08],
       [  5.36052378e+09,   9.40094720e+08,  -1.80793815e+10,
          6.08996096e+08,   1.00818112e+06,  -1.46881113e+04,
         -8.91753300e+06,   1.84603709e+10,   1.60659840e+08,
          5.65557360e+07,  -6.80836864e+08,  -7.32848230e+09,
          8.62872656e+04,   1.61839040e+07,   1.95804938e+10,
          1.16972360e+10,   2.45104819e+09,   5.54124288e+08,
         -4.32254000e+07,   2.73756640e+08],
       [  1.26058189e+10,   2.07043418e+09,  -3.85661870e+10,
          1.31473613e+09,   5.22557600e+06,  -7.35994188e+05,
         -4.31034720e+07,   3.98946714e+10,   3.51228128e+08,
          1.43263344e+08,  -1.70776320e+09,  -1.55754568e+10,
          6.50538812e+05,   3.52547160e+07,   4.16150446e+10,
          2.52470129e+10,   6.20428646e+09,   1.22073510e+09,
         -9.40720320e+07,  -2.98635872e+08],
       [ -2.87012480e+09,  -6.14837504e+08,   1.24141199e+10,
         -4.06664992e+08,   3.30034125e+05,   1.59496297e+05,
         -1.98949312e+06,  -1.23174799e+10,  -1.05959072e+08,
         -2.33688520e+07,   2.91954080e+08,   5.06669978e+09,
          1.34439516e+05,  -1.10994590e+07,  -1.35373865e+10,
         -7.83936102e+09,  -1.01292762e+09,  -3.62299872e+08,
          2.85847000e+07,  -7.81068352e+08],
       [  1.26858445e+10,   2.00343936e+09,  -3.65466870e+10,
          1.25602829e+09,   6.83300200e+06,  -1.26834550e+06,
         -5.62591800e+07,   3.81438362e+10,   3.38312608e+08,
          1.50573680e+08,  -1.78772723e+09,  -1.47214961e+10,
          7.64799875e+05,   3.08440760e+07,   3.93333965e+10,
          2.41168630e+10,   6.52611686e+09,   1.18134592e+09,
         -9.08421440e+07,  -8.48257792e+08],
       [  1.34794342e+09,   5.16679712e+08,  -1.14004163e+10,
          3.55909600e+08,  -1.76657050e+06,   5.54260750e+05,
          1.42695010e+07,   1.07277179e+10,   9.04300400e+07,
         -3.61842725e+06,   2.03510480e+07,  -4.71059200e+09,
         -2.97127656e+05,   1.36687880e+07,   1.25859318e+10,
          6.88800717e+09,  -1.70424368e+08,   3.04411008e+08,
         -2.41676980e+07,   1.66863629e+09],
       [ -6.72680806e+09,  -8.87279744e+08,   1.54666619e+10,
         -5.50565184e+08,  -3.63875900e+06,   5.96724625e+05,
          3.03150260e+07,  -1.67509873e+10,  -1.49197248e+08,
         -8.96312800e+07,   1.05417933e+09,   6.17465600e+09,
         -5.04148938e+05,  -1.13275060e+07,  -1.64976527e+10,
         -1.05219922e+10,  -3.89722522e+09,  -5.23189056e+08,
          4.00373800e+07,   1.34373184e+09],
       [  6.84729805e+09,   1.07035520e+09,  -2.00250655e+10,
          6.86947456e+08,   1.83431612e+06,  -3.18334500e+05,
         -1.58538470e+07,   2.08530125e+10,   1.82264336e+08,
          7.98294000e+07,  -9.51436544e+08,  -8.07913165e+09,
          2.56614031e+05,   1.70282300e+07,   2.15861023e+10,
          1.31695073e+10,   3.46800870e+09,   6.30944896e+08,
         -4.89923680e+07,  -3.59445120e+08],
       [ -4.91305267e+09,  -5.79049984e+08,   9.21226240e+09,
         -3.40244160e+08,  -4.54544900e+06,   7.93577812e+05,
          3.68134960e+07,  -1.03790868e+10,  -9.54944720e+07,
         -7.11106480e+07,   8.28000704e+08,   3.63300992e+09,
         -6.24834812e+05,  -6.48101850e+06,  -9.70679501e+09,
         -6.49654630e+09,  -3.08557568e+09,  -3.41683328e+08,
          2.55242080e+07,   1.48479258e+09],
       [  1.47365100e+10,   2.39630771e+09,  -4.45356114e+10,
          1.52093389e+09,   6.08145500e+06,  -9.74733000e+05,
         -5.07780600e+07,   4.61598474e+10,   4.06453888e+08,
          1.69228864e+08,  -2.01769242e+09,  -1.79771720e+10,
          6.73920250e+05,   3.79404040e+07,   4.80320266e+10,
          2.92008571e+10,   7.33830963e+09,   1.41278822e+09,
         -1.09289920e+08,  -4.81249984e+08],
       [ -9.90252672e+08,  -6.35550464e+08,   1.44212347e+10,
         -4.40304896e+08,   2.42507525e+06,  -7.84308500e+05,
         -1.98908180e+07,  -1.32501135e+10,  -1.11517560e+08,
          1.80794520e+07,  -1.80909680e+08,   5.98712576e+09,
          4.55461094e+05,  -1.81847480e+07,  -1.59966239e+10,
         -8.54906931e+09,   8.07594688e+08,  -3.74459936e+08,
          2.98295760e+07,  -2.62599629e+09],
       [  1.97302702e+10,   3.28436454e+09,  -6.11379036e+10,
          2.08062976e+09,   8.82111500e+06,  -1.49071650e+06,
         -7.28096160e+07,   6.31378125e+10,   5.56739264e+08,
          2.22694416e+08,  -2.65717530e+09,  -2.46970921e+10,
          9.67457312e+05,   5.43888760e+07,   6.59865477e+10,
          3.99759892e+10,   9.64460032e+09,   1.93649126e+09,
         -1.49408000e+08,  -3.05927008e+08],
       [  3.83769984e+09,   6.84714688e+08,  -1.28820029e+10,
          4.33904928e+08,   1.84725475e+06,  -2.86351750e+05,
         -1.49853080e+07,   1.31583160e+10,   1.16096256e+08,
          4.08626280e+07,  -4.90159040e+08,  -5.21653811e+09,
          1.91510234e+05,   1.22886210e+07,   1.39377285e+10,
          8.34936730e+09,   1.76613645e+09,   4.03749024e+08,
         -3.11399860e+07,   1.66162480e+08],
       [ -5.99619174e+09,  -1.06615661e+09,   2.06809231e+10,
         -6.94531392e+08,  -7.16898500e+05,   9.49052307e+02,
          6.46341550e+06,  -2.10508636e+10,  -1.82574992e+08,
         -6.16988600e+07,   7.44483392e+08,   8.39105997e+09,
         -1.15335336e+05,  -1.99878980e+07,  -2.24195256e+10,
         -1.33423340e+10,  -2.67286246e+09,  -6.28424320e+08,
          4.88719240e+07,  -4.20363968e+08],
       [ -2.48534057e+10,  -3.73070054e+09,   6.74843935e+10,
         -2.33932928e+09,  -1.26243450e+07,   2.25606575e+06,
          1.04619424e+08,  -7.10731121e+10,  -6.29933888e+08,
         -3.05105440e+08,   3.61288218e+09,   2.71289446e+10,
         -1.53535212e+06,  -5.49059320e+07,  -7.24840366e+10,
         -4.48554435e+10,  -1.32397609e+10,  -2.19975808e+09,
          1.69289648e+08,   2.58904704e+09],
       [  1.14452890e+10,   2.20005760e+09,  -4.25160090e+10,
          1.41542029e+09,   3.51980650e+06,  -4.95935156e+05,
         -2.91313560e+07,   4.28880159e+10,   3.75135296e+08,
          1.11102488e+08,  -1.34742029e+09,  -1.72737905e+10,
          2.53936406e+05,   4.07395880e+07,   4.61527204e+10,
          2.72557466e+10,   4.79720243e+09,   1.29701530e+09,
         -1.00656400e+08,   1.45873523e+09],
       [  2.79491994e+09,   3.31081888e+08,  -5.54238003e+09,
          2.02769440e+08,   1.63578662e+06,  -2.62854406e+05,
         -1.38764490e+07,   6.17869722e+09,   5.53986080e+07,
          3.96262840e+07,  -4.64055968e+08,  -2.19557453e+09,
          2.08554125e+05,   2.48359050e+06,   5.86620774e+09,
          3.86334618e+09,   1.72584563e+09,   1.95204368e+08,
         -1.50455510e+07,  -7.65043648e+08],
       [  6.34408243e+09,   9.58506496e+08,  -1.71182356e+10,
          5.93865664e+08,   4.05406950e+06,  -7.79545438e+05,
         -3.32955780e+07,   1.80477174e+10,   1.61157104e+08,
          7.84193520e+07,  -9.27166144e+08,  -6.87576934e+09,
          4.75511219e+05,   1.35217860e+07,   1.83709143e+10,
          1.13974118e+10,   3.39973274e+09,   5.65252160e+08,
         -4.33091440e+07,  -7.00368384e+08],
       [ -3.57610778e+09,  -3.95352896e+08,   6.10124390e+09,
         -2.29804192e+08,  -3.34095125e+06,   6.98269375e+05,
          2.73981680e+07,  -7.02326733e+09,  -6.49649040e+07,
         -5.35446360e+07,   6.22532864e+08,   2.39132134e+09,
         -4.18675562e+05,  -2.72646000e+06,  -6.38920960e+09,
         -4.38170522e+09,  -2.32636774e+09,  -2.33258208e+08,
          1.75074300e+07,   1.22278554e+09],
       [ -6.21682842e+09,  -1.21141478e+09,   2.36192215e+10,
         -7.84372480e+08,  -1.38551662e+06,   1.23990727e+05,
          1.15410850e+07,  -2.37601751e+10,  -2.07038512e+08,
         -5.87888400e+07,   7.15243072e+08,   9.60471757e+09,
         -1.04707477e+05,  -2.34171640e+07,  -2.56622223e+10,
         -1.51019510e+10,  -2.53779840e+09,  -7.14135744e+08,
          5.54589760e+07,  -9.22507968e+08],
       [ -9.60905421e+09,  -1.43197171e+09,   2.60998451e+10,
         -9.04922624e+08,  -4.03354075e+06,   6.95547875e+05,
          3.40583600e+07,  -2.74901627e+10,  -2.42459360e+08,
         -1.17764432e+08,   1.39628326e+09,   1.04953866e+10,
         -4.91301094e+05,  -2.01262240e+07,  -2.80419328e+10,
         -1.73399613e+10,  -5.11638426e+09,  -8.44223936e+08,
          6.53711800e+07,   9.88302208e+08],
       [ -7.35906150e+09,  -7.21642048e+08,   1.13463951e+10,
         -4.37816192e+08,  -3.98256150e+06,   7.00618312e+05,
          3.40652520e+07,  -1.33811507e+10,  -1.20266240e+08,
         -1.12228560e+08,   1.30743744e+09,   4.42934989e+09,
         -6.32101688e+05,  -3.12992125e+06,  -1.18344755e+10,
         -8.28587059e+09,  -4.89663437e+09,  -4.25464128e+08,
          3.26684340e+07,   2.74807603e+09],
       [ -1.41300603e+10,  -2.56602778e+09,   4.92065300e+10,
         -1.65055770e+09,  -4.06196675e+06,   6.47230500e+05,
          3.43578840e+07,  -5.00380713e+10,  -4.37465888e+08,
         -1.45557760e+08,   1.75564659e+09,   1.99570903e+10,
         -3.27666969e+05,  -4.46279880e+07,  -5.33220516e+10,
         -3.17473116e+10,  -6.30021939e+09,  -1.51267930e+09,
          1.17601128e+08,  -1.05159699e+09],
       [ -2.87733811e+09,  -6.25763584e+08,   1.26636769e+10,
         -4.14283008e+08,   3.01068156e+05,  -1.72498047e+05,
         -2.27047400e+06,  -1.25334149e+10,  -1.07843328e+08,
         -2.24489820e+07,   2.80192960e+08,   5.17228851e+09,
          6.91939453e+04,  -1.34196040e+07,  -1.38195036e+10,
         -7.98169242e+09,  -9.66424000e+08,  -3.68812768e+08,
          2.89137760e+07,  -8.39246208e+08],
       [  6.50513613e+09,   1.35176448e+09,  -2.65060823e+10,
          8.73693504e+08,   1.70793600e+06,  -2.38786750e+05,
         -1.42065940e+07,   2.64579932e+10,   2.30905712e+08,
          5.73388360e+07,  -7.03313536e+08,  -1.07948687e+10,
          7.76030234e+04,   2.56877060e+07,   2.88421130e+10,
          1.68453089e+10,   2.46905165e+09,   7.96876672e+08,
         -6.19388280e+07,   1.36631117e+09],
       [  1.18460838e+09,  -4.82138880e+07,   2.32708096e+09,
         -5.24358760e+07,   2.28453275e+06,  -5.19140344e+05,
         -1.87091260e+07,  -1.53440282e+09,  -1.03587890e+07,
          2.90308840e+07,  -3.27807136e+08,   1.02653190e+09,
          3.19219656e+05,  -5.08568100e+06,  -2.74273126e+09,
         -1.05353446e+09,   1.26988723e+09,  -2.82639720e+07,
          2.64827550e+06,  -1.41782694e+09],
       [  1.32155072e+08,   3.00122272e+08,  -7.28961997e+09,
          2.17546000e+08,  -2.21736375e+06,   6.33076625e+05,
          1.79923580e+07,   6.53212109e+09,   5.35881240e+07,
         -1.64549350e+07,   1.74616736e+08,  -3.04496742e+09,
         -3.09420156e+05,   9.78302200e+06,   8.13565850e+09,
          4.22669875e+09,  -7.25759680e+08,   1.76734672e+08,
         -1.42484690e+07,   1.60702541e+09],
       [ -1.32976497e+10,  -2.18774067e+09,   4.02962801e+10,
         -1.37517222e+09,  -7.04457550e+06,   1.44869050e+06,
          5.79915720e+07,  -4.17504092e+10,  -3.69829248e+08,
         -1.52951424e+08,   1.82154611e+09,   1.62600960e+10,
         -7.41761500e+05,  -3.44036920e+07,  -4.34442854e+10,
         -2.64305500e+10,  -6.62481869e+09,  -1.28999731e+09,
          9.93393440e+07,   4.35138880e+08],
       [  9.96366560e+07,  -2.11532512e+08,   4.78665114e+09,
         -1.40008512e+08,   2.69600977e+03,  -2.14612547e+05,
         -9.11603188e+05,  -4.19958426e+09,  -3.64897080e+07,
          1.41063410e+07,  -1.55633552e+08,   2.00122880e+09,
          3.45035859e+04,  -8.36180050e+06,  -5.34696038e+09,
         -2.74621030e+09,   6.32163264e+08,  -1.24796480e+08,
          9.39968100e+06,  -1.16972928e+09],
       [  4.29098829e+09,   5.21117888e+08,  -9.06752819e+09,
          3.27620992e+08,   1.66045312e+06,  -1.70681656e+05,
         -1.40127340e+07,   9.97173760e+09,   8.79985200e+07,
          5.88388120e+07,  -6.90215488e+08,  -3.60971469e+09,
          3.27019188e+05,   7.15762100e+06,   9.64455629e+09,
          6.23968461e+09,   2.55999002e+09,   3.07240192e+08,
         -2.35097420e+07,  -1.02568435e+09]], dtype=float32), array([ 0.,  0.,  0.,  0.,  0.,  0.,  0.,  0.,  0.,  0.,  0.,  0.,  0.,
        0.,  0.,  0.,  0.,  0.,  0.,  0.], dtype=float32)][array([[  1.46343024e+37],
       [ -9.62199134e+37],
       [ -1.03946132e+38],
       [ -5.02496951e+37],
       [ -5.29691657e+37],
       [  1.75970267e+38],
       [ -8.95023794e+37],
       [  1.26790160e+38],
       [ -1.74576825e+38],
       [  2.18878181e+37],
       [ -6.40435287e+37],
       [ -4.50791207e+37],
       [  2.96644276e+38],
       [ -3.31547362e+38],
       [  6.63411606e+37],
       [ -2.37473267e+38],
       [ -6.84939558e+37],
       [ -1.82127844e+38],
       [ -1.13501865e+38],
       [ -1.48346690e+38]], dtype=float32), array([ 0.], dtype=float32)]