[array([[ 0.00970569,  0.01110076, -0.01592214,  0.05690822, -0.00243131,
         0.05965144, -0.03972672, -0.08996182,  0.01210645,  0.06229382,
        -0.02895938,  0.01360472,  0.03434045,  0.12161436, -0.02031195,
        -0.010025  ,  0.0303251 ,  0.02857596,  0.02283128,  0.0774021 ,
        -0.01503141, -0.04055341,  0.06050464,  0.00095138,  0.07426782,
         0.06932423, -0.46841335, -0.00353673, -0.18422471, -0.06011122,
         0.00768861, -0.05008575, -0.01138339,  0.01986135,  0.08810676,
         0.06350614, -0.04763308, -0.01413768,  0.30464333,  0.01029864,
        -0.00416242, -0.02117574,  0.030058  ,  0.06371011, -0.02447776,
        -0.0439476 , -0.00417816,  0.00463297, -0.00414503, -0.00436759],
       [ 0.06626224,  0.01130601, -0.05489042,  0.07819517, -0.01289265,
        -0.01556261, -0.01047967,  0.00103804,  0.0793786 ,  0.06637206,
         0.02337185,  0.12817562,  0.05928043, -0.01822661, -0.05663595,
        -0.02980599, -0.0206566 ,  0.03227688,  0.01328082,  0.01377891,
         0.02388941, -0.00950244,  0.02854553,  0.05001644,  0.06958039,
        -0.01033528,  0.12864335,  0.03107033,  0.08418635,  0.05285085,
        -0.05516865, -0.01550484,  0.03496765, -0.06102191, -0.03790962,
        -0.02290596,  0.01051274,  0.00147663,  0.43048063,  0.03581558,
        -0.00679235, -0.0183081 , -0.10455655,  0.0006914 ,  0.02091847,
         0.11130503, -0.07807222, -0.00300999, -0.0375544 , -0.02596346],
       [ 0.10206641,  0.01268797,  0.03690776, -0.00209466,  0.00416074,
         0.03805083,  0.00590163, -0.01151282, -0.08974326,  0.05603043,
         0.03182409, -0.08426058, -0.00728716,  0.06060035, -0.0266016 ,
        -0.03241969, -0.0294416 , -0.12543568,  0.10391902, -0.00909037,
        -0.04450489,  0.06265695, -0.03302903,  0.04514039, -0.02968958,
         0.06868073, -0.48431167,  0.02063131,  0.05608679, -0.00581977,
         0.0786605 ,  0.02973913,  0.01547006,  0.02570725,  0.0433822 ,
         0.12046166, -0.00522794, -0.01964641,  0.09375472,  0.09320056,
        -0.12811875,  0.01345779, -0.11493602, -0.04408275, -0.01998087,
         0.08266647,  0.0142533 ,  0.05193281, -0.01904396,  0.01585377],
       [ 0.28213283,  0.07973012,  0.09283182,  0.00928348, -0.05595139,
         0.06376646,  0.00880088, -0.03875159, -0.0224046 ,  0.10390989,
         0.05734237,  0.02485724, -0.01477786,  0.00374879, -0.02373677,
         0.02156809,  0.02574152,  0.05724991,  0.01342212, -0.00288013,
         0.02879264, -0.03672559, -0.03256027,  0.00332004, -0.01594131,
        -0.00487058, -0.03686245,  0.03757139, -0.00080719,  0.00575855,
         0.04711138, -0.0346274 , -0.11671624, -0.08491925, -0.02996103,
         0.06943884,  0.10545007, -0.04682981, -0.38414761,  0.03059674,
         0.11412205,  0.015187  ,  0.11402532, -0.06214559,  0.05311028,
        -0.11900498,  0.03557948, -0.10742625,  0.10282128, -0.03351307]], dtype=float32), array([ 0.,  0.,  0.,  0.,  0.,  0.,  0.,  0.,  0.,  0.,  0.,  0.,  0.,
        0.,  0.,  0.,  0.,  0.,  0.,  0.,  0.,  0.,  0.,  0.,  0.,  0.,
        0.,  0.,  0.,  0.,  0.,  0.,  0.,  0.,  0.,  0.,  0.,  0.,  0.,
        0.,  0.,  0.,  0.,  0.,  0.,  0.,  0.,  0.,  0.,  0.], dtype=float32)][array([[ -4.07304838e-02,   7.68407527e-03,  -3.04389279e-02,
          1.11484599e+00,   6.87140465e-01,  -9.43319686e-03,
         -2.45130174e-02,  -4.71193194e-02,   2.18694471e-02,
          4.94089117e-03,  -5.08614257e-02,  -3.42852697e-02,
         -2.02797987e-02,   2.63812333e-01,   4.05457497e-01,
          1.10408682e-02,   5.29455254e-03,  -1.24576110e-02,
         -4.26691165e-03,  -9.95677635e-02],
       [ -9.58902948e-03,   1.86107960e-02,   4.92621474e-02,
          7.36006677e-01,   3.20880771e-01,  -1.31748039e-02,
          2.44200043e-02,  -1.23676524e-01,  -1.48308685e-03,
         -6.85934648e-02,  -5.84101416e-02,   1.24288239e-02,
         -5.89601286e-02,  -5.42964578e-01,   2.38703385e-01,
         -1.31029133e-02,   1.99003592e-02,  -1.98327266e-02,
         -4.95138727e-02,   4.14813012e-02],
       [ -2.77127568e-02,   3.44107747e-02,  -1.52966157e-02,
          6.59570098e-01,   3.56494546e-01,  -3.95089351e-02,
          2.15522554e-02,   5.23945317e-02,   3.37325670e-02,
          3.07864100e-02,  -1.12190852e-02,  -1.14356726e-02,
          5.29091731e-02,   4.33658093e-01,   2.95616448e-01,
         -7.31118545e-02,   3.22754644e-02,   8.49713609e-02,
          6.13545068e-02,  -3.33325937e-02],
       [ -5.01596406e-02,   1.97142805e-03,  -1.00212954e-01,
          1.42532921e+00,   1.10593510e+00,   3.50773148e-02,
         -3.36273313e-02,  -1.59943402e-01,  -7.09552411e-03,
          3.35073732e-02,   7.30964541e-02,  -6.41236752e-02,
          1.32301664e-02,   7.04218447e-02,   5.50976813e-01,
          6.72546253e-02,   3.42259221e-02,   1.87889170e-02,
          8.43152925e-02,  -4.12578061e-02],
       [ -7.11649582e-02,  -3.67764495e-02,  -1.85279977e-02,
         -8.71373057e-01,  -7.15605795e-01,   7.07898661e-02,
          2.05477662e-02,   5.37839048e-02,   1.29747195e-02,
          1.44840851e-02,   9.48874056e-02,   7.38690272e-02,
         -1.27313599e-01,  -4.97574247e-02,  -3.42701763e-01,
          4.84473146e-02,   6.73431084e-02,   5.90630583e-02,
          7.94581026e-02,   5.16999774e-02],
       [ -6.79995865e-02,   5.46381883e-02,  -1.58574674e-02,
          1.88100338e-01,   1.02035977e-01,   3.51279899e-02,
         -6.94946274e-02,   1.55359596e-01,   1.88120566e-02,
          3.15000489e-02,  -6.37269989e-02,  -4.37529348e-02,
          2.38623824e-02,   7.50612557e-01,   9.27505344e-02,
          4.38692011e-02,   3.16530727e-02,  -8.98178946e-03,
          1.78603400e-02,  -7.46093020e-02],
       [  7.80988112e-02,  -3.82600427e-02,  -1.17015233e-02,
          6.15639031e-01,   3.12559396e-01,  -2.02258285e-02,
          6.71800897e-02,  -9.33671296e-02,   7.52832294e-02,
          4.74465173e-03,  -1.04241081e-01,  -2.94847880e-02,
          2.15729475e-02,  -4.13428433e-02,   2.64872283e-01,
          3.52917239e-02,   3.39874588e-02,   1.44937700e-02,
         -3.29814889e-02,   8.99914838e-03],
       [ -8.20317343e-02,   3.51914726e-02,   9.08206478e-02,
          5.21877468e-01,   2.78863013e-01,   1.88018437e-02,
         -8.30963030e-02,  -1.12406343e-01,  -4.45524380e-02,
          6.34744242e-02,  -1.00600757e-02,   3.52890752e-02,
          2.40894742e-02,  -8.28676671e-02,   1.10387340e-01,
         -2.28971001e-02,  -6.46501705e-02,   2.33115293e-02,
          7.32974336e-02,  -1.26431912e-01],
       [ -1.82223823e-02,   9.03627872e-02,   4.78659794e-02,
         -3.38793732e-02,  -3.42367709e-01,  -2.55672578e-02,
         -6.58967067e-03,   1.05651654e-01,   5.06824255e-02,
          1.64042751e-03,   4.63382863e-02,  -1.84768885e-02,
          2.57371715e-03,   2.04927504e-01,  -1.27758235e-02,
          1.09836329e-02,  -9.50727016e-02,   1.52309304e-02,
          1.65771525e-02,   4.31099795e-02],
       [ -3.83740216e-02,  -7.86539018e-02,  -4.63183783e-02,
         -1.77967578e-01,  -5.00637479e-02,  -3.81103833e-03,
         -4.20097224e-02,  -1.21351900e-02,   9.98158976e-02,
         -5.23534492e-02,  -5.20500578e-02,  -9.83015001e-02,
          2.66011077e-04,  -5.16505577e-02,  -1.12736598e-01,
          3.33851837e-02,   4.18994389e-02,   2.35601645e-02,
          3.09325643e-02,   5.27953263e-03],
       [ -2.68902984e-02,   1.17954975e-02,   2.29044631e-02,
          3.98736686e-01,   3.34473193e-01,   6.21631630e-02,
          5.74387386e-02,   4.71604289e-03,  -9.65624303e-02,
         -1.19941190e-01,  -3.46241817e-02,  -2.52759960e-02,
         -8.54636431e-02,   7.61217117e-01,   7.70034119e-02,
         -2.16711666e-02,  -9.96850803e-03,  -4.32038270e-02,
          2.96914428e-02,   6.76615117e-03],
       [  1.20637286e-02,   9.57429595e-03,  -1.81585234e-02,
          3.07792217e-01,   1.61544502e-01,   4.83288633e-04,
          3.94770205e-02,  -4.43184115e-02,   2.64262408e-02,
         -4.12658267e-02,   7.47565404e-02,   1.04865665e-02,
          3.65043245e-02,   2.27669656e-01,   7.73490742e-02,
          2.51324903e-02,   9.81102809e-02,  -4.10568975e-02,
         -3.30682844e-02,   2.55277883e-02],
       [ -6.55668834e-03,  -5.87108843e-02,  -2.59044021e-02,
         -9.96998250e-01,  -4.66300011e-01,   1.13142453e-01,
          3.06046940e-02,   1.14743851e-01,  -2.80875303e-02,
          7.77166709e-02,  -7.68086165e-02,  -9.36098211e-03,
         -5.32066487e-02,   1.25963613e-01,  -2.66736120e-01,
          4.20770608e-02,   2.34772768e-02,  -1.62772518e-02,
          4.05973243e-03,   7.23131746e-02],
       [ -3.08302939e-02,   1.09398328e-01,  -3.09832543e-02,
          6.67139709e-01,   2.59647459e-01,  -1.86919887e-02,
         -3.05644423e-02,   2.59746403e-01,   9.70725156e-03,
          1.56230060e-02,   1.76785830e-02,   2.86316276e-02,
          4.74314541e-02,   1.25210077e-01,   2.36842260e-01,
          3.90557386e-02,  -5.55451401e-02,   1.19834552e-02,
          4.40655611e-02,  -6.69892877e-02],
       [  8.78841206e-02,   5.18736541e-02,   9.80722718e-03,
         -9.53763276e-02,  -1.06599638e-02,  -4.62636165e-02,
         -2.97376197e-02,  -3.48926336e-02,   1.30719960e-01,
          5.37050329e-02,   1.05474913e-03,   4.55844812e-02,
         -1.20714545e-01,  -1.41984537e-01,  -2.13748682e-03,
         -3.27928923e-02,   3.48874740e-02,  -5.14775403e-02,
         -8.54953565e-03,   9.99699160e-03],
       [  2.37971023e-02,  -2.16521062e-02,  -4.02997620e-03,
         -1.18774033e+00,  -7.66773164e-01,   1.02316774e-01,
          4.19388451e-02,   4.06080298e-02,   2.28993651e-02,
         -2.51535967e-04,   2.68534392e-01,   1.37560084e-01,
         -3.10130212e-02,  -5.13612688e-01,  -3.93591940e-01,
         -3.56158055e-02,   2.48246323e-02,  -2.11511832e-02,
         -2.34022713e-03,   1.07640006e-01],
       [ -3.31888385e-02,  -6.77344278e-02,   2.49290522e-02,
          4.95149493e-02,   2.76874006e-02,  -4.30080015e-03,
         -3.50453821e-03,  -7.67347962e-02,   1.45753725e-02,
         -4.71006148e-02,  -2.46812031e-02,   1.39501598e-02,
          8.79220888e-02,  -3.27574164e-01,   3.48015502e-02,
         -5.91802411e-02,   3.71443145e-02,   1.86631102e-02,
         -1.55049535e-02,   6.74259737e-02],
       [  3.00855190e-02,  -1.78024359e-02,  -2.64534391e-02,
         -1.09135166e-01,  -1.21965548e-02,   4.78154831e-02,
          8.85091648e-02,   9.29333270e-02,  -8.18759610e-04,
          5.87248206e-02,   8.80653262e-02,  -9.12950467e-03,
         -1.13696354e-02,   8.86669829e-02,   6.99818600e-03,
          5.96351214e-02,  -3.33665125e-02,  -8.78453106e-02,
          5.90384984e-03,  -9.73749012e-02],
       [ -1.03575632e-03,  -5.83451875e-02,   3.63895632e-02,
         -1.49163485e+00,  -9.64532435e-01,   5.68417571e-02,
         -4.70369961e-03,  -1.76955089e-01,  -2.75249742e-02,
          1.41035682e-02,  -4.89388220e-02,   2.72161495e-02,
         -4.59785620e-03,   2.03382716e-01,  -5.20495892e-01,
          3.88046131e-02,   6.30173907e-02,   5.61983995e-02,
         -4.21253927e-02,  -1.98182818e-02],
       [  5.23452275e-02,   1.64675266e-02,   5.01770750e-02,
         -7.22869694e-01,  -4.21825588e-01,   2.69090962e-02,
          7.20563829e-02,  -1.20005310e-01,  -4.51848246e-02,
         -8.37648064e-02,   1.57820091e-01,  -5.12762507e-03,
         -5.41707054e-02,   8.65633249e-01,  -1.86316550e-01,
         -6.52117208e-02,  -1.09258607e-01,  -3.34341526e-02,
         -3.80600952e-02,  -6.36075139e-02],
       [  7.23983860e-03,  -3.39866243e-02,  -5.99258915e-02,
         -4.93809491e-01,  -1.64819360e-01,  -1.04685105e-01,
         -4.62974086e-02,   9.10059810e-02,   4.43004668e-02,
          6.05847351e-02,  -3.16778235e-02,   1.49101568e-02,
         -3.36728129e-03,  -5.90508997e-01,  -9.25506204e-02,
         -7.40390122e-02,  -6.42584562e-02,  -2.54657473e-02,
          5.50938435e-02,   6.12318004e-03],
       [  1.40303671e-02,  -7.05941487e-03,   7.50710890e-02,
          1.33312762e+00,   9.24032032e-01,  -5.44300936e-02,
         -1.52380839e-02,   5.23482226e-02,  -3.41264419e-02,
         -6.14150465e-02,  -1.34367242e-01,  -6.68877661e-02,
         -1.32294651e-03,   2.49258727e-01,   4.64585453e-01,
          3.80865298e-02,   2.13783467e-03,   6.39373288e-02,
         -4.69331222e-04,  -3.15158512e-03],
       [ -2.80962028e-02,  -1.19388297e-01,  -9.22919810e-02,
         -1.97531149e-01,  -4.66416739e-02,  -6.22443147e-02,
          8.12772755e-03,   1.10297374e-01,   4.31670286e-02,
         -1.11118080e-02,   4.39580604e-02,  -5.20484447e-02,
          6.53702915e-02,  -6.62453994e-02,  -7.35464320e-02,
          1.10841496e-02,  -5.32178245e-02,  -5.25107682e-02,
         -5.71693182e-02,  -6.55601267e-04],
       [ -1.09784916e-01,   1.36373332e-02,  -1.67153105e-02,
          1.31924701e+00,   6.72820866e-01,  -5.15459962e-02,
         -2.81453114e-02,   4.35839817e-02,   4.22464535e-02,
          1.21177830e-01,   2.24010989e-01,  -1.46846222e-02,
          4.40014713e-02,  -2.62658209e-01,   4.28069264e-01,
          3.29485871e-02,   3.57789882e-02,  -6.28231317e-02,
          2.29764357e-03,   3.73611711e-02],
       [ -2.44688280e-02,  -7.36116245e-02,   1.00629620e-01,
          9.89327729e-02,   1.07112385e-01,  -1.85726341e-02,
         -8.10187906e-02,  -4.55788001e-02,  -3.06069218e-02,
          6.19732216e-03,   1.26130013e-02,   1.19285755e-01,
         -1.54535910e-02,  -5.57470679e-01,   8.93383846e-02,
          6.12435453e-02,  -7.77228251e-02,   3.95075902e-02,
          1.49208754e-02,  -3.90482508e-02],
       [  2.54127290e-02,   2.90369540e-02,   5.20289727e-02,
          7.88833499e-01,   4.86750484e-01,   4.62452285e-02,
         -1.28891319e-01,  -4.22130041e-02,  -5.53576611e-02,
          2.47276500e-02,  -1.61332205e-01,   3.83097455e-02,
          4.21649553e-02,  -9.11029503e-02,   2.75940478e-01,
          3.21962051e-02,   4.79618609e-02,   4.79973182e-02,
          1.86932441e-02,   4.38457821e-03],
       [ -1.45986993e-02,   1.42229637e-02,   7.50540271e-02,
         -2.89983958e-01,  -1.41547710e-01,  -6.22041104e-03,
         -4.80168946e-02,  -4.83158715e-02,  -7.02371001e-02,
          2.33505648e-02,   4.19288548e-03,  -9.16736424e-02,
          3.63898538e-02,  -2.53424376e-01,  -1.30147979e-01,
          4.27000895e-02,   2.33491119e-02,  -1.14622951e-01,
          4.66271490e-02,  -3.57903652e-02],
       [  4.70192842e-02,   3.61720957e-02,  -2.46551186e-02,
          9.63050783e-01,   7.61269569e-01,   4.88370284e-03,
         -4.13761884e-02,  -9.22798589e-02,   1.63216982e-02,
         -4.76101749e-02,  -7.47429533e-03,   3.08311768e-02,
          3.80430333e-02,   5.42347431e-01,   3.33189309e-01,
          2.94242706e-02,  -9.26229805e-02,  -1.10288626e-02,
          2.30625775e-02,   8.80090669e-02],
       [ -1.25945909e-02,  -1.05700856e-02,   2.91832834e-02,
          6.85313642e-01,   4.72110868e-01,  -3.78684066e-02,
          2.50307173e-02,   9.33357887e-03,  -2.69472674e-02,
          5.78736775e-02,  -5.25755398e-02,  -7.38128498e-02,
          7.56454691e-02,   1.11168832e-01,   3.08403641e-01,
          7.13264942e-02,  -8.63207504e-02,   6.22102283e-02,
         -6.33149669e-02,  -9.30766016e-03],
       [ -8.04959610e-03,   1.39637157e-01,   6.96607456e-02,
         -1.10497379e+00,  -3.93787026e-01,  -3.70372236e-02,
         -5.66992536e-03,  -4.71664406e-02,   1.82393007e-02,
          1.65755153e-02,   3.91760804e-02,   3.52541804e-02,
         -4.34753373e-02,   8.96098614e-02,  -3.45442057e-01,
         -6.37774169e-03,  -5.41047119e-02,  -6.07179757e-03,
          6.36861697e-02,  -1.82746258e-02],
       [  7.46735036e-02,  -5.22033274e-02,   2.88975512e-04,
          9.43579912e-01,   6.38925552e-01,  -1.12019874e-01,
         -1.39227808e-02,  -8.07335600e-02,   5.80101646e-02,
          4.40734029e-02,  -1.43212020e-01,   6.35360852e-02,
         -3.66840772e-02,  -4.40942883e-01,   3.74262959e-01,
         -9.65676643e-03,   4.33005989e-02,  -5.84591404e-02,
         -2.58769747e-02,   4.58954386e-02],
       [ -1.27244443e-02,  -2.57962048e-02,   2.95798127e-02,
          6.01138949e-01,   4.47009295e-01,   2.77857366e-03,
         -4.42729294e-02,  -9.22199041e-02,  -1.16423264e-01,
         -1.26962960e-02,  -1.72667980e-01,  -1.85847329e-03,
         -2.66309152e-03,   7.10411593e-02,   2.39205018e-01,
         -9.73600056e-03,  -3.51719819e-02,   9.30522382e-03,
         -2.93999910e-03,   7.51378015e-02],
       [ -5.15726395e-02,  -3.07895746e-02,   2.19071452e-02,
         -4.41027194e-01,  -2.67934948e-01,   4.40375321e-02,
         -5.03217615e-03,  -1.48490056e-01,  -2.50225961e-02,
         -8.99891704e-02,  -1.55559093e-01,  -2.15511117e-02,
          1.43475160e-02,  -2.52789915e-01,  -2.16828689e-01,
         -2.87231691e-02,  -5.28491521e-03,   5.55726886e-02,
          5.99839874e-02,  -2.69326773e-02],
       [  2.28839386e-02,   2.31663231e-02,  -3.28424424e-02,
          9.11538973e-02,   1.57451760e-02,   2.79614124e-02,
          8.72566104e-02,  -5.98331243e-02,  -2.34999843e-02,
         -1.49547681e-02,  -1.66923463e-01,   3.79933752e-02,
         -2.38917908e-03,   1.51467815e-01,   6.02925234e-02,
          1.93681922e-02,  -7.38278627e-02,   5.72352819e-02,
          1.45241693e-02,   7.35886907e-03],
       [ -4.09132522e-03,  -1.22170663e-02,  -4.55317646e-02,
          5.74809968e-01,   3.18122059e-01,   4.31190245e-02,
         -3.99613613e-03,  -2.84695253e-02,   4.97960858e-02,
          3.35737243e-02,   2.20046923e-01,   7.32382908e-02,
          3.60408835e-02,   3.27739209e-01,   1.79550529e-01,
         -1.95188448e-02,   5.01041114e-02,  -4.49125506e-02,
          1.58071548e-01,  -2.14503538e-02],
       [  1.83536466e-02,  -3.74588370e-02,  -3.99774779e-03,
         -4.33946639e-01,  -2.85773873e-01,  -7.02396333e-02,
         -2.85723414e-02,  -8.84495955e-03,  -3.10699176e-02,
         -2.61472464e-02,  -4.71351817e-02,  -1.24979601e-03,
         -1.11312782e-02,  -9.60011721e-01,  -2.02000186e-01,
         -6.07394651e-02,  -1.98633093e-02,   1.87621545e-02,
         -7.79058859e-02,  -1.29158393e-01],
       [  2.37244312e-02,  -2.25988422e-02,   1.68953817e-02,
         -1.14439893e+00,  -6.35296762e-01,   1.12927111e-03,
         -2.98498999e-02,   1.00735582e-01,  -3.85364029e-03,
          4.34240289e-02,   9.14301630e-03,  -1.71772130e-02,
          3.29010263e-02,   9.51935276e-02,  -4.28432971e-01,
          1.66437030e-02,  -7.43015930e-02,   1.70572456e-02,
          5.94929270e-02,   3.61969993e-02],
       [  3.09306514e-02,   2.61543244e-02,  -2.37274561e-02,
          2.53170566e-03,   2.45016329e-02,  -7.65986666e-02,
          1.49075463e-02,  -1.92367822e-01,  -9.83432457e-02,
          8.34315643e-03,   2.58802101e-02,   1.38635868e-02,
         -1.64920278e-02,  -1.55045772e-02,  -9.22633801e-03,
          1.42250499e-02,  -4.11485359e-02,   9.37671121e-03,
         -3.01607233e-02,  -6.41870275e-02],
       [  3.48558761e-02,  -1.59688413e-01,  -1.27721345e-02,
         -8.21135819e-01,  -6.61912024e-01,   6.50759935e-02,
         -6.01925440e-02,  -1.13481343e-01,   4.75769229e-02,
         -1.14576975e-02,  -7.63242543e-02,   2.26413459e-02,
          1.60130505e-02,   4.34852690e-01,  -2.70184070e-01,
         -5.84116252e-03,  -1.35196252e-02,   1.20451255e-02,
          5.90769760e-03,   9.66679305e-03],
       [ -8.44918843e-03,  -2.03821100e-02,  -4.46282849e-02,
          5.49227178e-01,   1.16919927e-01,  -5.89266308e-02,
          6.92271516e-02,  -1.39146253e-01,   4.46223421e-03,
         -3.88033502e-02,  -3.33291627e-02,   5.59487902e-02,
         -2.89638294e-03,  -1.56477645e-01,   1.73984036e-01,
         -5.21246083e-02,  -3.67721543e-02,  -8.57123546e-03,
         -1.02404334e-01,  -7.67066106e-02],
       [ -3.34730335e-02,  -6.49023429e-02,  -1.25494245e-02,
         -3.65676850e-01,  -2.69151688e-01,   2.06435379e-02,
          3.24711166e-02,   5.66291772e-02,  -2.54568011e-02,
          1.06715187e-02,  -4.57733795e-02,   6.86791614e-02,
         -3.89567134e-03,   3.08038473e-01,  -2.20681608e-01,
         -6.82386905e-02,   3.28133665e-02,   3.23841199e-02,
         -5.77876642e-02,  -6.59863204e-02],
       [ -1.65700389e-03,   4.60221767e-02,  -3.74120027e-02,
         -1.19696259e+00,  -5.50004363e-01,  -6.23343838e-03,
         -6.54269084e-02,  -1.99194513e-02,  -2.83473395e-02,
         -6.59550577e-02,   3.17093940e-03,   3.38708311e-02,
         -2.77293324e-02,   9.72758159e-02,  -5.26217580e-01,
         -3.59243564e-02,   1.22765182e-02,  -1.91666204e-02,
         -4.29741703e-02,   5.87355159e-02],
       [  5.19920886e-02,   2.32810117e-02,   3.12204789e-02,
         -7.82280624e-01,  -3.27155769e-01,   3.80893573e-02,
         -1.35950549e-02,  -1.31047025e-01,   8.04234203e-03,
         -5.94552867e-02,   1.80950642e-01,   4.95522358e-02,
          3.10184155e-02,  -3.13541666e-02,  -2.24347427e-01,
         -4.78295311e-02,  -6.37811348e-02,   1.15809822e-02,
         -7.04265162e-02,   2.98334267e-02],
       [  4.77716289e-02,   1.28402701e-02,  -5.38111590e-02,
         -7.58121967e-01,  -3.51686984e-01,  -4.11868356e-02,
         -1.09247625e-01,  -1.17192127e-01,   3.99888866e-02,
         -4.77178916e-02,   8.94561261e-02,  -6.99565187e-02,
         -2.57607986e-04,   3.08439285e-01,  -2.41751194e-01,
         -9.72721435e-04,   5.98387979e-02,  -3.58092263e-02,
         -3.81197408e-02,   3.10251899e-02],
       [  2.68604588e-02,   3.84661816e-02,   1.36954561e-02,
         -5.72632611e-01,  -2.51037329e-01,  -5.88025115e-02,
         -1.25429919e-02,  -4.78264168e-02,   1.01798158e-02,
          7.26182088e-02,  -6.84352666e-02,  -2.89383437e-02,
         -3.31650190e-02,   1.11479312e-01,  -1.73276052e-01,
         -6.49680048e-02,   1.42644150e-02,  -2.32305210e-02,
         -4.48784931e-03,   9.25572962e-02],
       [  3.02698743e-02,  -2.43064761e-02,  -1.80538520e-02,
         -7.50846863e-01,  -3.95177931e-01,  -1.39659140e-02,
         -1.03459336e-01,  -2.05929950e-01,  -3.53230014e-02,
          4.74056713e-02,   1.34352192e-01,   7.32332692e-02,
          1.17536306e-01,   3.21109176e-01,  -2.09632397e-01,
          5.19425534e-02,   4.47089560e-02,  -2.95394696e-02,
          2.78834463e-03,  -5.27313761e-02],
       [ -4.54619676e-02,  -4.65007834e-02,   4.12744880e-02,
         -7.77079821e-01,  -5.36775947e-01,   3.49139720e-02,
          4.40554246e-02,   2.29453698e-01,   4.92669269e-02,
          6.24882951e-02,  -7.42333233e-02,   8.59990064e-03,
         -3.38978181e-03,  -5.10062277e-01,  -1.89567193e-01,
         -9.75976512e-02,  -1.99748743e-02,  -3.85269746e-02,
         -1.05913602e-01,   3.44675966e-02],
       [  3.77027504e-02,   1.74115784e-02,  -1.91891268e-02,
          6.68682083e-02,  -1.79786131e-01,  -3.14418860e-02,
         -9.43816081e-02,  -4.24462371e-02,  -2.77423114e-02,
          8.98363963e-02,  -2.64355894e-02,  -4.55352366e-02,
         -4.31152098e-02,   5.26927747e-02,   2.13517547e-02,
          1.38431462e-02,  -6.92055970e-02,   1.36422785e-02,
         -9.68132820e-03,   4.65655178e-02],
       [ -6.36524186e-02,  -2.88807042e-03,   5.68325110e-02,
         -9.79997441e-02,  -4.72217351e-02,   2.14483794e-02,
         -3.84097062e-02,   2.41511479e-01,   3.09707820e-02,
         -4.48818542e-02,   4.68843877e-02,   2.33927220e-02,
          6.78435201e-03,  -1.20763682e-01,   4.34411392e-02,
          1.10080903e-02,   6.36684746e-02,  -4.51517366e-02,
          3.62528414e-02,   4.91141081e-02],
       [ -7.59562105e-02,  -2.22195890e-02,   6.45569488e-02,
         -1.70856071e+00,  -1.16988552e+00,   1.99883189e-02,
          4.62883785e-02,   1.93005368e-01,   1.05082290e-02,
          6.97383359e-02,  -1.26876742e-01,  -4.74161953e-02,
          7.65538663e-02,  -4.36444968e-01,  -5.87508917e-01,
          4.90348600e-02,   5.84858023e-02,  -1.01777725e-01,
          4.83291708e-02,  -2.76326425e-02]], dtype=float32), array([ 0.,  0.,  0.,  0.,  0.,  0.,  0.,  0.,  0.,  0.,  0.,  0.,  0.,
        0.,  0.,  0.,  0.,  0.,  0.,  0.], dtype=float32)][array([[ 0.01100392],
       [-0.13601989],
       [-0.04766728],
       [-0.05253568],
       [-0.03167443],
       [-0.01345778],
       [-0.05901575],
       [-0.0530455 ],
       [-0.09420397],
       [ 0.02587738],
       [-0.04168471],
       [-0.02324614],
       [-0.07656713],
       [-0.03743919],
       [-0.05222228],
       [ 0.00658906],
       [ 0.01235704],
       [-0.07558642],
       [ 0.09068479],
       [-0.02441392]], dtype=float32), array([ 0.], dtype=float32)]