[array([[ -5.35916351e-02,   9.47376117e-02,  -2.59374082e-02,
         -1.71858147e-02,  -1.25465274e-01,   2.75198370e-02,
          8.43413919e-02,   3.25937271e-02,  -1.98986977e-02,
          3.43680322e-01,   1.24545388e-01,  -5.26637554e-01,
         -6.09595664e-02,   6.85178069e-03,  -6.38203397e-02,
          1.99335024e-01,  -8.44086170e-01,   2.22019088e-02,
          6.46036416e-02,   5.44872284e-02,  -4.88101631e-01,
         -9.27476119e-03,   5.68064339e-02,   1.32083669e-02,
          4.06287499e-02,   3.13138247e-01,  -4.07202877e-02,
         -5.14203370e-01,   4.10484970e-01,   1.18442290e-02,
         -3.72988954e-02,   4.16753814e-02,  -2.49957126e-02,
         -3.79211605e-01,  -2.37702467e-02,  -4.59102876e-02,
          4.38821688e-03,   9.24599692e-02,   7.25657493e-02,
         -3.65350507e-02,  -1.94169432e-02,   5.68603396e-01,
         -1.16136426e-03,  -3.35540101e-02,  -2.27974709e-02,
         -2.02071816e-02,   6.08695805e-01,  -1.68146938e-01,
         -5.27695656e-01,  -2.69843072e-01],
       [  2.11970638e-02,   3.68784107e-02,   4.51572351e-02,
          3.26859616e-02,   1.33505076e-01,  -6.31857067e-02,
          7.29710907e-02,  -1.90362055e-02,  -4.63844500e-02,
          1.62920967e-01,   8.62029731e-01,   8.07213187e-01,
          9.49251875e-02,  -6.39237389e-02,  -2.15302259e-02,
          1.45046756e-01,   6.14987612e-01,   4.13609250e-03,
         -3.06124222e-02,   1.64991766e-02,   1.75834104e-01,
          6.28920679e-04,   6.18278757e-02,   2.66407318e-02,
          1.86499339e-02,  -1.26653373e-01,  -9.70485248e-03,
          8.06129277e-02,  -6.36606440e-02,   3.52169611e-02,
          1.02169298e-01,  -4.22241278e-02,  -2.96573341e-02,
         -7.79250085e-01,   2.50535347e-02,  -5.33879809e-02,
          1.68169325e-03,   1.28300004e-02,  -5.57288341e-02,
          8.66339281e-02,  -2.02939566e-02,  -4.09625441e-01,
          2.02800636e-03,  -3.79426107e-02,  -6.16178177e-02,
          1.39531372e-02,   1.25813103e+00,  -3.10305536e-01,
          1.03984070e+00,   1.67615980e-01]], dtype=float32), array([ 0.,  0.,  0.,  0.,  0.,  0.,  0.,  0.,  0.,  0.,  0.,  0.,  0.,
        0.,  0.,  0.,  0.,  0.,  0.,  0.,  0.,  0.,  0.,  0.,  0.,  0.,
        0.,  0.,  0.,  0.,  0.,  0.,  0.,  0.,  0.,  0.,  0.,  0.,  0.,
        0.,  0.,  0.,  0.,  0.,  0.,  0.,  0.,  0.,  0.,  0.], dtype=float32)][array([[  1.04063582e-02,  -2.08376255e+01,  -2.46794596e-02,
          5.31378062e-03,  -2.17653383e-02,  -1.10375862e+01,
         -3.10330629e-01,  -5.87810278e-02,  -5.41444242e-01,
         -4.38480042e-02,  -3.96299601e-01,   1.30560607e-01,
         -6.62353230e+00,   3.19746923e+00,   7.94285834e-02,
         -5.26664965e-02,  -6.37240559e-02,   1.02204728e+00,
         -1.06272709e+00,  -2.84467621e+01],
       [  1.19803110e-02,   8.32138920e+00,  -6.60089660e-04,
         -1.05875842e-01,   1.04397407e-03,   5.62758732e+00,
         -5.89914680e-01,   6.22555688e-02,   1.35531396e-01,
         -6.42479863e-04,   2.10100189e-01,  -9.21693966e-02,
          2.94595265e+00,  -3.60880375e+00,  -1.01987146e-01,
         -5.99773526e-02,   6.00776859e-02,  -1.78995967e+00,
          1.77457821e+00,   1.07840633e+01],
       [  5.95839322e-02,  -2.90337181e+00,  -4.88307979e-03,
          5.69300912e-02,   5.87269776e-02,   6.73260069e+00,
          8.14445168e-02,   6.62309006e-02,  -5.83903611e-01,
          3.17789242e-02,   2.35532194e-01,  -5.42094529e-01,
          3.13426733e+00,   7.87571430e-01,   3.25183123e-01,
         -7.73029868e-04,  -4.55089398e-02,  -3.89203697e-01,
          9.80586231e-01,  -4.42230034e+00],
       [  2.07557958e-02,   9.70173073e+00,   2.65795346e-02,
         -8.77695438e-03,  -4.97332849e-02,   2.79948235e+00,
         -3.92764360e-02,   6.28165826e-02,  -8.12878847e-01,
          9.37687680e-02,  -4.45586681e-01,  -3.05435415e-02,
          2.45945716e+00,   2.03931665e+00,  -2.01825500e-01,
         -2.26046611e-03,  -4.45075333e-02,  -5.54412782e-01,
         -1.20676851e+00,   1.31919355e+01],
       [ -4.71803127e-03,  -2.27533054e+00,  -1.01052120e-01,
         -4.38979641e-02,  -1.05499029e-01,  -1.50105581e-01,
         -9.94157605e-03,   1.57278981e-02,   2.62201041e-01,
         -6.55904040e-02,  -5.91024682e-02,   6.74384594e-01,
         -5.50300121e-01,   2.15557575e+00,  -2.86724139e-02,
         -8.18303078e-02,   9.96618569e-02,   4.53617668e+00,
         -2.24236846e+00,  -3.31619167e+00],
       [  1.84340365e-02,  -9.40607643e+00,  -2.83865607e-03,
          3.24877650e-02,   3.28922877e-03,  -3.21890402e+00,
          1.66017413e-01,   1.15313353e-02,  -1.32243514e-01,
          4.39363085e-02,  -3.07313025e-01,   1.51621389e+00,
         -2.05243993e+00,   1.65656671e-01,   1.07963346e-01,
         -2.58100871e-02,   1.91902742e-02,   5.01238585e-01,
         -7.65987515e-01,  -1.17721920e+01],
       [  8.48606974e-02,  -1.22408514e+01,  -5.45425713e-02,
         -1.04884624e-01,   6.17223680e-02,   2.71696758e+00,
         -5.04657507e-01,  -7.00661540e-03,   6.72031194e-02,
          3.15959267e-02,   1.91403389e-01,   8.57198477e-01,
          1.60792267e+00,   9.00161648e+00,   2.20780268e-01,
         -1.35422990e-01,  -6.91350102e-02,   1.67257345e+00,
         -2.50994658e+00,  -1.60398884e+01],
       [  1.48659348e-02,  -2.47711353e+01,   5.31463996e-02,
          8.37280322e-03,  -3.63795459e-02,  -5.10106897e+00,
         -2.15436488e-01,  -1.37466486e-04,   4.33746338e-01,
         -6.06582537e-02,   1.81379821e-02,  -1.41044110e-01,
         -2.59889555e+00,   4.21948290e+00,   1.35277167e-01,
         -6.63181692e-02,   2.01642737e-02,   1.61182559e+00,
         -1.64133728e+00,  -3.37077560e+01],
       [ -7.45706866e-03,  -1.13652170e+00,  -5.12115052e-03,
          8.46079811e-02,   5.63840270e-02,  -1.80980349e+00,
          6.16435766e-01,   9.40266401e-02,   1.11651145e-01,
          5.44612342e-03,  -2.44244620e-01,  -3.59368265e-01,
         -8.05836856e-01,  -4.94957638e+00,  -2.51336340e-02,
          9.03455615e-02,   4.71522100e-02,   1.74284399e+00,
          2.00156903e+00,  -1.95290399e+00],
       [ -4.63308813e-03,   3.24975801e+00,  -5.29165892e-03,
          5.10919504e-02,   1.01295197e-02,   4.57689190e+00,
         -2.07899511e-01,   2.11302023e-02,   8.97317827e-01,
         -3.71292457e-02,  -5.13763018e-02,   1.81688502e-01,
          2.53186870e+00,   7.11072624e-01,  -3.03429931e-01,
          3.23801413e-02,  -2.56753098e-02,   5.31568110e-01,
         -4.11917120e-01,   3.17108345e+00],
       [  1.97296292e-02,   7.44279099e+00,  -1.84009876e-02,
          5.65265119e-02,  -1.56125316e-05,  -8.43781352e-01,
         -6.16010204e-02,  -2.04355922e-02,  -9.05565321e-01,
         -2.32843459e-02,   7.96340853e-02,   4.34424311e-01,
         -6.38002604e-02,  -3.06650472e+00,   1.45280913e-01,
         -8.52819718e-03,  -7.40810856e-02,  -2.41710830e+00,
          1.44909334e+00,   1.09632711e+01],
       [  4.03974093e-02,  -2.27882633e+01,  -6.94598025e-03,
          3.16140205e-02,  -1.16906883e-02,  -8.07544041e+00,
          2.70786017e-01,   2.43812390e-02,   1.15723932e+00,
          1.13661662e-01,   1.11454070e-01,  -1.22282214e-01,
         -3.62715054e+00,   9.85293102e+00,  -4.39383835e-02,
         -2.80122589e-02,  -3.00335203e-04,   1.27783334e+00,
         -3.19781160e+00,  -3.12018089e+01],
       [  1.06928729e-01,   1.04770212e+01,   5.78019861e-03,
         -1.19577207e-01,   4.23252545e-02,  -1.36850968e-01,
          2.25083441e-01,  -1.95427891e-02,   6.42328858e-01,
         -7.03287969e-06,  -3.70689332e-01,   6.77230775e-01,
          3.58238429e-01,   1.41038573e+00,   4.59367335e-01,
          4.24133353e-02,   4.37815823e-02,  -5.79689443e-02,
         -2.11043209e-01,   1.41021299e+01],
       [ -6.12473078e-02,  -7.37083077e-01,   5.97979082e-03,
         -2.10265815e-03,  -2.77625006e-02,   4.63060570e+00,
          1.66622669e-01,   2.55956850e-03,   8.60908106e-02,
          1.96058974e-02,   1.35501456e-02,  -7.04434589e-02,
          2.85809231e+00,   1.93978870e+00,  -2.82408297e-01,
          7.07294941e-02,   2.21712664e-02,   2.73478818e+00,
          3.08857590e-01,  -1.94904017e+00],
       [  7.21282363e-02,   8.80174637e+00,   1.32624274e-02,
         -2.00160872e-02,   7.69779785e-03,   1.75635993e+00,
         -6.52019083e-02,  -2.02607308e-02,   2.96243399e-01,
          2.05692928e-02,  -1.77441001e-01,   4.23319280e-01,
          1.29270148e+00,   2.38429356e+00,   1.34004936e-01,
         -3.31147239e-02,  -2.85598189e-02,   6.63233340e-01,
          1.10453081e+00,   1.19377737e+01],
       [  4.20085117e-02,   1.41620893e+01,  -3.82958464e-02,
          7.03953281e-02,   1.38344094e-02,   4.53136110e+00,
         -3.46833706e-01,  -1.78503077e-02,   5.32829642e-01,
          1.65521782e-02,  -5.17803073e-01,   5.23950338e-01,
          1.90555763e+00,   5.96618462e+00,  -1.49791852e-01,
         -7.15935081e-02,  -3.30217145e-02,   1.58687127e+00,
         -1.55616984e-01,   1.92941761e+01],
       [ -5.72465844e-02,   4.36434329e-01,   5.69838956e-02,
         -1.12229466e-01,  -2.29882393e-02,  -8.08823016e-03,
         -5.12687825e-02,   3.21345739e-02,  -4.43973113e-03,
          4.19431664e-02,   2.78106064e-01,  -1.52962577e+00,
          1.60407454e-01,   4.78965282e-01,   5.94646074e-02,
         -4.61103506e-02,   5.09277396e-02,   1.44996285e+00,
         -4.90560293e-01,   8.35530460e-01],
       [ -1.14143752e-01,  -1.02728710e+01,  -2.64079813e-02,
          4.16547097e-02,   1.87193640e-02,   2.35966563e+00,
         -6.83208629e-02,  -2.65176576e-02,  -8.42855796e-02,
          2.96790097e-02,  -3.54573309e-01,   1.29810885e-01,
          9.30089235e-01,   2.35382175e+00,   2.09871441e-01,
          1.20041426e-03,   2.18513384e-02,  -8.68686676e-01,
          3.94886106e-01,  -1.49247465e+01],
       [  3.71318087e-02,   1.41975880e+00,   2.53614318e-02,
         -4.93406616e-02,  -5.24633117e-02,   4.29646826e+00,
          1.42687172e-01,  -1.53801609e-02,  -1.32307136e+00,
          1.79104153e-02,  -1.35741740e-01,  -2.52437312e-04,
          2.13140273e+00,   3.14952993e+00,  -9.06001702e-02,
          1.12675004e-01,   1.65154319e-02,  -5.78529179e-01,
         -3.08220816e+00,   2.15092802e+00],
       [  2.76418179e-02,  -9.23168659e+00,   2.99892668e-02,
         -5.38826697e-02,  -4.40945290e-02,  -3.34581470e+00,
          4.74424124e-01,  -6.99751750e-02,  -8.09576333e-01,
         -8.13855752e-02,  -5.29895484e-01,   4.42792237e-01,
         -1.91440892e+00,   1.26897383e+00,   1.50684997e-01,
          6.37561977e-02,   2.45862752e-02,   1.21073842e+00,
          3.05348992e-01,  -1.25094595e+01],
       [ -1.31960019e-01,   8.01727104e+00,  -8.46421048e-02,
         -7.20906034e-02,   5.92554100e-02,  -9.31833923e-01,
         -7.18276855e-03,   6.48123622e-02,   2.26745978e-01,
          3.39651294e-02,  -3.48250747e-01,   3.69162783e-02,
         -7.83250034e-01,   3.02405310e+00,   1.02451392e-01,
          8.09406936e-02,  -4.85388637e-02,   7.98869319e-03,
          9.59035516e-01,   1.11616144e+01],
       [  2.21274123e-02,  -2.06646681e+00,   4.61330153e-02,
          8.41209814e-02,   5.91072924e-02,   1.05054140e+00,
         -3.04647144e-02,  -1.11997304e-02,   8.92616138e-02,
          3.73085551e-02,   7.08047926e-01,   3.22498590e-01,
          6.93019271e-01,   1.26238990e+00,  -3.82503644e-02,
         -6.37000278e-02,  -5.46119027e-02,  -8.37463379e-01,
          4.59912479e-01,  -2.12600088e+00],
       [  4.92695672e-03,  -1.45176353e+01,   5.08162640e-02,
         -1.01095093e-02,  -2.44088359e-02,  -4.83765745e+00,
         -3.85517448e-01,   1.55790895e-03,   3.56410630e-02,
         -1.29567329e-02,   2.28423506e-01,  -2.75881529e-01,
         -2.01770735e+00,  -5.96665907e+00,  -4.33401279e-02,
         -2.47496050e-02,  -2.51140185e-02,  -2.30358076e+00,
          3.63246799e+00,  -1.99875717e+01],
       [  6.86123595e-02,   3.22898197e+00,   6.78206841e-03,
          2.24451609e-02,   6.89204633e-02,  -7.79421210e-01,
          4.25521314e-01,   4.34802398e-02,   1.72157556e-01,
          2.43370738e-02,  -8.45556408e-02,   7.68810436e-02,
         -1.76629294e-02,  -1.56464553e+00,  -1.19928993e-01,
          1.31691262e-01,   3.13561484e-02,  -6.65874064e-01,
          1.46874070e+00,   4.07498980e+00],
       [  6.37826845e-02,  -1.21856403e+01,  -1.16429903e-01,
         -9.95976925e-02,  -3.00024729e-02,  -8.44976425e+00,
         -2.50086844e-01,   1.47210143e-03,   6.33854687e-01,
          1.39874788e-02,   1.54904183e-02,   7.51253605e-01,
         -3.79535508e+00,   2.31045103e+00,  -4.03081141e-02,
         -1.72462538e-02,  -5.28791137e-02,   5.59871597e-03,
         -1.09567630e+00,  -1.67465687e+01],
       [ -6.00058306e-03,   1.41077347e+01,  -6.80697486e-02,
          4.55030464e-02,   1.38446931e-02,  -1.19167209e+00,
          4.12687570e-01,   1.48977444e-01,   3.79512250e-01,
          4.39551398e-02,  -1.10049620e-01,   7.31720984e-01,
         -1.26812303e+00,  -7.40307152e-01,   1.24450244e-01,
          1.01159588e-01,   4.97623496e-02,   2.85759330e+00,
          8.20341408e-01,   1.92223473e+01],
       [ -9.47383270e-02,   1.75298710e+01,  -7.99778849e-03,
         -4.25233394e-02,   6.09001778e-02,   2.02265310e+00,
          6.10150278e-01,   4.96392213e-02,  -1.39610171e-01,
          5.27900122e-02,   1.71855211e-01,  -3.28544676e-02,
          2.59539604e-01,  -1.94569528e+00,   2.76969731e-01,
          1.04071625e-01,   4.28826474e-02,   5.29478967e-01,
         -1.20076299e-01,   2.36474342e+01],
       [ -3.91291268e-02,   1.41917810e+01,  -2.25425120e-02,
          7.75898248e-02,   3.87199372e-02,   7.43597698e+00,
         -3.59295636e-01,  -3.82515825e-02,   2.34309852e-01,
          3.73500064e-02,   6.79948211e-01,  -3.35974023e-02,
          3.49544001e+00,  -5.22539997e+00,   7.75432447e-03,
         -9.97797474e-02,   6.93609146e-03,   1.49896061e+00,
          3.41804075e+00,   1.90636902e+01],
       [  1.12710141e-01,  -1.12518578e+01,  -1.31106926e-02,
          3.43084745e-02,  -2.41548121e-02,   5.02919722e+00,
         -9.93541107e-02,   3.91768711e-03,  -5.75592577e-01,
         -9.69790146e-02,  -5.87825775e-01,  -1.24766469e-01,
          2.14954686e+00,  -2.65636623e-01,   2.53397733e-01,
         -1.81602426e-02,   4.33634482e-02,  -1.30147672e+00,
         -6.55490220e-01,  -1.53232069e+01],
       [ -4.05709706e-02,  -4.11139011e+00,  -3.61276604e-02,
         -1.95589736e-02,   1.27680646e-02,  -6.87318072e-02,
          9.44684446e-02,  -1.13636982e-02,   1.56581149e-01,
         -6.37442842e-02,   2.34366775e-01,   5.21025538e-01,
          3.01953048e-01,  -2.30453014e+00,   6.26709461e-02,
         -2.28430070e-02,   2.20521130e-02,   4.95428860e-01,
         -2.30584455e+00,  -6.50533819e+00],
       [ -2.32977583e-03,   9.48281109e-01,  -4.18614708e-02,
          3.91322933e-02,  -5.54102026e-02,   1.68307805e+00,
          1.99100286e-01,   4.33483645e-02,   1.26822650e+00,
          5.26123820e-03,  -5.22408545e-01,  -2.55153507e-01,
          1.01291835e+00,  -7.72438717e+00,   3.76028866e-01,
         -2.74943188e-02,  -1.21297613e-02,  -2.47519031e-01,
          2.07648468e+00,   1.33790052e+00],
       [ -2.95769703e-03,   4.21131706e+00,  -1.72936998e-03,
         -1.71436854e-02,  -2.84426995e-02,   1.63943017e+00,
         -1.88611835e-01,   8.68143961e-02,   3.67940664e-01,
          2.85368245e-02,  -2.84279495e-01,   7.65180528e-01,
          3.58526260e-01,  -8.97806883e-01,  -8.91061500e-02,
         -2.20435206e-02,  -8.44380334e-02,  -9.11978602e-01,
          2.71903610e+00,   4.86985207e+00],
       [ -8.07197168e-02,   8.90947914e+00,  -3.69476639e-02,
         -6.16068505e-02,   3.14773545e-02,   7.45056200e+00,
         -3.56506675e-01,  -1.42444670e-02,   2.27188528e-01,
          9.95292664e-02,   2.61151940e-01,  -1.88675627e-01,
          3.40793419e+00,  -1.70143807e+00,   1.95274547e-01,
         -5.93577623e-02,  -1.65211000e-02,  -1.60978305e+00,
          1.58886909e+00,   1.10622892e+01],
       [  4.88137332e-04,   6.84686184e+00,  -5.65481484e-02,
          7.76433274e-02,  -1.89325772e-02,  -1.96399152e+00,
         -2.67380565e-01,  -8.67646486e-02,   8.69108215e-02,
         -6.18412197e-02,  -1.47006642e-02,   1.86673790e-01,
         -7.58719206e-01,   3.81278229e+00,   2.06955627e-01,
         -3.24710347e-02,   2.75289337e-03,  -1.66243121e-01,
         -3.48826647e+00,   8.20353603e+00],
       [  2.07759044e-03,   1.06351500e+01,   5.47639728e-02,
          2.27761418e-02,  -6.45256415e-02,   2.65425324e-01,
         -6.41064122e-02,   1.24026882e-02,  -5.29598832e-01,
          6.72646612e-02,  -3.67242903e-01,   6.47529960e-03,
          5.41383505e-01,  -6.36719942e+00,  -1.34795740e-01,
         -3.63005809e-02,  -2.73827221e-02,  -1.74017644e+00,
          1.72891867e+00,   1.43580914e+01],
       [ -2.96646301e-02,   8.91635036e+00,  -1.70886274e-02,
          3.61694619e-02,   4.58349995e-02,   1.43915296e-01,
         -5.00421226e-01,  -2.47538090e-02,   5.00861883e-01,
          2.99215615e-02,   6.92319795e-02,   5.74048281e-01,
          4.46792305e-01,   2.12938023e+00,  -1.28551707e-01,
         -6.79526329e-02,   2.63836514e-02,   1.83716035e+00,
         -4.71295404e+00,   1.16459188e+01],
       [ -1.79298799e-02,   1.52229280e+01,  -2.12414768e-02,
          9.97101590e-02,  -2.88498728e-03,   4.45617008e+00,
          2.31081516e-01,   2.12308136e-03,   3.49230736e-01,
         -2.99192313e-02,   3.26076597e-02,  -1.28174573e-01,
          2.19180894e+00,   2.83299232e+00,   2.01777413e-01,
          3.49166729e-02,   3.65151241e-02,   6.73487067e-01,
         -6.04354024e-01,   2.03395462e+01],
       [ -3.41134332e-02,  -9.43540215e-01,   4.02758121e-02,
         -4.19783369e-02,  -3.37835960e-02,  -3.87695312e+00,
          7.21677169e-02,   5.15186600e-03,  -2.92046279e-01,
          9.68678296e-03,  -6.41413108e-02,  -3.10658086e-02,
         -1.95806491e+00,  -9.55602229e-02,  -3.78506444e-02,
          1.06886417e-01,   5.20625971e-02,  -5.54679453e-01,
          3.27722287e+00,  -4.78950918e-01],
       [  8.22652504e-03,   2.02063141e+01,  -9.81346983e-03,
          3.59040052e-02,   1.55214686e-02,   6.90726459e-01,
         -1.39905453e-01,   1.72388111e-03,   6.95640519e-02,
         -7.76023790e-02,   4.96709868e-02,  -1.16461674e-02,
          4.81171131e-01,   5.39631367e+00,   2.62848943e-01,
          3.00415773e-02,  -2.19498817e-02,   2.77557820e-01,
         -4.04495096e+00,   2.76067429e+01],
       [  3.13114375e-02,  -4.97602606e+00,  -2.46847328e-02,
         -6.71446919e-02,   3.43515091e-02,  -4.89351416e+00,
          1.27345681e-01,  -1.18182553e-03,   8.49096239e-01,
          1.01353467e-01,   6.17352314e-02,   1.22067556e-01,
         -1.88787651e+00,  -3.46117997e+00,   6.23235218e-02,
          6.62122145e-02,   5.41745499e-03,  -2.24975329e-02,
          1.84036565e+00,  -6.68820238e+00],
       [ -9.49586406e-02,   1.00620680e+01,  -2.73162927e-02,
         -6.31747907e-03,   7.39506586e-03,  -4.90865469e+00,
         -4.82281715e-01,   6.32273778e-02,   2.00815022e-01,
          2.74642687e-02,  -2.52987295e-01,   3.45938355e-01,
         -2.44752789e+00,   7.39894676e+00,   9.87086222e-02,
         -6.84762597e-02,   4.88684773e-02,   3.02508163e+00,
         -1.71610546e+00,   1.35531683e+01],
       [ -6.29670173e-02,   5.01362991e+00,   3.51562700e-03,
          6.91418350e-03,  -1.33192092e-01,   8.55968356e-01,
         -2.04495788e-01,   8.32981095e-02,  -9.44362283e-02,
          3.34255621e-02,  -1.04702568e+00,  -7.20194221e-01,
          2.92297661e-01,  -1.62836695e+00,   1.23878606e-01,
         -3.66491079e-02,   3.63515280e-02,  -1.51841331e+00,
          1.98848403e+00,   6.43537664e+00],
       [ -7.67771155e-03,   7.82789278e+00,   8.44178051e-02,
         -1.04939227e-03,  -1.84984524e-02,   8.11636508e-01,
          3.44881982e-01,  -8.59284587e-03,   1.08514465e-01,
          4.22121584e-02,   3.49968940e-01,   1.14860564e-01,
          1.18470776e+00,   2.63927102e+00,   2.24038556e-01,
          6.19420819e-02,  -9.10045281e-02,   1.71410322e+00,
          1.34993505e+00,   1.11786947e+01],
       [  2.20141839e-02,  -6.39384079e+00,  -6.81179995e-03,
          2.62888055e-02,  -6.89930608e-03,  -1.53377783e+00,
         -1.42806694e-01,  -2.47167852e-02,   5.78638203e-02,
          5.81440106e-02,   8.73530749e-03,  -2.13019416e-01,
         -5.64819798e-02,  -7.64599741e-01,  -8.22875351e-02,
         -1.04825720e-02,  -3.15149724e-02,   2.91830873e+00,
          6.37438819e-02,  -8.27026653e+00],
       [ -3.49691138e-02,   1.01851263e+01,   1.12317922e-02,
         -2.60549765e-02,   9.90834273e-03,   2.33795333e+00,
          1.27922162e-01,   2.65050214e-02,   2.37873588e-02,
         -2.80778687e-02,   1.36999577e-01,  -4.97767210e-01,
          1.47073829e+00,   3.09587622e+00,   9.28559676e-02,
          7.36049516e-03,  -2.55309884e-03,  -1.00481272e+00,
         -1.98510063e+00,   1.30920458e+01],
       [ -7.80811608e-02,   1.58437357e+01,  -1.49619402e-02,
         -1.11762937e-02,   4.35310416e-02,  -4.77336025e+00,
         -5.54635942e-01,  -2.91599762e-02,   1.34010360e-01,
         -4.88096811e-02,  -4.23158139e-01,   1.51142385e-02,
         -2.64901042e+00,  -2.85820198e+00,   2.12697923e-01,
         -1.02495141e-01,   1.27836289e-02,  -2.99254447e-01,
          1.49852014e+00,   2.20496063e+01],
       [  3.47330496e-02,  -1.57372456e+01,   5.49171865e-02,
          4.71479446e-02,   3.18787880e-02,  -5.93154621e+00,
          2.73928106e-01,   8.39937385e-03,   9.74480987e-01,
         -7.05278665e-03,  -3.62507433e-01,  -1.57366663e-01,
         -2.45875907e+00,  -3.08824706e+00,  -1.86915253e-03,
          7.07799345e-02,  -3.06122303e-02,   2.49082908e-01,
          2.09827948e+00,  -2.08829880e+01],
       [  4.26619872e-03,  -2.70711632e+01,   1.64385103e-02,
          7.33714178e-02,   9.12045222e-03,  -8.47032738e+00,
         -3.67750913e-01,   5.91242276e-02,   2.41093695e-01,
          1.09297656e-01,  -1.85589567e-01,   5.98215282e-01,
         -4.61608934e+00,  -1.31896392e-01,  -8.03572908e-02,
         -8.79455954e-02,  -4.97354679e-02,   2.64068961e+00,
         -2.46892715e+00,  -3.74266357e+01],
       [ -1.67651456e-02,  -2.02272415e+01,   3.98737043e-02,
         -2.20477413e-02,   1.09143972e-01,  -5.65501404e+00,
          8.19640234e-03,  -8.71205181e-02,  -6.58256412e-01,
          6.75960705e-02,   1.41726479e-01,  -5.48013628e-01,
         -3.31143689e+00,   4.19924593e+00,  -7.87829757e-02,
          4.49995697e-02,  -6.94065988e-02,   1.09290588e+00,
         -3.86831427e+00,  -2.80044270e+01],
       [ -1.11162467e-02,  -1.38559361e+01,   9.56802815e-03,
          8.18403661e-02,   3.89963873e-02,  -5.18108320e+00,
         -1.70997143e-01,  -2.68084314e-02,   2.87637621e-01,
          1.68440770e-02,  -4.12613571e-01,  -1.68191373e-01,
         -1.78546703e+00,   4.94229460e+00,  -3.86291393e-03,
         -1.09230883e-01,   7.35085756e-02,   2.21705937e+00,
         -2.31538987e+00,  -1.87946033e+01]], dtype=float32), array([ 0.,  0.,  0.,  0.,  0.,  0.,  0.,  0.,  0.,  0.,  0.,  0.,  0.,
        0.,  0.,  0.,  0.,  0.,  0.,  0.], dtype=float32)][array([[-5.49952745],
       [-4.42397594],
       [-4.35780096],
       [-1.61691272],
       [-2.74265862],
       [ 1.86176205],
       [-8.47653675],
       [ 4.90109921],
       [ 9.95659256],
       [-0.92819905],
       [-2.67942977],
       [-6.16248178],
       [-0.35163486],
       [ 5.26005697],
       [-2.12755871],
       [-1.17094433],
       [-2.64797497],
       [ 2.71525311],
       [ 0.7072441 ],
       [-2.18988276]], dtype=float32), array([ 0.], dtype=float32)]