[array([[ -4.69328389e-02,  -9.51270008e+00,   1.75798446e-01,
          4.14587222e-02,  -5.10356426e-02,  -7.31588975e-02,
          4.45858203e-03,   5.24866220e-04,  -5.81817813e-02,
          2.58711483e-02,   7.34840631e-02,  -4.14419584e-02,
         -4.41761240e-02,  -8.92043859e-02,  -2.79339589e-02,
          2.99149491e-02,   6.00652024e-02,   8.43118057e-02,
         -1.84002798e-02,   6.04349422e+00,   4.34402265e-02,
         -3.45308512e-01,   9.85183045e-02,   6.50009438e-02,
         -1.15200523e-02,  -4.33572769e-01,  -8.04543570e-02,
         -5.14686394e+01,  -9.05351788e-02,  -1.46810133e-02,
         -1.20363559e-03,  -2.27487627e-02,  -5.20219803e-02,
          4.25225973e-01,   7.70388842e-02,   4.83757481e-02,
          8.98445696e-02,   5.82880341e-02,   7.12420419e-02,
          3.43677029e-02,   4.09310162e-02,  -3.08070872e-02,
          1.35479886e-02,  -2.48126984e-02,   2.66527273e-02,
          2.45814361e-02,  -1.11256195e-02,   6.58371076e-02,
         -8.18067193e-02,  -1.92526169e-02],
       [ -1.18507192e-01,  -2.77567357e-01,  -3.97851318e-02,
          2.21482869e-02,  -5.83039634e-02,  -2.32285988e-02,
         -1.83873698e-01,   1.88697651e-02,  -2.61105001e-02,
          1.94607079e-02,  -5.86994253e-02,  -2.10418720e-02,
         -8.25306028e-03,  -2.18906533e-02,  -9.12523046e-02,
         -3.90026979e-02,  -7.46084086e-04,  -2.94621428e-03,
          3.42107117e-02,   6.01778850e-02,  -2.73917639e-03,
         -3.47229451e-01,  -3.06391474e-02,   1.82503890e-02,
         -5.41365929e-02,  -1.84457076e+00,   9.48142186e-02,
          1.03125203e+00,   4.16408144e-02,   5.06797507e-02,
         -6.01442810e-03,  -3.68887149e-02,   2.89577451e-02,
          2.47484213e-03,  -7.70284057e-01,  -2.79103611e-02,
          7.82730207e-02,  -5.34036160e-02,  -6.54252572e-03,
         -7.15053454e-02,  -2.73470040e-02,   6.11532032e-02,
          4.12362292e-02,   3.48426364e-02,  -4.74168845e-02,
         -8.30906257e-02,   1.68470386e-02,  -2.50714011e-02,
         -2.10896969e-01,  -2.60204941e-01]], dtype=float32), array([ 0.,  0.,  0.,  0.,  0.,  0.,  0.,  0.,  0.,  0.,  0.,  0.,  0.,
        0.,  0.,  0.,  0.,  0.,  0.,  0.,  0.,  0.,  0.,  0.,  0.,  0.,
        0.,  0.,  0.,  0.,  0.,  0.,  0.,  0.,  0.,  0.,  0.,  0.,  0.,
        0.,  0.,  0.,  0.,  0.,  0.,  0.,  0.,  0.,  0.,  0.], dtype=float32)][array([[  2.68019587e-01,   1.77539974e-01,  -6.40570402e-01,
          8.45304457e-04,  -3.73890065e-02,  -8.41701388e-01,
          5.84103316e-02,  -4.27679978e-02,  -4.95481817e-03,
         -6.18135595e+00,   1.56464651e-01,   7.47681409e-03,
         -8.05202033e-03,   3.82425755e-01,  -1.43372104e-01,
          3.14948964e-03,  -3.51724820e-03,   1.84678167e-01,
         -1.33809972e+00,   2.25947034e-02],
       [  1.44360453e-01,  -1.50159881e-01,   1.74416184e-01,
         -4.58723642e-02,   1.75571963e-02,   5.92878401e-01,
         -2.10442209e+00,  -6.13662321e-03,  -2.02091895e-02,
          2.10219502e+00,   4.05750796e-02,  -4.04881127e-02,
         -4.86278564e-01,  -4.61539328e-01,  -4.89776628e-03,
          3.69841717e-02,  -3.66726978e-04,  -2.94082444e-02,
         -1.74228442e+00,  -2.91483682e-02],
       [ -8.41329899e-03,   1.97279155e-01,  -1.70465767e-01,
          2.61640884e-02,  -1.24163441e-02,  -5.19364588e-02,
          9.08751190e-01,   5.00224307e-02,   5.65822190e-03,
         -5.96582985e+00,  -1.05431601e-01,   6.47445396e-02,
         -5.06087303e-01,  -3.86605173e-01,  -1.12419620e-01,
         -3.41547243e-02,  -1.97873432e-02,  -1.84741259e-01,
         -3.08776852e-02,   6.71208370e-03],
       [  1.56499743e-01,   1.20786607e-01,   1.89048678e-01,
          1.26217633e-01,  -8.73765871e-02,   2.56120801e-01,
          2.01194239e+00,   3.54823284e-02,   6.88239262e-02,
          3.24963999e+00,  -6.95299432e-02,   3.28240655e-02,
         -2.09462062e-01,   6.86991453e-01,   1.89323351e-01,
         -7.37063959e-02,  -4.42483015e-02,  -9.42092910e-02,
          2.38751483e+00,   8.81548822e-02],
       [ -8.99756793e-03,  -2.41087750e-01,  -5.53006589e-01,
         -1.23149581e-01,   9.25169811e-02,  -5.93466699e-01,
          4.05534238e-01,   2.46251822e-02,  -7.00244904e-02,
         -1.55661571e+00,   5.08911572e-02,   1.12224361e-02,
          3.95271242e-01,   3.25910568e-01,  -4.39300016e-02,
         -7.84718394e-02,  -3.97390500e-02,   1.22528501e-01,
          5.15753388e-01,  -4.74966355e-02],
       [  4.12130728e-02,  -1.77367348e-02,   1.28361702e+00,
          9.98258814e-02,  -4.25245613e-02,   1.58593923e-01,
          1.53578639e+00,   2.31965911e-03,  -4.44147177e-02,
          4.31803370e+00,   7.65170017e-03,   4.17985069e-03,
         -2.83634931e-01,   1.00081354e-01,  -3.35269533e-02,
          1.92189422e-02,  -6.34734659e-03,  -9.53797773e-02,
          4.18197960e-01,   9.82490256e-02],
       [  6.82526082e-02,   5.87868057e-02,   1.06943572e+00,
          1.27506092e-01,   9.78446915e-04,   6.04657173e-01,
         -9.30727959e-01,   1.33689167e-02,  -3.74620520e-02,
          1.84611583e+00,   9.29863527e-02,  -5.99480420e-03,
         -3.76906902e-01,  -5.01937687e-01,  -2.22322077e-01,
         -8.69695768e-02,   1.49581423e-02,  -8.43858048e-02,
         -3.57741624e-01,   2.41673440e-02],
       [  3.74664634e-01,   6.86871186e-02,   2.09515715e+00,
          1.05122119e-01,  -2.06560958e-02,  -7.51649499e-01,
         -1.24970579e+00,   3.94880474e-02,   4.47605178e-02,
          4.62016964e+00,   6.56219423e-02,   2.87353434e-02,
         -1.26832360e-02,  -3.66166621e-01,   1.55130297e-01,
         -3.03941108e-02,  -5.89946918e-02,  -4.26172512e-03,
         -1.37566781e+00,  -3.73736545e-02],
       [  6.11924678e-02,   2.48294458e-01,   1.08453520e-01,
         -1.51435107e-01,   6.18637577e-02,   1.31345379e+00,
          3.96942854e-01,   6.13159500e-02,   3.89957167e-02,
         -3.56866050e+00,  -9.52376202e-02,   4.21365909e-02,
          2.83860788e-02,  -4.75680143e-01,  -5.40964082e-02,
          3.90042514e-02,   5.79871014e-02,  -1.21990733e-01,
          1.53407767e-01,   1.55699151e-02],
       [  1.36245601e-02,  -5.17285645e-01,  -1.15186524e+00,
         -3.35917115e-01,   3.59270419e-03,  -7.47791886e-01,
          3.00362062e+00,  -4.72576432e-02,  -2.95542981e-02,
         -2.84210253e+00,   9.84514728e-02,  -1.85351784e-03,
         -2.80578047e-01,   6.67794228e-01,  -1.92217484e-01,
          3.49518657e-02,   7.15888366e-02,   1.06746424e-02,
          1.73707962e+00,   2.45538987e-02],
       [  4.29178178e-02,  -2.17275828e-01,  -1.91340530e+00,
         -2.40216821e-01,  -4.54369076e-02,  -7.46876970e-02,
         -6.06115282e-01,   5.07455170e-02,   6.25976408e-03,
         -9.15540695e+00,   7.38489702e-02,  -8.80240947e-02,
          1.67940021e-01,  -5.91927245e-02,   1.61990315e-01,
          9.68774781e-02,   2.22863685e-02,   2.87335273e-03,
         -1.27403200e+00,  -1.96952876e-02],
       [  2.82904301e-02,  -4.25293297e-02,  -2.54542798e-01,
          1.17224663e-01,  -1.29311800e-03,  -3.17474574e-01,
          1.56642139e+00,   5.45134731e-02,  -1.01749189e-02,
         -2.96869946e+00,   1.12070210e-01,   8.54030102e-02,
         -3.75552535e-01,  -9.97374058e-02,  -2.33628690e-01,
         -3.31597328e-02,   6.39617071e-02,   1.35881409e-01,
          3.27367038e-01,   1.12150863e-01],
       [ -4.59413156e-02,  -2.25298285e-01,  -6.89418316e-01,
          5.13714626e-02,   7.35925734e-02,   3.92376930e-02,
          7.98194885e-01,   2.53105145e-02,   1.78100716e-03,
         -3.36328554e+00,  -1.01379685e-01,  -1.84073467e-02,
          3.38450191e-03,   5.15706122e-01,   1.51951522e-01,
          7.54407942e-02,   1.13126300e-01,  -1.75111696e-01,
          7.04559743e-01,  -1.64275974e-01],
       [ -1.54385433e-01,  -1.98617131e-01,   8.65531981e-01,
         -9.61642489e-02,   8.81374627e-02,   3.95800859e-01,
         -8.44890833e-01,   1.96281709e-02,   7.72481337e-02,
          1.03267837e+00,  -2.45188549e-01,   9.59049817e-03,
          3.50158781e-01,  -6.09904885e-01,  -5.22389933e-02,
         -2.59370562e-02,  -1.96351018e-02,  -2.69723833e-01,
         -7.81308234e-01,   2.20432039e-02],
       [ -1.58752561e-01,   2.18644850e-02,  -1.99635655e-01,
         -1.66449487e-01,  -4.03303504e-02,  -3.01871657e-01,
         -1.68039489e+00,   4.42571528e-02,  -5.05018905e-02,
         -7.21727490e-01,   5.31491376e-02,   7.74203539e-02,
         -2.64708102e-01,  -2.60863066e-01,  -2.08572894e-01,
          6.03600852e-02,  -4.84915785e-02,   5.73640577e-02,
         -9.39420998e-01,   9.65980161e-03],
       [  1.50726810e-01,  -1.74401149e-01,  -1.37595892e-01,
         -1.94864035e-01,   1.44704599e-02,   5.19456156e-02,
          8.58646333e-01,   4.86937575e-02,   5.35731800e-02,
         -6.13395071e+00,   9.77785885e-02,   3.18647847e-02,
          7.82578215e-02,   1.34880155e-01,  -1.11766160e-01,
         -1.48494188e-02,  -3.16909365e-02,   2.02327520e-01,
          1.45975783e-01,  -3.81059572e-02],
       [ -1.32581377e-02,   4.65199016e-02,   9.50166523e-01,
          1.90432727e-01,   2.20949277e-02,   4.17900026e-01,
          1.37359127e-01,  -2.61947941e-02,  -2.49319011e-03,
         -3.50199413e+00,  -4.16427776e-02,   1.41783226e-02,
         -3.70002687e-02,  -2.73833454e-01,   3.39035839e-01,
          5.35076447e-02,   1.26783177e-02,  -1.30724400e-01,
          6.88743055e-01,   7.05617592e-02],
       [  5.87341897e-02,   5.39087132e-03,   1.00112271e+00,
         -4.62294444e-02,   7.67241269e-02,   1.83406651e+00,
          8.52312326e-01,  -3.87346409e-02,  -2.51754113e-02,
          4.72443390e+00,   2.28334051e-02,   4.87190597e-02,
         -1.70865342e-01,  -1.62188917e-01,   4.39944714e-02,
         -2.72827633e-02,   5.13277054e-02,  -1.58810630e-01,
          7.55580425e-01,   3.96701805e-02],
       [  1.47241682e-01,  -4.21530187e-01,   1.13647807e+00,
         -1.37452796e-01,  -2.38423180e-02,   8.99317324e-01,
         -3.63635063e-01,  -2.25896295e-02,  -3.12859342e-02,
          4.17338943e+00,   2.12879986e-01,  -1.08470932e-01,
          3.71154159e-01,  -2.98232883e-01,   7.93153122e-02,
         -1.81323872e-03,   1.80722550e-02,   1.61504284e-01,
         -7.37521768e-01,   6.48211092e-02],
       [ -1.84071466e-01,  -3.73813868e-01,  -4.55601633e-01,
          6.39259890e-02,   4.36800830e-02,   8.60812813e-02,
         -4.21167091e-02,  -8.60320125e-03,  -1.09568439e-01,
         -7.05373383e+00,  -1.24103345e-01,  -2.51909788e-03,
         -3.27280127e-02,   6.13078177e-01,  -7.68214241e-02,
          3.79040614e-02,   1.09067217e-01,  -6.19990714e-02,
         -1.55840248e-01,  -4.64729704e-02],
       [ -2.01645121e-01,   8.90549719e-02,  -3.24969554e+00,
         -1.53283045e-01,   2.20103282e-02,   3.53863329e-01,
          1.56872189e+00,   2.05094945e-02,  -2.79623736e-03,
         -1.38377247e+01,  -1.87259898e-01,   1.06300965e-01,
          4.01015490e-01,  -2.54233360e-01,  -1.31378934e-01,
          1.41408239e-02,  -2.48731617e-02,  -2.31016070e-01,
          1.12187779e+00,  -3.21604125e-02],
       [ -1.04772955e-01,  -8.87963176e-02,   1.95814931e+00,
          7.97182694e-02,  -6.56710286e-03,  -2.72598088e-01,
          9.70044792e-01,   1.54819312e-02,   1.11553989e-01,
          1.43633547e+01,  -4.89436798e-02,  -4.39633988e-02,
         -2.84186751e-01,   4.46633220e-01,  -1.24060893e-02,
          6.59466907e-02,  -4.85355519e-02,   1.81080643e-02,
          4.49143231e-01,   1.31377568e-02],
       [  2.29021788e-01,  -1.69284582e-01,   1.66592145e+00,
          7.77563825e-03,  -8.61105546e-02,  -7.98984766e-01,
         -1.27684808e+00,  -8.27129707e-02,  -6.12757169e-02,
          8.39987183e+00,   3.66012082e-02,   1.11844517e-01,
         -1.85306698e-01,  -2.33504981e-01,   3.20741802e-01,
         -5.92745617e-02,   9.17943418e-02,  -1.64948050e-02,
         -1.05878925e+00,   4.04603072e-02],
       [  2.72943284e-02,   1.07260428e-01,  -7.37423360e-01,
          6.05713539e-02,   2.04516277e-02,   1.34305179e+00,
         -6.24933541e-01,   8.85497034e-02,   1.55601231e-02,
         -2.73970461e+00,  -1.16259567e-01,   2.37701107e-02,
         -1.80732876e-01,  -1.61891237e-01,  -1.72667071e-01,
          5.55817969e-02,  -5.38912416e-02,  -6.25961348e-02,
          3.25544477e-02,   1.87051129e-02],
       [ -1.27589747e-01,   1.16750531e-01,   9.89784181e-01,
          3.62239406e-02,   2.74606887e-02,  -2.52758920e-01,
         -8.76553476e-01,   1.34036187e-02,   6.60037622e-03,
          5.92523384e+00,   6.08621910e-02,  -2.07848903e-02,
         -2.96758026e-01,   4.11150277e-01,   2.84876674e-02,
          1.04521420e-02,  -5.27890921e-02,   5.78661636e-02,
         -9.50528622e-01,   3.79074216e-02],
       [  2.59785920e-01,   2.87710428e-01,  -1.40476596e+00,
         -1.44418925e-01,  -2.67512491e-03,  -1.20785803e-01,
          5.10055125e-01,   1.25038987e-02,  -2.48200912e-02,
         -9.00369835e+00,  -2.51800835e-01,  -5.14632054e-02,
          4.40964311e-01,   6.21072769e-01,   7.12701492e-03,
          1.30748330e-02,  -1.22139454e-01,  -3.64696741e-01,
          4.72584903e-01,  -1.97634008e-02],
       [ -3.73921059e-02,   2.12759718e-01,  -4.41344112e-01,
          1.36903629e-01,   3.89907770e-02,  -8.50221738e-02,
         -1.02539623e+00,  -3.54736708e-02,   2.87640933e-03,
          4.77197790e+00,   1.69394184e-02,   3.83720174e-02,
         -3.21496487e-01,  -1.61651224e-01,  -1.42138213e-01,
          6.65472671e-02,   4.20451798e-02,   1.52244553e-01,
         -1.26856613e+00,   2.83202133e-03],
       [ -5.98028377e-02,  -1.13512188e-01,   7.74836898e-01,
         -1.08724035e-01,   3.44633125e-02,  -5.11801302e-01,
         -6.21160090e-01,  -2.11616810e-02,   1.14751257e-01,
          4.56317377e+00,  -1.19834684e-01,   3.86457704e-02,
          2.33762801e-01,  -4.86414641e-01,  -1.03409067e-01,
         -6.70493841e-02,  -6.93432838e-02,  -1.23350851e-01,
          1.50277838e-01,   1.97147485e-02],
       [  2.61700433e-02,  -2.32458949e-01,  -2.57479310e-01,
         -5.18467277e-02,   3.46485451e-02,   1.96464285e-01,
         -6.43597305e-01,  -1.12266280e-02,  -3.76941748e-02,
         -1.43683642e-01,  -1.52135640e-01,  -4.52726483e-02,
         -2.41657734e-01,   2.95019716e-01,   8.46643969e-02,
          5.85087538e-02,  -3.09152454e-02,  -2.43028700e-01,
         -1.13091373e+00,   4.20976691e-02],
       [ -1.43924430e-01,  -1.61288276e-01,  -1.55904865e+00,
         -5.42574823e-02,  -1.27688767e-02,   3.02939355e-01,
          5.26803315e-01,   2.28355899e-02,  -1.80109441e-02,
         -1.13425055e+01,   6.04199208e-02,  -2.84222048e-02,
         -5.99271774e-01,  -2.15380132e-01,  -1.35843545e-01,
         -4.01706770e-02,  -4.26971279e-02,   6.65806830e-02,
         -8.94729514e-03,   4.08847108e-02],
       [ -1.95984080e-01,  -3.02208334e-01,   2.32871723e+00,
         -1.30869761e-01,  -6.52983785e-04,  -3.64190400e-01,
         -2.82973719e+00,   6.78551793e-02,   4.92828786e-02,
          1.53518248e+01,   1.33687302e-01,   1.13447765e-02,
          2.99984097e-01,  -4.89338338e-01,  -2.09036767e-01,
         -1.62039269e-02,   3.27359885e-02,  -2.27790680e-02,
         -1.22353029e+00,  -1.12685421e-02],
       [ -7.05801025e-02,   1.60656065e-01,  -1.12338543e+00,
         -2.77267188e-01,   3.73505056e-02,  -6.29617155e-01,
          3.45032364e-01,   6.09599017e-02,   1.25665041e-02,
         -1.69390571e+00,   4.23774160e-02,   2.18780562e-02,
         -6.33105576e-01,   1.74313515e-01,   6.13463446e-02,
          7.38595948e-02,  -1.56741198e-02,   1.23395965e-01,
          6.55074418e-01,  -6.20452780e-03],
       [  5.83412647e-02,   1.26648426e-01,   3.01490545e-01,
         -1.92399174e-01,  -3.54596712e-02,   1.43896163e+00,
         -1.18154514e+00,   2.31425595e-02,  -8.39860272e-03,
          4.88511372e+00,  -1.87040687e-01,  -8.35485104e-03,
          1.26828149e-01,  -5.66768587e-01,   1.24293953e-01,
          1.44781306e-01,  -8.97571519e-02,  -2.52996892e-01,
         -1.76170003e+00,  -5.94048798e-02],
       [  1.20780962e-02,  -6.25885278e-02,  -1.60232341e+00,
          6.97418898e-02,   3.73911262e-02,  -7.14520440e-02,
          5.05182683e-01,   8.35473165e-02,   1.05816953e-01,
         -3.64770126e+00,  -6.77060559e-02,  -1.30853131e-02,
          6.88278437e-01,  -3.46661098e-02,  -1.25960901e-01,
         -1.78952906e-02,   6.79218397e-02,  -1.22006252e-01,
          1.16697848e+00,   8.60637277e-02],
       [ -1.39150888e-01,  -1.11338973e-01,   4.29451495e-01,
         -1.05194375e-02,   7.23379776e-02,  -3.79382819e-01,
         -2.57762253e-01,   2.39765309e-02,   1.01160472e-02,
          2.02618885e+00,  -2.80462265e-01,   3.94041277e-02,
          3.85667264e-01,  -9.10872221e-02,  -3.20167877e-02,
         -1.61745269e-02,  -2.32451465e-02,  -1.60456538e-01,
         -4.01089102e-01,   3.93206365e-02],
       [  1.58898663e-02,  -1.85884565e-01,  -1.54434872e+00,
         -1.79128021e-01,  -1.07268719e-02,  -1.95601121e-01,
          1.33561897e+00,   4.26941477e-02,  -7.62254819e-02,
         -4.02698183e+00,   3.27214114e-02,   3.73132969e-03,
          4.71538275e-01,   9.85935777e-02,  -1.04269482e-01,
         -3.31710950e-02,   5.49950078e-02,   8.27622972e-03,
         -3.32646668e-01,  -8.76617990e-03],
       [  5.87405171e-03,  -2.50992447e-01,  -1.36381674e+00,
          3.17463279e-01,  -1.73643027e-02,   4.51698638e-02,
         -4.79810148e-01,  -6.19484968e-02,   2.60941889e-02,
         -6.77310181e+00,  -6.83627650e-02,  -4.70789634e-02,
          4.99371648e-01,  -4.80170161e-01,  -1.21450566e-01,
          7.32787838e-03,   2.89640645e-03,   2.44618542e-02,
         -3.42447847e-01,   9.85269900e-03],
       [ -1.59579962e-01,  -2.87657559e-01,   1.04164827e+00,
          2.03192681e-01,   3.15807052e-02,   7.17098534e-01,
         -1.08419383e+00,  -6.48662895e-02,  -6.10217415e-02,
          7.25405645e+00,   1.52422994e-01,  -1.29488064e-02,
         -1.96656272e-01,  -3.03189456e-01,   2.14236885e-01,
         -4.62909751e-02,   1.63098481e-02,   1.25673205e-01,
         -5.34732342e-01,   8.60000681e-03],
       [  8.83364379e-02,  -1.24440111e-01,  -1.96108520e+00,
          3.09855156e-02,   9.76987835e-03,  -1.21632934e+00,
         -6.59192741e-01,   3.87995911e-04,  -9.37699676e-02,
         -5.43070412e+00,   3.63143504e-01,  -3.33721749e-02,
          1.75573141e-03,   3.98874104e-01,  -4.05506417e-03,
          1.77725833e-02,   4.66452762e-02,   3.82458001e-01,
         -5.81481457e-01,   6.04930110e-02],
       [  1.93364993e-01,   8.19359422e-02,  -2.21410608e+00,
         -1.44642100e-01,  -6.96839159e-03,   9.74112749e-03,
          1.98147699e-01,   2.96757910e-02,  -5.05000763e-02,
         -1.17288618e+01,  -2.31843039e-01,   3.56474034e-02,
         -4.94521484e-02,   1.02986991e+00,  -1.31110787e-01,
         -7.96313211e-03,  -4.93485034e-02,  -1.70916796e-01,
         -9.02699828e-01,   8.98190066e-02],
       [ -8.42184350e-02,   2.52404869e-01,   3.05736947e+00,
         -4.30541597e-02,  -2.58401521e-02,  -5.51853836e-01,
         -1.32461119e+00,  -8.20361599e-02,   4.26845066e-02,
          1.75638695e+01,  -1.73812360e-01,   1.74569711e-02,
         -3.96905929e-01,   5.45174062e-01,  -1.45839095e-01,
          1.25189021e-01,  -2.22414266e-02,  -7.65431374e-02,
         -1.24134552e+00,   2.57308246e-03],
       [ -2.05422640e-02,   1.62872523e-01,   1.31480086e+00,
         -4.36143637e-01,  -6.29711822e-02,  -2.88817763e-01,
          1.80271947e+00,   3.24995220e-02,  -2.04388555e-02,
          5.10697031e+00,  -1.79194748e-01,  -3.52289192e-02,
         -2.51120090e-01,   9.15021896e-01,   5.16280755e-02,
          4.03302573e-02,   2.11692154e-02,   5.36006037e-03,
          9.72196460e-01,   5.93290888e-02],
       [  4.64311317e-02,   2.20855221e-01,  -1.91724464e-01,
          1.62700087e-01,   1.01049328e-02,  -9.95855749e-01,
          4.88163352e-01,  -2.06343960e-02,   2.55168080e-02,
         -3.39518237e+00,   9.80755128e-03,   1.14922347e-02,
         -1.52032147e-03,   1.86143607e-01,  -1.42176062e-01,
          3.42406752e-03,  -6.68411776e-02,  -1.13693058e-01,
          1.89863026e-01,   1.36219263e-02],
       [  1.14048168e-01,   1.84920445e-01,   2.17975473e+00,
         -2.79651552e-01,  -7.05118626e-02,   7.67288625e-01,
          1.83600485e-01,  -2.20153220e-02,  -9.69153345e-02,
          1.06041746e+01,   4.75074172e-01,  -3.90996737e-03,
         -6.52284697e-02,   3.12359959e-01,  -1.46119669e-02,
         -2.07578507e-03,   1.33733153e-02,   5.43803334e-01,
          5.69434106e-01,   6.49453700e-02],
       [  9.78801996e-02,  -1.11064047e-01,  -4.75918978e-01,
          3.48170586e-02,  -9.64942761e-03,   3.15324873e-01,
         -1.67302573e+00,   1.25702918e-02,  -2.07533408e-02,
         -7.50504851e-01,  -5.33646829e-02,  -2.91322675e-02,
          6.07106090e-01,  -4.61614102e-01,  -8.64188187e-03,
          2.64084269e-03,  -2.07568966e-02,  -1.66117847e-01,
         -2.25822330e+00,   7.30942711e-02],
       [  9.44798663e-02,   1.48517966e-01,   8.40398073e-01,
          1.03797019e-01,  -3.93513106e-02,   6.00510091e-02,
         -7.18434379e-02,   6.41625896e-02,  -1.52269527e-02,
          3.92316818e+00,  -1.91156790e-01,   2.16531809e-02,
         -2.61037946e-01,   3.17787588e-01,  -2.07756087e-02,
         -1.16177602e-02,   7.88433477e-02,  -1.20076291e-01,
         -2.69001365e-01,  -3.73540260e-02],
       [ -1.34259716e-01,   8.91115516e-02,   1.07911682e+00,
         -3.14427614e-02,  -4.12596688e-02,  -7.03984976e-01,
         -1.02430320e+00,   2.61135604e-02,  -8.87451395e-02,
          4.75942373e+00,   7.56431818e-02,   5.17679714e-02,
          4.28283274e-01,  -6.58224940e-01,  -3.44385386e-01,
          2.70319674e-02,   3.96208204e-02,  -2.91666458e-03,
         -2.09281707e+00,   6.97334483e-03],
       [ -9.32345539e-02,   2.72027522e-01,   7.62482643e-01,
         -9.87441093e-03,  -2.78486945e-02,  -3.19649845e-01,
         -1.01766896e+00,  -5.34458570e-02,   1.95756406e-02,
          2.62446791e-01,  -4.42984886e-02,  -3.70901339e-02,
         -1.00844959e-02,  -3.90238792e-01,  -4.03203070e-02,
          7.09496960e-02,   5.63941300e-02,  -4.99585159e-02,
         -3.86325836e-01,  -1.38342306e-02],
       [ -3.66648793e-01,   1.22810081e-01,  -1.70757696e-02,
         -1.87851086e-01,   5.00110202e-02,  -1.48110461e+00,
          6.99265450e-02,   1.24366038e-01,  -1.40758991e-01,
          5.33084154e-01,   1.02474764e-01,   4.22119386e-02,
         -2.69962810e-02,   3.82072747e-01,   4.95333318e-03,
         -3.60763329e-03,  -5.86147867e-02,   1.30754516e-01,
          1.35381997e-01,   1.27133057e-01],
       [ -4.81713973e-02,   2.25210547e-01,   6.84514880e-01,
         -1.70682400e-01,  -4.88152765e-02,   2.82837031e-03,
          9.34997797e-02,  -5.12904301e-03,  -2.28789002e-02,
         -3.63283336e-01,   3.35722207e-03,  -2.43253242e-02,
         -5.58740124e-02,   4.69137430e-01,  -1.48559630e-01,
         -5.36997318e-02,  -8.98241904e-03,   8.43966529e-02,
         -9.99791265e-01,   3.91888805e-02]], dtype=float32), array([ 0.,  0.,  0.,  0.,  0.,  0.,  0.,  0.,  0.,  0.,  0.,  0.,  0.,
        0.,  0.,  0.,  0.,  0.,  0.,  0.], dtype=float32)][array([[ 1.66194713],
       [-0.59273309],
       [ 2.21488285],
       [ 0.79114282],
       [-2.86019063],
       [ 3.98294067],
       [-0.3005636 ],
       [-1.83767366],
       [ 1.29213858],
       [ 0.90505791],
       [-2.1857338 ],
       [-0.05239436],
       [-1.0105114 ],
       [-0.79105324],
       [ 2.06939054],
       [-1.30937576],
       [-0.19544655],
       [ 2.93432498],
       [-2.35106444],
       [-2.19891   ]], dtype=float32), array([ 0.], dtype=float32)]