[array([[  1.54303604e+02,   5.47556610e+01,   1.06803555e+04,
          9.05152485e-02,  -3.03520411e-02,   8.87555771e+01,
         -8.31468984e+04,  -4.41418219e+05,  -3.84522267e-02,
          1.76910453e+05,   6.22222217e+03,  -6.75106335e+00,
         -2.52613697e+01,   5.92994576e+01,  -6.11081719e-01,
         -3.04497285e+04,  -6.42001772e+00,  -5.21563148e+01,
         -2.82608581e+00,  -9.79169336e+03,   2.31625049e+03,
         -9.22964648e+03,   2.50994727e+03,  -3.84212183e+03,
         -1.00182223e+00,   4.66586292e-01,   2.23867168e+01,
          2.35333936e+03,   1.25178261e+01,   1.23542852e+05,
         -2.08934479e+02,  -2.71281719e+01,  -1.31079676e-02,
         -1.49655128e+00,   8.06149951e+03,   1.57833090e+01,
          9.14614160e+03,   4.88167465e-01,   5.13241477e-02,
         -8.04491959e+01,   8.69959500e-03,  -3.69564295e+00,
         -2.58291809e+02,  -1.22273865e+02,   1.98028221e+01,
         -2.18038525e+03,   6.53006885e+03,  -6.33809395e+01,
          5.09696436e+03,  -2.29356689e+01],
       [ -1.67073154e+01,   4.40487762e+02,   8.64389160e+03,
         -6.41066357e-02,   7.78864548e-02,   2.25415573e+02,
          8.76380176e+03,  -3.70002188e+05,  -8.30393191e-03,
          1.48295156e+05,   1.49318477e+04,   3.73306727e+00,
         -5.36021004e+01,   4.68983507e+00,   5.67564869e+00,
         -2.52347422e+04,   4.29967499e+00,  -1.99101929e+02,
         -9.21007080e+01,   1.03367969e+03,   4.39160059e+03,
          1.66450464e+03,   1.08367027e+02,  -9.21487695e+03,
          2.46405268e+00,   2.55404449e+00,   8.85108643e+01,
         -4.25807312e+02,   2.85934353e+00,  -1.24663789e+04,
          5.58634224e+01,  -5.80320091e+01,   4.37997319e-02,
          1.04973340e+00,   1.47364961e+04,   3.61038685e+00,
          1.54809216e+03,  -1.40945271e-01,  -3.96042876e-03,
          3.66506844e+01,  -5.80267608e-02,   2.74585962e+00,
         -3.40296875e+02,  -1.45689945e+01,   4.19218979e+01,
         -1.74486649e+02,   1.59505674e+04,  -3.75257446e+02,
         -1.96953537e+02,  -2.22091064e+01],
       [ -1.08924408e+02,  -1.44993729e+02,   1.18293682e+04,
         -4.17923108e-02,  -6.85174717e-03,  -2.65870392e+02,
         -3.84916680e+04,  -4.35557625e+05,  -1.04397736e-01,
          1.74568531e+05,  -1.69288535e+04,   5.90853930e+00,
          5.60801735e+01,   6.90508747e+00,   1.27953682e+01,
         -4.48169258e+04,   3.59429817e+01,   2.78137970e+02,
          2.36480732e+01,  -4.02056592e+03,  -3.55493042e+03,
         -1.10494507e+03,   1.11342224e+03,   1.05250078e+04,
         -2.18431306e+00,  -7.68790364e-01,  -1.22398827e+02,
          9.29765564e+02,  -7.10116806e+01,   4.65828438e+04,
          7.39754944e+01,   2.53067436e+01,  -2.47782040e-02,
          9.76618767e+00,  -1.10023428e+04,  -2.87274036e+01,
          7.63152393e+03,  -8.25410113e-02,   1.84424769e-03,
         -4.73671494e+01,  -6.64727315e-02,   2.42135658e+01,
         -1.01909717e+03,   3.52955078e+02,  -1.84197388e+01,
          7.41299515e+01,  -1.98483379e+04,  -7.12097290e+02,
          9.18218262e+03,  -1.66124939e+02],
       [  2.21013489e+01,   5.63248596e+02,  -1.52153271e+04,
         -1.25820255e-02,  -1.70999728e-02,  -3.67808807e+02,
         -1.43820615e+04,   7.34916188e+05,  -2.42182538e-02,
         -2.94549219e+05,  -2.47344844e+04,  -5.85307388e+01,
          6.79590836e+01,  -7.05518112e+01,  -6.71253681e+00,
          3.84918398e+04,   1.61986313e+01,   4.14394745e+02,
         -1.40088867e+02,  -1.76614233e+03,  -7.55430322e+03,
         -2.81009302e+03,  -3.45478125e+03,   1.52984385e+04,
          1.31704032e-01,   6.56124735e+00,  -1.85525085e+02,
          6.81463684e+02,   1.52340984e+01,   2.31571816e+04,
         -1.36033649e+01,  -9.35050812e+01,  -1.73191223e-02,
          4.43499041e+00,  -2.65943770e+04,  -3.88758755e+00,
         -5.35925684e+03,   2.55456507e-01,   2.16164645e-02,
         -1.98126259e+01,  -1.10924831e-02,   1.10331068e+01,
          3.70324829e+02,   1.12625480e+00,   6.79216690e+01,
          2.83853687e+03,  -2.67139766e+04,   4.39676636e+02,
         -3.72176331e+02,  -7.72977600e+01],
       [ -5.63678360e+01,  -6.38577538e+01,   3.92823364e+03,
         -2.25473903e-02,  -4.62306105e-02,   1.27775627e+02,
          5.66356914e+04,  -1.18466078e+05,  -9.69638750e-02,
          4.74809766e+04,   8.45433887e+03,   1.95865765e+01,
         -1.84941158e+01,  -1.08032532e+02,   2.95493984e+00,
         -1.96920918e+04,   2.65873260e+01,  -1.40741302e+02,
          2.64047585e+01,   6.17408594e+03,   2.58305176e+03,
          9.15058887e+03,  -4.41968945e+03,  -5.15207422e+03,
         -1.03370801e-01,  -1.32508624e+00,   6.32452087e+01,
         -1.79625464e+03,   5.88459206e+01,  -7.51314609e+04,
          1.40682571e+02,  -1.92881775e+01,   3.04137375e-02,
          7.17014694e+00,   8.99644824e+03,   2.30493889e+01,
         -1.76138135e+03,   1.91928279e-02,   2.71238456e-03,
          5.94213791e+01,  -4.12399694e-02,   1.73560219e+01,
         -1.57655017e+03,  -1.60114410e+02,   1.41376982e+01,
          2.53195996e+03,   7.33748291e+03,  -1.96430832e+02,
          1.36973633e+03,  -1.25461037e+02],
       [  9.05057678e+01,   3.80088989e+02,  -6.59719727e+03,
          5.80785237e-02,  -5.37144626e-03,  -2.18256302e+02,
         -9.85972656e+04,   2.51375438e+05,  -4.98578586e-02,
         -1.00744594e+05,  -1.46455000e+04,   2.26831493e+01,
          4.82997284e+01,   1.58199509e+02,   6.69443941e+00,
          1.89712363e+04,  -6.77311945e+00,   2.12321808e+02,
         -8.21924591e+01,  -1.10859404e+04,  -5.06225879e+03,
         -1.33713867e+04,   6.15804004e+03,   8.97491797e+03,
         -1.08410013e+00,   4.64462996e+00,  -9.30507278e+01,
          2.58305151e+03,  -4.67779083e+01,   1.37992266e+05,
         -2.77476746e+02,  -4.55016174e+01,  -7.74020911e-04,
         -2.05550170e+00,  -1.71021504e+04,  -1.36009490e+00,
          5.31068213e+03,   9.31779921e-01,  -4.37843576e-02,
         -1.39885834e+02,  -4.40883338e-02,  -5.14054203e+00,
          1.84971448e+03,   7.03140640e+01,   3.28342972e+01,
         -4.22069092e+03,  -1.37907744e+04,  -3.59012421e+02,
         -1.78356677e+03,   3.54041061e+01],
       [ -2.06006744e+02,   1.06741260e+03,  -6.71529150e+03,
          7.65076503e-02,  -7.35771954e-02,  -1.80790787e+02,
          4.01922188e+04,   2.85654625e+05,   1.10557847e-01,
         -1.14488305e+05,  -1.15784346e+04,   3.24693918e+00,
          3.76511612e+01,   6.11291656e+01,   2.92897701e+00,
          2.30916191e+04,   2.93564892e+00,   1.22467354e+02,
         -2.26555618e+02,   4.04542212e+03,  -3.04205225e+03,
          3.32097217e+03,   1.98891760e+03,   7.14958643e+03,
         -2.67200500e-01,   9.18409824e+00,  -5.48598328e+01,
         -1.00741919e+03,   7.79026489e+01,  -4.82555117e+04,
          9.26255035e+01,  -2.05114136e+02,   3.10568064e-02,
          6.85388148e-01,  -1.00378066e+04,   2.82802124e+01,
          2.94180371e+03,   1.65252316e+00,  -3.48144434e-02,
         -1.29927948e+02,  -2.95401048e-02,   1.72646546e+00,
          4.66825012e+02,  -4.58243988e+02,   1.48151840e+02,
         -2.68571436e+03,  -1.21369160e+04,  -2.03940186e+02,
         -3.51203760e+03,   5.50879669e+01],
       [ -7.32065678e+00,  -2.94153198e+02,  -1.30202139e+04,
          1.25532150e-01,  -8.02442282e-02,  -2.09572372e+02,
          5.40913516e+04,   5.21925781e+05,  -8.99535120e-02,
         -2.09184844e+05,  -1.40770146e+04,   5.24029207e+00,
          4.19491386e+01,   7.76362915e+01,  -5.29247427e+00,
          4.26713320e+04,  -1.98132935e+01,   1.91563660e+02,
          6.29851875e+01,   5.94933057e+03,  -4.12225439e+03,
          5.01661768e+03,   2.45053027e+03,   8.64086133e+03,
         -9.22038615e-01,  -3.10333464e-02,  -8.65152283e+01,
         -1.43288501e+03,   4.58453064e+01,  -7.33250625e+04,
         -2.62614746e+01,   5.27228546e+01,  -1.63853969e-02,
         -5.07963276e+00,  -1.44335293e+04,   1.49414864e+01,
         -4.97692236e+03,   1.70696959e-01,  -8.73294752e-03,
         -4.34042397e+01,  -2.54864674e-02,  -1.27149115e+01,
          1.42368262e+03,  -2.87840546e+02,  -3.82555885e+01,
         -2.57937109e+03,  -1.37145889e+04,   3.56139069e+02,
         -4.75885889e+03,   9.64960632e+01]], dtype=float32), array([ 0.,  0.,  0.,  0.,  0.,  0.,  0.,  0.,  0.,  0.,  0.,  0.,  0.,
        0.,  0.,  0.,  0.,  0.,  0.,  0.,  0.,  0.,  0.,  0.,  0.,  0.,
        0.,  0.,  0.,  0.,  0.,  0.,  0.,  0.,  0.,  0.,  0.,  0.,  0.,
        0.,  0.,  0.,  0.,  0.,  0.,  0.,  0.,  0.,  0.,  0.], dtype=float32)][array([[ -3.30298825e+06,   5.49965373e+10,   8.84624851e+12,
          1.52854220e+07,  -5.33746516e+11,   9.46848064e+08,
         -1.57468328e+05,  -3.48179968e+08,   3.10949414e+04,
         -1.13498275e+13,  -1.52876616e+10,   1.11300829e+11,
          7.92020880e+07,   8.62614016e+08,  -4.13774844e+05,
         -7.44313536e+08,  -1.16145777e+10,  -4.43254931e+11,
         -2.42200864e+08,   1.26875331e+10],
       [  2.78150650e+06,  -4.36475945e+10,  -1.26327393e+13,
         -2.30672700e+07,   7.62351976e+11,  -1.44071488e+09,
          3.00651344e+05,   6.16245312e+08,  -5.47108281e+04,
          1.62090493e+13,   2.56173957e+10,  -1.58425694e+11,
         -1.32819016e+08,  -1.42440320e+09,   4.49407531e+05,
          9.30231680e+08,   9.29198182e+09,   6.33409307e+11,
          3.92783200e+08,  -1.63380357e+10],
       [  2.32303188e+05,  -1.56428518e+09,  -2.84950318e+12,
         -7.30102850e+06,   1.72013781e+11,  -4.53414176e+08,
          7.68671562e+04,   1.64560656e+08,  -1.48345400e+04,
          3.65820903e+12,   9.90161306e+09,  -3.56281917e+10,
         -6.51039520e+07,  -5.43067072e+08,   3.63476688e+05,
          1.44245504e+08,   3.73970752e+08,   1.43339454e+11,
          1.01735936e+08,  -2.95908096e+09],
       [  4.50920100e+06,  -8.35116401e+10,  -1.19442736e+13,
         -1.96955020e+07,   7.20615899e+11,  -1.22293581e+09,
          1.95688094e+05,   4.40014144e+08,  -3.92652930e+04,
          1.53228421e+13,   1.69279939e+10,  -1.50406365e+11,
         -7.40309920e+07,  -9.62190720e+08,   3.39317000e+05,
          1.05923642e+09,   1.76167916e+10,   5.98067905e+11,
          3.28348032e+08,  -1.77673564e+10],
       [ -2.50946359e+05,   1.80544573e+10,   5.50751856e+12,
          1.08459210e+07,  -3.32342428e+11,   6.85492800e+08,
         -1.29776633e+05,  -2.69594880e+08,   2.41432871e+04,
         -7.06498632e+12,  -7.98184602e+09,   6.90521866e+10,
          2.13142780e+07,   4.40193248e+08,   7.76989609e+04,
         -3.88284608e+08,  -3.85915597e+09,  -2.75791053e+11,
         -2.09556688e+08,   6.80759347e+09],
       [ -1.59581750e+06,   2.39750062e+10,   1.03678571e+13,
          2.23027600e+07,  -6.25754964e+11,   1.38858624e+09,
         -2.59016062e+05,  -5.40668736e+08,   4.84994727e+04,
         -1.33062092e+13,  -2.75768074e+10,   1.29874878e+11,
          1.65054016e+08,   1.52104397e+09,  -7.95960500e+05,
         -6.54759104e+08,  -5.16453427e+09,  -5.20585773e+11,
         -3.42509920e+08,   1.21890089e+10],
       [ -1.28425750e+06,   6.04293376e+09,  -1.16054478e+12,
          9.95068875e+05,   6.99985265e+10,   3.75025600e+07,
          6.55730703e+04,   9.41975360e+07,  -7.79611523e+03,
          1.48320970e+12,  -8.12372685e+09,  -1.43662920e+10,
          9.77483120e+07,   4.51076224e+08,  -1.01543894e+06,
          1.10298424e+08,  -1.25668224e+09,   5.70114580e+10,
          8.68244640e+07,  -1.36129280e+09],
       [  7.74059150e+06,  -1.71685347e+11,  -1.74050310e+13,
         -2.31918120e+07,   1.04979628e+12,  -1.45434982e+09,
          2.04609906e+05,   4.73945696e+08,  -4.27202109e+04,
          2.23188059e+13,   5.07455642e+09,  -2.19867136e+11,
          6.60650000e+07,  -3.42008064e+08,  -6.86630188e+05,
          1.80395315e+09,   3.61176433e+10,   8.69289886e+11,
          4.79293440e+08,  -2.88276541e+10],
       [ -7.37522438e+05,   2.64949862e+10,   3.68771701e+12,
          5.16322400e+06,  -2.22456988e+11,   3.30471392e+08,
         -6.44630391e+04,  -1.33118368e+08,   1.19014951e+04,
         -4.72832279e+12,  -6.00732416e+08,   4.64371671e+10,
         -2.45399840e+07,   4.00174280e+07,   3.19181062e+05,
         -3.41041504e+08,  -5.58860902e+09,  -1.84129208e+11,
         -1.25547328e+08,   5.49358490e+09],
       [ -6.35727773e+04,  -7.26026342e+09,   8.16990860e+12,
          2.00415380e+07,  -4.93177471e+11,   1.25600627e+09,
         -2.50073359e+05,  -5.15353248e+08,   4.58769805e+04,
         -1.04856793e+13,  -2.33331282e+10,   1.01948613e+11,
          1.29296008e+08,   1.27782221e+09,  -5.16411094e+05,
         -4.13954368e+08,   1.38402944e+09,  -4.10405306e+11,
         -3.29360224e+08,   8.28133632e+09],
       [  3.86489000e+06,  -8.15177892e+10,  -3.58642667e+12,
          2.90695925e+06,   2.16078139e+11,   1.77658416e+08,
         -2.67634727e+04,  -5.01919120e+07,   4.91854395e+03,
          4.59212797e+12,  -1.36389949e+10,  -4.59394417e+10,
          1.29739400e+08,   7.13678144e+08,  -8.94346312e+05,
          6.62544704e+08,   1.70560082e+10,   1.77467916e+11,
          2.56413900e+07,  -9.36597402e+09],
       [  4.63784188e+05,  -6.05398426e+09,   1.95447828e+10,
         -1.04486494e+06,  -1.17737485e+09,  -5.78702920e+07,
         -2.00658574e+04,  -2.48779440e+07,   1.85492700e+03,
         -2.33362432e+10,   2.94656384e+09,   1.36844480e+08,
         -3.21775420e+07,  -1.63705280e+08,   3.30418438e+05,
         -1.37332550e+07,   1.27004198e+09,  -6.43809536e+08,
         -1.56844290e+07,   5.51202560e+07],
       [ -4.30953100e+06,   6.61747016e+10,   1.06735233e+13,
          1.90512220e+07,  -6.44029022e+11,   1.17473574e+09,
         -1.89148969e+05,  -4.20618240e+08,   3.77013477e+04,
         -1.36961285e+13,  -2.20853780e+10,   1.34299468e+11,
          1.32431936e+08,   1.24114342e+09,  -7.80977438e+05,
         -8.86308224e+08,  -1.39746949e+10,  -5.35222223e+11,
         -2.76524000e+08,   1.52848302e+10],
       [ -4.44678100e+06,   6.09185956e+10,   7.18750771e+12,
          1.18931320e+07,  -4.33657151e+11,   7.15708480e+08,
         -9.29689375e+04,  -2.30482416e+08,   2.05689863e+04,
         -9.22523114e+12,  -1.84246948e+10,   9.06857841e+10,
          1.38130528e+08,   1.04058944e+09,  -1.04830788e+06,
         -6.71185152e+08,  -1.28179405e+10,  -3.60814772e+11,
         -1.16384152e+08,   1.14618225e+10],
       [  2.07647962e+06,  -2.39045427e+10,  -2.65772309e+12,
         -5.07675600e+06,   1.60381190e+11,  -2.96333568e+08,
          2.74614160e+04,   7.96817280e+07,  -7.19445264e+03,
          3.41388794e+12,   1.17244457e+10,  -3.35688991e+10,
         -1.03053984e+08,  -6.55630080e+08,   8.40530812e+05,
          2.33185312e+08,   5.02511104e+09,   1.33970870e+11,
          1.17842880e+07,  -4.20975386e+09],
       [  5.56622450e+06,  -8.76123177e+10,  -8.94462067e+12,
         -9.79237100e+06,   5.39562312e+11,  -5.94735744e+08,
          1.13763258e+05,   2.50136848e+08,  -2.19385020e+04,
          1.14742809e+13,   1.09467474e+10,  -1.12993124e+11,
         -6.10521440e+07,  -6.42284736e+08,   3.48403688e+05,
          9.47670272e+08,   1.83998034e+10,   4.47673270e+11,
          1.47544544e+08,  -1.52684524e+10],
       [ -2.99380825e+06,   4.23869850e+10,   1.37194177e+12,
          1.56369862e+06,  -8.26885489e+10,   7.35991280e+07,
          5.20122305e+04,   6.19339760e+07,  -5.18024121e+03,
         -1.76261353e+12,  -5.29062554e+09,   1.77814712e+10,
          6.28443960e+07,   3.10158304e+08,  -7.44921750e+05,
         -2.24823616e+08,  -8.87186022e+09,  -6.90705777e+10,
          5.12198840e+07,   3.63918413e+09],
       [  1.95132288e+06,  -5.18180905e+10,  -6.16703564e+12,
         -8.59713200e+06,   3.72000031e+11,  -5.43706752e+08,
          9.08916797e+04,   1.98886896e+08,  -1.77664453e+04,
          7.90801049e+12,   2.03366810e+09,  -7.77690972e+10,
          2.60947140e+07,  -1.28322584e+08,  -3.38162219e+05,
          6.07696256e+08,   1.09146030e+10,   3.08037747e+11,
          1.88201344e+08,  -9.77629594e+09],
       [ -2.60458050e+06,   4.55501824e+10,   3.55883496e+12,
          4.12735750e+06,  -2.14639034e+11,   2.48220864e+08,
         -1.92136387e+04,  -6.02566040e+07,   5.56459326e+03,
         -4.56521941e+12,  -3.66832640e+09,   4.51236045e+10,
          2.16399840e+07,   2.20406512e+08,  -2.12630344e+05,
         -3.93756800e+08,  -9.56042445e+09,  -1.78040750e+11,
         -5.16908640e+07,   6.31058125e+09],
       [  5.31030400e+06,  -1.14629845e+11,  -1.40351541e+13,
         -2.01566040e+07,   8.46627406e+11,  -1.27021965e+09,
          2.12825578e+05,   4.63381472e+08,  -4.14781289e+04,
          1.79981779e+13,   6.29695539e+09,  -1.76942744e+11,
          4.49487480e+07,  -3.89864608e+08,  -6.39020438e+05,
          1.36228096e+09,   2.41511895e+10,   7.01231137e+11,
          4.26920448e+08,  -2.20258898e+10],
       [ -5.21325750e+06,   9.21323110e+10,   1.20874200e+13,
          2.06280960e+07,  -7.29251250e+11,   1.27397158e+09,
         -1.79157516e+05,  -4.17290176e+08,   3.76204023e+04,
         -1.55080070e+13,  -1.97199176e+10,   1.52336679e+11,
          1.04199240e+08,   1.11935974e+09,  -6.35800125e+05,
         -1.07488064e+09,  -1.94234081e+10,  -6.05526426e+11,
         -3.14087072e+08,   1.81442703e+10],
       [  8.32671850e+06,  -1.58868046e+11,  -1.96474307e+13,
         -3.07067500e+07,   1.18528921e+12,  -1.90381658e+09,
          2.86451500e+05,   6.50955840e+08,  -5.84870586e+04,
          2.52038265e+13,   2.51003761e+10,  -2.47726064e+11,
         -1.05654888e+08,  -1.43943680e+09,   4.95209438e+05,
          1.83212710e+09,   3.34667612e+10,   9.83466050e+11,
          5.11003360e+08,  -3.03778222e+10],
       [  3.54707250e+05,   7.23894374e+09,   7.60442962e+10,
          9.91203375e+05,  -4.54637978e+09,   6.81155280e+07,
          1.84212441e+04,   2.46737940e+07,  -1.71727307e+03,
         -9.59598346e+10,   3.14904909e+09,   1.06220646e+09,
         -3.34013600e+07,  -1.74498656e+08,   2.09486344e+05,
          2.84440906e+05,  -1.52829350e+09,  -3.44214323e+09,
         -3.34016060e+07,  -5.17160400e+07],
       [ -2.35702375e+06,   2.38737633e+10,   5.59647031e+12,
          1.09985030e+07,  -3.37749869e+11,   6.69570112e+08,
         -1.14450008e+05,  -2.59503936e+08,   2.28072793e+04,
         -7.18441126e+12,  -1.76714547e+10,   7.02638899e+10,
          1.28427032e+08,   9.83764992e+08,  -8.65239875e+05,
         -4.25295360e+08,  -5.06050099e+09,  -2.81319637e+11,
         -1.22890104e+08,   7.68264499e+09],
       [ -2.08747312e+06,   5.51355597e+10,   8.10044516e+12,
          1.36343220e+07,  -4.88691171e+11,   8.60104960e+08,
         -1.38519969e+05,  -3.00801984e+08,   2.72043770e+04,
         -1.03890362e+13,  -6.60581632e+09,   1.01975974e+11,
         -4.61502700e+06,   3.79806752e+08,   2.53077703e+05,
         -7.02807104e+08,  -1.16446996e+10,  -4.05053702e+11,
         -2.72734112e+08,   1.16760463e+10],
       [ -1.91438900e+06,   2.83958067e+10,   4.32226199e+12,
          7.08827350e+06,  -2.60795646e+11,   4.36642272e+08,
         -7.86322109e+04,  -1.67405952e+08,   1.49202490e+04,
         -5.54595307e+12,  -8.34451200e+09,   5.44017777e+10,
          4.90281680e+07,   4.71383904e+08,  -2.63793594e+05,
         -3.86750880e+08,  -5.98932122e+09,  -2.16670945e+11,
         -1.06018368e+08,   6.55272294e+09],
       [  5.54379800e+06,  -1.05991725e+11,  -1.59526620e+13,
         -2.70923060e+07,   9.62476245e+11,  -1.68668416e+09,
          2.74115781e+05,   6.05343872e+08,  -5.42451680e+04,
          2.04650599e+13,   2.30019400e+10,  -2.00803058e+11,
         -9.75691920e+07,  -1.30332173e+09,   3.79477781e+05,
          1.38248128e+09,   2.23750062e+10,   7.98818173e+11,
          4.60623456e+08,  -2.33079828e+10],
       [  6.27714600e+06,  -1.19480779e+11,  -7.41180545e+12,
         -8.15975250e+06,   4.46913184e+11,  -4.86860000e+08,
         -9.73938184e+03,   4.49600280e+07,  -4.68139062e+03,
          9.50602931e+12,   3.34619878e+09,  -9.43301427e+10,
         -1.14305250e+07,  -2.31188544e+08,   3.66355312e+05,
          9.40630016e+08,   2.50639135e+10,   3.70311922e+11,
          9.78815600e+07,  -1.47812260e+10],
       [  1.67143844e+05,   2.83044864e+10,  -9.91557960e+10,
         -5.63575150e+06,   6.19457997e+09,  -3.26600832e+08,
          4.21637734e+04,   1.01200224e+08,  -9.06094141e+03,
          1.36850473e+11,   1.92905073e+10,  -8.63924608e+08,
         -1.78907376e+08,  -1.05315923e+09,   1.37681425e+06,
         -1.64385072e+08,  -5.90810266e+09,   7.12001485e+09,
         -2.45523180e+07,   1.50289382e+09],
       [  9.29690062e+05,  -4.36117606e+09,   9.50982410e+11,
          2.22144750e+06,  -5.73791642e+10,   1.51852240e+08,
         -3.78329609e+04,  -7.22707040e+07,   6.37261475e+03,
         -1.21764341e+12,   2.56594560e+09,   1.17990339e+10,
         -4.30537480e+07,  -1.45656768e+08,   4.32633125e+05,
         -5.04800120e+07,   8.88434816e+08,  -4.71777280e+10,
         -8.31066480e+07,   8.24377024e+08],
       [ -4.69336650e+06,   9.17344256e+10,   1.16061530e+13,
          1.63153610e+07,  -7.00168339e+11,   1.01826502e+09,
         -1.84667594e+05,  -3.93380416e+08,   3.51644805e+04,
         -1.48865842e+13,  -1.16057907e+10,   1.46293146e+11,
          3.05169980e+07,   6.73241280e+08,   6.05700234e+04,
         -1.10124710e+09,  -1.93185403e+10,  -5.80591223e+11,
         -3.05993984e+08,   1.80210545e+10],
       [ -5.84786650e+06,   8.18255544e+10,   1.35572184e+13,
          2.24205860e+07,  -8.18023694e+11,   1.37945677e+09,
         -2.49952891e+05,  -5.47671680e+08,   4.83563711e+04,
         -1.73961065e+13,  -2.74171167e+10,   1.70532520e+11,
          1.65863120e+08,   1.54519706e+09,  -9.43632938e+05,
         -1.16923110e+09,  -1.72701983e+10,  -6.79752368e+11,
         -3.27042848e+08,   1.99449293e+10],
       [  2.03582062e+06,  -4.70819922e+10,  -4.58917990e+12,
         -4.02491700e+06,   2.76774781e+11,  -2.57228096e+08,
          5.96546172e+04,   1.21535536e+08,  -1.06382295e+04,
          5.88310014e+12,  -1.85371328e+09,  -5.79845284e+10,
          4.56637360e+07,   8.37422880e+07,  -4.54825875e+05,
          5.17334432e+08,   9.89086310e+09,   2.28845699e+11,
          1.17039480e+08,  -8.00215194e+09],
       [ -3.13686625e+06,   4.30868521e+10,   5.63979852e+12,
          8.45786500e+06,  -3.40228637e+11,   5.22833632e+08,
         -8.67061250e+04,  -2.00093952e+08,   1.74786602e+04,
         -7.23437801e+12,  -6.42434509e+09,   7.10555320e+10,
          2.24522500e+07,   3.76530304e+08,  -1.03618852e+05,
         -5.55007552e+08,  -9.07794227e+09,  -2.82216104e+11,
         -1.44534272e+08,   9.11217971e+09],
       [ -8.37938250e+05,   4.43752776e+10,  -3.98814675e+11,
         -2.80484075e+06,   2.42673910e+10,  -1.72900496e+08,
          9.80895547e+04,   1.78990192e+08,  -1.49750830e+04,
          5.16161798e+11,   1.09592678e+10,  -4.32583731e+09,
         -8.68305520e+07,  -5.92428672e+08,   4.07452406e+05,
         -1.32153600e+08,  -9.27849677e+09,   2.11396219e+10,
          2.66129900e+07,   1.44029261e+09],
       [  2.87738550e+06,  -5.64125082e+10,  -4.02650196e+12,
         -9.15630000e+05,   2.42759467e+11,  -6.12106920e+07,
          2.94977578e+04,   5.89575400e+07,  -4.81342188e+03,
          5.15973736e+12,  -6.12925850e+09,  -5.10806794e+10,
          7.43285680e+07,   3.10896800e+08,  -5.99906500e+05,
          5.54212800e+08,   1.18233969e+10,   2.00279441e+11,
          7.27181520e+07,  -8.22274304e+09],
       [  5.10969650e+06,  -7.07152937e+10,  -9.66137689e+12,
         -1.48955810e+07,   5.82918472e+11,  -9.10102400e+08,
          1.56978828e+05,   3.48310880e+08,  -3.08790938e+04,
          1.23972123e+13,   1.92565084e+10,  -1.21713934e+11,
         -1.23345960e+08,  -1.09250842e+09,   7.70817938e+05,
          8.82993408e+08,   1.48936755e+10,   4.84384244e+11,
          2.01995696e+08,  -1.48824453e+10],
       [ -3.46443675e+06,   7.02897684e+10,   1.34632094e+13,
          2.21140160e+07,  -8.12352209e+11,   1.38365235e+09,
         -2.77561219e+05,  -5.75538304e+08,   5.12228398e+04,
         -1.72715818e+13,  -2.06214185e+10,   1.69183101e+11,
          8.75982640e+07,   1.15720346e+09,  -1.62983375e+05,
         -1.09624691e+09,  -1.48670812e+10,  -6.74297086e+11,
         -3.98816224e+08,   1.86159411e+10],
       [  1.25941766e+05,  -1.46471700e+10,   5.22747327e+12,
          1.44261330e+07,  -3.15620917e+11,   8.96479360e+08,
         -1.70847562e+05,  -3.62068800e+08,   3.21438984e+04,
         -6.71216828e+12,  -2.07828009e+10,   6.50993705e+10,
          1.37690672e+08,   1.13527411e+09,  -7.57676688e+05,
         -1.98207648e+08,   2.97487309e+09,  -2.63255065e+11,
         -2.01007568e+08,   4.58307738e+09],
       [ -3.82864812e+05,   1.86869535e+10,   6.61519598e+12,
          1.33970420e+07,  -3.99186788e+11,   8.48077056e+08,
         -1.58476656e+05,  -3.34491136e+08,   2.98297617e+04,
         -8.48568988e+12,  -9.26464307e+09,   8.28918743e+10,
          2.02214000e+07,   5.11915424e+08,   1.38168562e+05,
         -4.58969632e+08,  -4.01152794e+09,  -3.31222385e+11,
         -2.62772288e+08,   8.07725414e+09],
       [  2.75051350e+06,  -4.73203180e+10,  -1.19603095e+13,
         -2.19698340e+07,   7.21768350e+11,  -1.36842317e+09,
          2.71952062e+05,   5.60834560e+08,  -5.00869375e+04,
          1.53470559e+13,   2.55671235e+10,  -1.50093431e+11,
         -1.42031248e+08,  -1.42099558e+09,   5.83965750e+05,
          8.81881664e+08,   1.00507781e+10,   5.99840981e+11,
          3.57520352e+08,  -1.55326720e+10],
       [ -5.11189550e+06,   8.57315656e+10,   1.55230656e+13,
          2.64812460e+07,  -9.36650670e+11,   1.64424832e+09,
         -3.04553125e+05,  -6.48822016e+08,   5.77768828e+04,
         -1.99166022e+13,  -2.81186447e+10,   1.95146220e+11,
          1.47838592e+08,   1.57910758e+09,  -6.56083375e+05,
         -1.27572045e+09,  -1.81224755e+10,  -7.77951969e+11,
         -4.30454048e+08,   2.18356797e+10],
       [ -6.74121938e+05,   1.02942536e+08,  -4.70572335e+12,
         -8.61841700e+06,   2.84001370e+11,  -5.53321216e+08,
          1.47038734e+05,   2.85660160e+08,  -2.50461699e+04,
          6.03565484e+12,   6.01465805e+09,  -5.87566490e+10,
         -3.96779325e+06,  -3.26047136e+08,  -3.22156531e+05,
          3.00266144e+08,   4.49626240e+07,   2.35550409e+11,
          1.97910256e+08,  -5.28791398e+09],
       [  9.43993250e+05,  -2.74082867e+09,  -3.61246045e+12,
         -6.69302200e+06,   2.18038960e+11,  -4.16602144e+08,
          1.02528570e+05,   2.11527600e+08,  -1.83156328e+04,
          4.63604810e+12,   9.33767373e+09,  -4.51548611e+10,
         -5.58157840e+07,  -5.18271936e+08,   2.23007844e+05,
          2.43285168e+08,   6.16549760e+08,   1.81356397e+11,
          1.08479504e+08,  -4.40483021e+09],
       [ -1.73713762e+06,   3.58692782e+10,   3.34411674e+12,
          5.72771450e+06,  -2.01686663e+11,   3.61891104e+08,
         -3.09068867e+04,  -7.87181600e+07,   7.58418701e+03,
         -4.28747784e+12,   5.06111456e+08,   4.22897091e+10,
         -3.10502480e+07,  -1.30487400e+07,   2.39549266e+05,
         -3.36304320e+08,  -7.55559578e+09,  -1.66854820e+11,
         -1.21674912e+08,   5.40857446e+09],
       [ -3.73135525e+06,   8.05446533e+10,   9.87176737e+12,
          1.33239750e+07,  -5.95508527e+11,   8.35906176e+08,
         -1.53886922e+05,  -3.25859008e+08,   2.91312812e+04,
         -1.26605108e+13,  -6.99100877e+09,   1.24462170e+11,
         -2.35930500e+06,   4.13969728e+08,   2.65401094e+05,
         -9.52786368e+08,  -1.69588695e+10,  -4.93505741e+11,
         -2.70003520e+08,   1.54438943e+10],
       [  2.16498700e+06,  -2.45131919e+10,  -2.62541987e+12,
         -5.51694500e+06,   1.58441488e+11,  -3.23223136e+08,
          2.39125723e+04,   7.24518800e+07,  -6.87787061e+03,
          3.37297093e+12,   1.26940692e+10,  -3.31856077e+10,
         -1.12398680e+08,  -7.09120448e+08,   9.11749688e+05,
          2.05339168e+08,   5.15468032e+09,   1.32467941e+11,
          1.24366430e+07,  -3.84621875e+09],
       [  3.83010775e+06,  -5.60327844e+10,  -7.52462856e+12,
         -1.47989060e+07,   4.54034031e+11,  -9.01522688e+08,
          1.07987531e+05,   2.62939344e+08,  -2.40239102e+04,
          9.65818817e+12,   2.02058752e+10,  -9.48376289e+10,
         -1.43932160e+08,  -1.13339302e+09,   1.05406375e+06,
          6.29511744e+08,   1.18176461e+10,   3.77842434e+11,
          1.67367344e+08,  -1.10707292e+10],
       [  2.76310500e+06,  -3.06967450e+10,  -2.19510066e+12,
         -1.62828762e+06,   1.32440228e+11,  -7.72461200e+07,
          9.77165625e+03,   3.04218280e+07,  -2.62061597e+03,
          2.82012392e+12,   1.02123715e+10,  -2.78880563e+10,
         -1.02186112e+08,  -5.77819328e+08,   8.33307938e+05,
          2.53313360e+08,   6.41978829e+09,   1.10709113e+11,
         -4.84638080e+07,  -4.25062682e+09],
       [  6.27990450e+06,  -1.00676215e+11,  -1.38204141e+13,
         -2.57727320e+07,   8.33847230e+11,  -1.58644147e+09,
          2.08589188e+05,   4.93706528e+08,  -4.46706055e+04,
          1.77336704e+13,   2.69163745e+10,  -1.74116651e+11,
         -1.57914736e+08,  -1.52069069e+09,   1.07104462e+06,
          1.19989632e+09,   2.12424888e+10,   6.92833288e+11,
          3.64332544e+08,  -2.05807616e+10]], dtype=float32), array([ 0.,  0.,  0.,  0.,  0.,  0.,  0.,  0.,  0.,  0.,  0.,  0.,  0.,
        0.,  0.,  0.,  0.,  0.,  0.,  0.], dtype=float32)][array([[ -5.96755495e+37],
       [  2.87935273e+37],
       [  1.52051272e+38],
       [ -3.14389843e+38],
       [ -2.05493484e+38],
       [  9.81503323e+37],
       [  3.53316761e+37],
       [  1.06975979e+38],
       [ -6.97796527e+37],
       [ -7.38574261e+37],
       [  1.83387098e+38],
       [  2.29050063e+38],
       [  5.31827952e+37],
       [ -4.45992237e+37],
       [  8.71632293e+37],
       [ -4.31413900e+37],
       [ -2.04138173e+38],
       [  2.18139851e+38],
       [  1.05321533e+38],
       [ -1.08930040e+37]], dtype=float32), array([ 0.], dtype=float32)]