[array([[ -8.58126465e+02,  -2.42988867e+03,  -2.24546661e+02,
          9.06763574e+03,   1.35390781e+05,   7.00219721e-02,
          2.72241812e-02,   6.44745409e-01,  -2.36803627e+01,
          3.04409521e+03,  -8.91312500e+05,  -1.62721888e+06,
          1.26233508e+03,  -3.11329861e+01,   2.10781309e+04,
          1.56932816e+02,   1.80849098e-02,  -1.46782000e+06,
         -1.05540454e+00,   8.55865180e-01,  -3.33308750e+04,
         -2.90454941e+04,   2.51944375e+06,  -3.25460645e+04,
         -1.53345800e+06,  -7.30582504e+01,   3.17103250e+06,
         -4.40197266e+03,   6.29283845e-01,   5.44065674e+03,
         -2.88935815e+03,   6.96565869e+03,  -1.06339081e+02,
         -9.62834284e-02,  -1.07457066e+01,   4.56548340e+03,
          1.42109834e+04,   5.12993932e-02,  -8.43692578e+03,
         -1.14319678e+04,  -7.03975500e+05,  -1.73838045e-02,
         -2.01601721e+03,  -3.06317139e+02,  -8.17471008e+01,
          4.35278242e+04,   6.97433228e+02,   5.63915381e+03,
         -1.19629187e+03,  -1.77678337e+01],
       [ -2.49604282e+01,   1.02936914e+03,   1.76378281e+02,
         -1.64284302e+03,  -5.74804531e+04,  -7.65337795e-03,
          2.09514778e-02,  -3.91353816e-01,  -4.08819160e+01,
         -2.05038159e+03,   4.32825719e+05,   8.03302812e+05,
         -8.47036987e+02,  -1.00199562e+02,  -1.02363193e+04,
          4.43264351e+01,  -9.30352882e-02,   7.12786000e+05,
         -1.10926501e-01,  -9.06506360e-01,   7.59997009e+02,
          1.60936543e+04,  -1.22348462e+06,  -4.41353760e+03,
          7.49443938e+05,   4.15379601e+01,  -1.52070575e+06,
          1.84990601e+03,  -3.62848431e-01,  -2.36957104e+03,
          2.66817212e+03,  -1.39590293e+04,  -2.46150818e+02,
          4.19589788e-01,   1.06431704e+01,   2.16887622e+03,
          1.86319104e+03,   5.25073968e-02,   7.79070557e+03,
          3.48640503e+02,   3.41856688e+05,   7.80721335e-03,
          4.84371765e+02,   1.32763062e+02,  -1.91521362e+02,
          4.02487266e+04,   1.85960632e+02,   7.67864929e+02,
          5.95802307e+02,  -1.48525267e+01],
       [  5.45086731e+02,   1.22620691e+03,   4.07634773e+01,
         -5.11072461e+03,  -6.82276875e+04,  -2.14320626e-02,
         -5.97731061e-02,  -5.06393731e-01,  -3.85282326e+01,
         -2.10936255e+03,   4.42263156e+05,   8.08849812e+05,
         -8.78405518e+02,   2.78723267e+02,  -1.04594736e+04,
         -5.43123474e+01,   7.31087402e-02,   7.28284312e+05,
         -1.19861223e-01,  -3.36619765e-01,   1.27476660e+04,
          8.43451660e+03,  -1.25006050e+06,   1.58344365e+04,
          7.54521625e+05,   3.59513168e+01,  -1.58824025e+06,
          2.11370020e+03,  -5.61848462e-01,  -2.89754004e+03,
          1.71982642e+03,  -1.10597139e+04,   7.07708862e+02,
         -1.28836560e+00,   1.18927326e+01,  -2.15716870e+03,
         -6.96970215e+03,  -1.53158875e-02,   5.02173828e+03,
          5.60076416e+03,   3.49294594e+05,  -4.65516560e-02,
          1.98390881e+03,   1.65170166e+02,   5.53636475e+02,
         -1.71469250e+05,  -2.94257904e+02,  -2.73190918e+03,
          5.86808167e+02,   5.51153069e+01],
       [  3.58499634e+02,   2.83018994e+03,   3.17766907e+02,
         -4.72196680e+03,  -1.57699938e+05,   8.57892074e-03,
         -1.53718414e-02,   7.93949187e-01,  -1.15996370e+01,
         -4.45360254e+03,   1.13171525e+06,   2.08903775e+06,
         -1.83391162e+03,   3.18906670e+01,  -2.67672578e+04,
         -9.11615906e+01,   6.69734851e-02,   1.86373088e+06,
         -1.12700678e-01,  -8.57007086e-01,   1.45767822e+04,
          3.80937422e+04,  -3.19898650e+06,   1.66908184e+04,
          1.95325300e+06,   9.45099182e+01,  -3.99837650e+06,
          4.98192041e+03,   3.81701559e-01,  -6.26640186e+03,
          4.75774072e+03,  -2.90944785e+04,   8.83794861e+01,
          4.97174785e-02,   2.18155594e+01,  -1.86969452e+02,
         -7.37280713e+03,  -6.58064783e-02,   1.38922949e+04,
          7.70260498e+03,   8.93858750e+05,   3.77861001e-02,
          2.02479883e+03,   3.53274658e+02,   6.90042191e+01,
          2.09438403e+03,  -3.81269958e+02,  -2.80586670e+03,
          1.52143896e+03,   4.57892227e+00],
       [ -5.64078796e+02,   2.68375366e+03,   7.73041321e+02,
          1.24430430e+04,  -1.49514938e+05,  -2.61207279e-02,
         -1.05083985e-02,   8.40057433e-01,   4.44338837e+01,
         -5.64210303e+03,   1.32909600e+06,   2.51119475e+06,
         -2.34424756e+03,   4.01598938e+02,  -3.14316934e+04,
          1.32363419e+02,   3.03333104e-01,   2.18870550e+06,
          1.05032408e+00,  -3.77120614e-01,  -3.67539219e+04,
          2.67197227e+04,  -3.75681550e+06,  -2.98636230e+04,
          2.29002050e+06,   1.12529831e+02,  -4.67064800e+06,
          4.87651416e+03,  -8.09995890e-01,  -6.30122900e+03,
          7.57643018e+03,  -8.82115781e+04,   9.63723389e+02,
         -1.40851271e+00,   1.82039852e+01,   1.08587197e+04,
          1.28664717e+04,  -2.94925869e-02,   2.21223828e+04,
         -4.84826807e+03,   1.04972400e+06,   4.18615751e-02,
          3.49639453e+03,   3.54990417e+02,   7.51391724e+02,
         -2.38670312e+05,   6.12544678e+02,   5.39745361e+03,
          1.77054443e+03,   8.16135941e+01],
       [ -1.31408167e+03,  -3.29400879e+02,   2.11339767e+02,
          1.56580342e+04,   1.82340898e+04,  -4.37688045e-02,
         -2.53262874e-02,  -3.82877141e-01,   3.69987946e+01,
         -5.55026733e+02,   1.04875086e+05,   2.39028531e+05,
         -2.26250290e+02,  -1.89204971e+02,  -2.47933325e+03,
          1.93793549e+02,  -5.19373007e-02,   1.72658219e+05,
          2.12326691e-01,  -2.03287125e-01,  -4.84307305e+04,
         -2.21828760e+03,  -2.96347938e+05,  -4.06512266e+04,
          1.92510906e+05,   1.76105862e+01,  -3.15442031e+05,
         -5.07107147e+02,   1.58523321e+00,   7.46732910e+02,
          2.02050000e+03,  -4.11008867e+04,  -4.96012482e+02,
         -2.21992707e+00,   4.94714689e+00,   9.09841406e+03,
          1.76371973e+04,   3.79522964e-02,   5.89933105e+03,
         -1.08515938e+04,   8.28080625e+04,   3.76119837e-02,
         -9.11192444e+02,  -4.15794106e+01,  -3.87966400e+02,
          1.08776531e+05,   8.72853638e+02,   7.09574365e+03,
          1.54449615e+02,  -3.53813667e+01],
       [  3.17236115e+02,   5.11692090e+03,   6.42546082e+02,
         -5.07541943e+03,  -2.85321125e+05,   2.97794328e-03,
         -3.87396477e-02,  -3.93581152e-01,   2.93563271e+00,
         -8.38786426e+03,   2.07497600e+06,   3.82743825e+06,
         -3.47328760e+03,  -1.12842255e+02,  -4.90742930e+04,
         -9.06895523e+01,   1.75445348e-01,   3.41713525e+06,
          7.62701571e-01,  -2.90760010e-01,   1.74528965e+04,
          6.08881094e+04,  -5.86535500e+06,   1.39996680e+04,
          3.58661600e+06,   1.81411255e+02,  -7.32064800e+06,
          8.97060938e+03,   1.10028923e+00,  -1.12737148e+04,
          9.61918066e+03,  -5.80719219e+04,  -2.64054901e+02,
          2.16310668e+00,   4.40959015e+01,   3.10027075e+03,
         -6.31379346e+03,  -2.72657033e-02,   2.80868516e+04,
          1.01607930e+04,   1.63889525e+06,   8.22111890e-02,
          3.07446484e+03,   6.35189636e+02,  -2.05940384e+02,
          9.55551562e+04,  -4.20529907e+02,  -2.30839111e+03,
          2.79850171e+03,  -2.40506611e+01],
       [ -6.67482422e+02,   8.14412781e+02,   3.05764191e+02,
          8.32170605e+03,  -4.55513320e+04,   1.18421661e-02,
         -3.17910612e-02,   1.01100266e+00,   5.30910416e+01,
         -1.83474353e+03,   4.99075906e+05,   9.56613250e+05,
         -7.59689941e+02,  -1.57209793e+02,  -1.18037051e+04,
          9.77883911e+01,   4.73353118e-01,   8.21887875e+05,
         -9.94237289e-02,   6.22665942e-01,  -2.18431289e+04,
          1.67873867e+04,  -1.41073938e+06,  -2.38141406e+04,
          8.69759000e+05,   4.27399902e+01,  -1.72162775e+06,
          1.63015649e+03,  -2.38639235e-01,  -1.73314600e+03,
          3.13993555e+03,  -3.33866641e+04,  -3.94771057e+02,
          3.97767663e-01,   6.86364889e+00,   7.03393457e+03,
          1.02873223e+04,   3.95415165e-02,   9.16841113e+03,
         -5.54749512e+03,   3.94180812e+05,  -3.95330600e-02,
         -6.42973862e+01,   9.84035263e+01,  -3.08040344e+02,
          1.03804016e+05,   4.42647461e+02,   4.27517773e+03,
          6.96813110e+02,  -3.22180328e+01]], dtype=float32), array([ 0.,  0.,  0.,  0.,  0.,  0.,  0.,  0.,  0.,  0.,  0.,  0.,  0.,
        0.,  0.,  0.,  0.,  0.,  0.,  0.,  0.,  0.,  0.,  0.,  0.,  0.,
        0.,  0.,  0.,  0.,  0.,  0.,  0.,  0.,  0.,  0.,  0.,  0.,  0.,
        0.,  0.,  0.,  0.,  0.,  0.,  0.,  0.,  0.,  0.,  0.], dtype=float32)][array([[  7.83102850e+06,   5.66062490e+09,   6.07413312e+08,
         -2.33201894e+09,  -9.83910400e+07,  -7.47419650e+06,
          5.29821664e+08,   2.58110182e+09,  -5.36650550e+06,
         -3.23595160e+07,  -1.85736602e+10,  -1.94429512e+06,
          6.83205400e+06,  -6.23934360e+07,  -1.59078070e+07,
         -2.11149600e+07,   5.44332400e+07,   3.09447782e+10,
         -2.73672200e+06,  -1.73971088e+08],
       [ -7.84099120e+07,  -1.61027082e+10,  -6.92355021e+09,
          6.61953434e+09,   7.08640128e+08,   3.88959720e+07,
         -4.67185715e+09,  -2.81491661e+10,   4.11027400e+07,
          2.61829024e+08,   5.24033188e+10,   1.73620562e+06,
         -4.36057000e+07,   5.40665728e+08,  -1.51402112e+08,
          1.86665264e+08,  -5.92650432e+08,  -8.83973079e+10,
          8.43576500e+06,   1.96469837e+09],
       [  4.79774320e+07,   7.37793638e+09,   4.32394752e+09,
         -3.02979200e+09,  -4.15929568e+08,  -2.15855160e+07,
          2.84793856e+09,   1.75430410e+10,  -2.43695180e+07,
         -1.56458768e+08,  -2.39131300e+10,   3.26992793e+04,
          2.51907840e+07,  -3.27935008e+08,   1.11641488e+08,
         -1.13494048e+08,   3.66091296e+08,   4.05830615e+10,
         -3.99666650e+06,  -1.22835738e+09],
       [ -9.11955500e+06,   2.27807258e+09,  -9.72826688e+08,
         -9.41732352e+08,   5.58835320e+07,   8.67477125e+05,
         -5.42198016e+08,  -3.90125542e+09,   3.55003075e+06,
          2.44875580e+07,  -7.57794560e+09,  -1.63191275e+06,
         -2.55748550e+06,   5.72381680e+07,  -4.93893520e+07,
          2.02136580e+07,  -7.45932160e+07,   1.23680891e+10,
         -9.52814625e+05,   2.78952992e+08],
       [ -1.32750816e+08,  -2.78253793e+10,  -1.16321434e+10,
          1.14392668e+10,   1.18478349e+09,   6.58046320e+07,
         -7.85325005e+09,  -4.73106145e+10,   6.89734960e+07,
          4.39156448e+08,   9.05820406e+10,   3.22088550e+06,
         -7.40052240e+07,   9.12425152e+08,  -2.53271680e+08,
          3.14931360e+08,  -9.91802432e+08,  -1.52726815e+11,
          1.45511300e+07,   3.30096538e+09],
       [  1.12833512e+08,   1.61292339e+10,   9.95928781e+09,
         -6.62177024e+09,  -9.63293888e+08,  -4.93797120e+07,
          6.49483059e+09,   4.02241782e+10,  -5.64645040e+07,
         -3.62915552e+08,  -5.22400563e+10,   5.42260688e+05,
          5.80778760e+07,  -7.58641856e+08,   2.72372480e+08,
         -2.62646384e+08,   8.54573504e+08,   8.87591649e+10,
         -8.82246400e+06,  -2.81764122e+09],
       [ -1.66462224e+08,  -3.48304957e+10,  -1.48775721e+10,
          1.43189821e+10,   1.52427610e+09,   8.34921680e+07,
         -1.00809759e+10,  -6.06173471e+10,   8.79683040e+07,
          5.59853376e+08,   1.13353974e+11,   3.91014950e+06,
         -9.29403520e+07,   1.15396774e+09,  -3.16046912e+08,
          3.98364032e+08,  -1.26284877e+09,  -1.91196234e+11,
          1.82122620e+07,   4.23061555e+09],
       [  3.28450848e+08,   6.32396268e+10,   2.91832627e+10,
         -2.59914916e+10,  -2.93497907e+09,  -1.58829024e+08,
          1.95753062e+10,   1.18653370e+11,  -1.70373952e+08,
         -1.08699136e+09,  -2.05633880e+11,  -5.41221550e+06,
          1.79612464e+08,  -2.25585613e+09,   6.67600128e+08,
         -7.79279360e+08,   2.47885645e+09,   3.47299676e+11,
         -3.33620520e+07,  -8.28836096e+09],
       [  4.27835680e+07,   8.57431194e+09,   3.80962995e+09,
         -3.52453683e+09,  -3.92301728e+08,  -2.11422320e+07,
          2.56866867e+09,   1.54945905e+10,  -2.25149320e+07,
         -1.43393680e+08,  -2.78925804e+10,  -8.42363688e+05,
          2.34860220e+07,  -2.94645376e+08,   8.40621360e+07,
         -1.01753640e+08,   3.24921792e+08,   4.70780109e+10,
         -4.49343550e+06,  -1.08188582e+09],
       [ -6.26159960e+07,  -9.15717222e+09,  -5.10020198e+09,
          3.76014387e+09,   5.06168480e+08,   2.66270900e+07,
         -3.27268838e+09,  -2.03788001e+10,   2.99773460e+07,
          1.92673936e+08,   2.97130578e+10,  -8.05029531e+04,
         -3.16645120e+07,   4.04638208e+08,  -1.51319664e+08,
          1.40007088e+08,  -4.54478400e+08,  -5.03571005e+10,
          4.97293500e+06,   1.42604365e+09],
       [  7.24228640e+07,   3.34132813e+09,   6.30626816e+09,
         -1.35945395e+09,  -5.57214912e+08,  -2.49297620e+07,
          3.87640371e+09,   2.51631104e+10,  -3.32748060e+07,
         -2.17245072e+08,  -1.04733737e+10,   3.34886350e+06,
          3.23777320e+07,  -4.63968288e+08,   2.29444000e+08,
         -1.61362368e+08,   5.46227392e+08,   1.86916864e+10,
         -2.35271975e+06,  -1.77260134e+09],
       [  1.44838590e+07,  -5.58986291e+09,   1.44516685e+09,
          2.30857344e+09,  -7.14367840e+07,   5.15656594e+05,
          7.20468608e+08,   5.64619366e+09,  -4.79324100e+06,
         -3.44289960e+07,   1.85121382e+10,   3.41968725e+06,
          2.63580100e+06,  -8.22079280e+07,   9.36877920e+07,
         -2.92908420e+07,   1.17912352e+08,  -3.04127713e+10,
          2.45533650e+06,  -4.07107552e+08],
       [ -6.35944080e+07,  -1.03545190e+10,  -5.63936870e+09,
          4.25324544e+09,   5.57271168e+08,   2.91175440e+07,
         -3.72215296e+09,  -2.28333650e+10,   3.24584220e+07,
          2.07960320e+08,   3.35983677e+10,   2.29695000e+05,
         -3.35626920e+07,   4.31572128e+08,  -1.43561248e+08,
          1.49283024e+08,  -4.83286528e+08,  -5.69268511e+10,
          5.56389000e+06,   1.59767142e+09],
       [  4.59375360e+07,   5.38562253e+09,   4.10565888e+09,
         -2.20897382e+09,  -3.86635712e+08,  -1.90561520e+07,
          2.64658560e+09,   1.65733243e+10,  -2.26220480e+07,
         -1.45863040e+08,  -1.73777654e+10,   7.43667188e+05,
          2.27711440e+07,  -3.06214976e+08,   1.20008624e+08,
         -1.06143152e+08,   3.48763008e+08,   2.96923218e+10,
         -3.03605875e+06,  -1.16279923e+09],
       [  6.89363440e+07,   1.61249567e+10,   5.85954765e+09,
         -6.63124480e+09,  -6.18348224e+08,  -3.54317800e+07,
          3.98928307e+09,   2.37931745e+10,  -3.59879360e+07,
         -2.28448832e+08,  -5.25688381e+10,  -2.44709850e+06,
          3.93170440e+07,  -4.72548704e+08,   1.18999888e+08,
         -1.62906752e+08,   5.08739168e+08,   8.84450099e+10,
         -8.32893000e+06,  -1.65695424e+09],
       [  6.87378800e+07,   6.30335232e+09,   6.41698714e+09,
         -2.58132941e+09,  -5.91016000e+08,  -2.77405760e+07,
          4.12310246e+09,   2.59560448e+10,  -3.44610800e+07,
         -2.23024032e+08,  -2.01997394e+10,   1.96482488e+06,
          3.34918720e+07,  -4.66297344e+08,   1.91344272e+08,
         -1.61861808e+08,   5.40552128e+08,   3.48641444e+10,
         -3.72163300e+06,  -1.82424397e+09],
       [  4.85639040e+07,   1.52328458e+10,   4.46324429e+09,
         -6.26828083e+09,  -4.94389376e+08,  -2.94536240e+07,
          3.20072269e+09,   1.84279634e+10,  -2.81118640e+07,
         -1.76713504e+08,  -4.97409966e+10,  -3.28429275e+06,
          3.08173900e+07,  -3.57052192e+08,   5.22681480e+07,
         -1.22765064e+08,   3.75049280e+08,   8.34709586e+10,
         -7.69700650e+06,  -1.27926682e+09],
       [ -2.40004096e+08,  -5.52810127e+10,  -2.16637460e+10,
          2.27322245e+10,   2.25612928e+09,   1.25688032e+08,
         -1.48662211e+10,  -8.85528084e+10,   1.29611840e+08,
          8.22605312e+08,   1.80066009e+11,   7.74890350e+06,
         -1.37746576e+08,   1.68697344e+09,  -4.15420480e+08,
          5.81884928e+08,  -1.83149798e+09,  -3.03314567e+11,
          2.86396620e+07,   6.17379430e+09],
       [ -4.16910240e+07,  -1.44034109e+10,  -3.43807206e+09,
          5.92838195e+09,   4.14766400e+08,   2.57571700e+07,
         -2.48038810e+09,  -1.40580506e+10,   2.34996980e+07,
          1.46966768e+08,   4.71052616e+10,   3.51137475e+06,
         -2.65433780e+07,   2.94472160e+08,  -3.58715640e+07,
          1.01027816e+08,  -3.05277568e+08,  -7.88747223e+10,
          7.20899750e+06,   9.71797248e+08],
       [  1.33803880e+08,   2.95203656e+10,   1.16014725e+10,
         -1.21380239e+10,  -1.21042381e+09,  -6.77378080e+07,
          7.86859059e+09,   4.71453164e+10,  -7.01135680e+07,
         -4.45644320e+08,  -9.61629880e+10,  -3.90802700e+06,
          7.52860320e+07,  -9.19051264e+08,   2.43645200e+08,
         -3.17051328e+08,   9.99279488e+08,   1.61979089e+11,
         -1.53398550e+07,  -3.28678144e+09],
       [  7.84328000e+07,   1.22671503e+10,   6.79881830e+09,
         -5.03821056e+09,  -6.56832832e+08,  -3.46449240e+07,
          4.44656333e+09,   2.74758615e+10,  -3.86902800e+07,
         -2.48185520e+08,  -3.97983171e+10,  -1.31639688e+05,
          4.07419320e+07,  -5.23107456e+08,   1.82670272e+08,
         -1.80962400e+08,   5.80140480e+08,   6.74517647e+10,
         -6.63694800e+06,  -1.92279475e+09],
       [  1.89680780e+07,   1.01935022e+10,   1.17514765e+09,
         -4.19854387e+09,  -1.85827888e+08,  -1.41174910e+07,
          9.35347328e+08,   4.76735130e+09,  -1.05798370e+07,
         -6.44571720e+07,  -3.34479974e+10,  -3.29852475e+06,
          1.38479960e+07,  -1.27517176e+08,  -9.91630000e+06,
         -4.32822800e+07,   1.16983040e+08,   5.57344113e+10,
         -4.98501500e+06,  -3.21713472e+08],
       [ -2.45555824e+08,  -5.16554138e+10,  -2.22565130e+10,
          2.12358205e+10,   2.27017011e+09,   1.24073240e+08,
         -1.51246715e+10,  -9.08528517e+10,   1.30850632e+08,
          8.32731328e+08,   1.68087388e+11,   5.78841450e+06,
         -1.37814496e+08,   1.71632000e+09,  -4.62896736e+08,
          5.92527232e+08,  -1.87695206e+09,  -2.83563950e+11,
          2.70010660e+07,   6.34162842e+09],
       [ -6.18351200e+07,  -1.43953357e+10,  -5.04295117e+09,
          5.92009421e+09,   5.42674368e+08,   3.12705060e+07,
         -3.40813952e+09,  -2.03613696e+10,   3.15956640e+07,
          2.00477328e+08,   4.69500723e+10,   2.23077925e+06,
         -3.47636520e+07,   4.14352608e+08,  -1.08083048e+08,
          1.42804768e+08,  -4.46475872e+08,  -7.89471150e+10,
          7.42853850e+06,   1.41707866e+09],
       [  1.40536240e+08,   2.72418673e+10,   1.25336904e+10,
         -1.11966843e+10,  -1.26051994e+09,  -6.81594880e+07,
          8.41864397e+09,   5.10016881e+10,  -7.30053200e+07,
         -4.65559424e+08,  -8.85836022e+10,  -2.38886300e+06,
          7.68470400e+07,  -9.65574208e+08,   2.84264864e+08,
         -3.33538880e+08,   1.06029069e+09,   1.49603893e+11,
         -1.43651610e+07,  -3.56256819e+09],
       [ -1.38771168e+08,  -3.02245478e+10,  -1.24348344e+10,
          1.24268882e+10,   1.27989286e+09,   7.06362640e+07,
         -8.46651955e+09,  -5.07428536e+10,   7.36972000e+07,
          4.68434464e+08,   9.84028283e+10,   3.76471250e+06,
         -7.81467840e+07,   9.65607360e+08,  -2.54525648e+08,
          3.33220640e+08,  -1.05084384e+09,  -1.65878252e+11,
          1.57385820e+07,   3.53987558e+09],
       [ -9.22578400e+07,  -1.90364099e+10,  -8.24867994e+09,
          7.82558822e+09,   8.48029376e+08,   4.62192080e+07,
         -5.58269440e+09,  -3.35789097e+10,   4.89235640e+07,
          3.11530848e+08,   6.19430052e+10,   2.04515762e+06,
         -5.14527040e+07,   6.40454976e+08,  -1.76699776e+08,
          2.21127328e+08,  -7.04050496e+08,  -1.04505647e+11,
          9.96543800e+06,   2.34392858e+09],
       [ -4.93905080e+07,  -7.93496115e+09,  -4.33859072e+09,
          3.25922330e+09,   4.25736128e+08,   2.23315800e+07,
         -2.85398144e+09,  -1.75520563e+10,   2.49041020e+07,
          1.59686592e+08,   2.57466675e+10,   1.46256328e+05,
         -2.59146420e+07,   3.33653504e+08,  -1.12672840e+08,
          1.15420168e+08,  -3.72112768e+08,  -4.36261478e+10,
          4.26621200e+06,   1.22817280e+09],
       [  4.50638560e+07,  -4.13536614e+09,   4.59437773e+09,
          1.71692416e+09,  -3.53153536e+08,  -1.14097240e+07,
          2.74704051e+09,   1.84722452e+10,  -2.08596300e+07,
         -1.38941488e+08,   1.39969434e+10,   4.97969500e+06,
          1.69755580e+07,  -2.98513888e+08,   1.87581280e+08,
         -1.04563512e+08,   3.75998912e+08,  -2.22525993e+10,
          1.44589600e+06,  -1.31099917e+09],
       [  1.52895808e+08,   3.21123471e+10,   1.40664945e+10,
         -1.32013322e+10,  -1.42728934e+09,  -7.76495360e+07,
          9.58077440e+09,   5.75231222e+10,  -8.21227360e+07,
         -5.22606368e+08,  -1.04470847e+11,  -3.51969175e+06,
          8.61046800e+07,  -1.07630950e+09,   2.87829696e+08,
         -3.71614336e+08,   1.17757645e+09,   1.76295838e+11,
         -1.68041440e+07,  -4.01605043e+09],
       [ -1.51677728e+08,  -3.17220495e+10,  -1.34949437e+10,
          1.30410291e+10,   1.38295194e+09,   7.59215440e+07,
         -9.13648128e+09,  -5.49524193e+10,   7.99516880e+07,
          5.08957376e+08,   1.03243260e+11,   3.57393550e+06,
         -8.46765520e+07,   1.05062726e+09,  -2.88245440e+08,
          3.62687200e+08,  -1.14870950e+09,  -1.74129512e+11,
          1.65822440e+07,   3.83503130e+09],
       [ -6.80557600e+07,  -1.22675272e+10,  -5.96135373e+09,
          5.04098918e+09,   5.91877120e+08,   3.17790640e+07,
         -3.96036173e+09,  -2.41807114e+10,   3.44774920e+07,
          2.20283392e+08,   3.98669578e+10,   7.92152500e+05,
         -3.63821960e+07,   4.59993408e+08,  -1.45597248e+08,
          1.58968752e+08,  -5.06278112e+08,  -6.73932124e+10,
          6.51802500e+06,   1.69002483e+09],
       [  4.61381200e+07,   1.75535944e+10,   3.88264858e+09,
         -7.22623386e+09,  -4.67994592e+08,  -2.97956420e+07,
          2.85495808e+09,   1.60207872e+10,  -2.63117720e+07,
         -1.63660976e+08,  -5.74314250e+10,  -4.57340450e+06,
          3.02135380e+07,  -3.29117024e+08,   2.80284540e+07,
         -1.12750888e+08,   3.31781056e+08,   9.61021788e+10,
         -8.74720400e+06,  -1.10579622e+09],
       [  4.83396320e+07,   8.61223731e+09,   4.40390451e+09,
         -3.53862758e+09,  -4.42509120e+08,  -2.32130120e+07,
          2.94715674e+09,   1.79073188e+10,  -2.55260960e+07,
         -1.63187824e+08,  -2.79660503e+10,  -4.50617906e+05,
          2.61873920e+07,  -3.35619168e+08,   1.02587704e+08,
         -1.16038184e+08,   3.75204256e+08,   4.73264456e+10,
         -4.57412500e+06,  -1.25226624e+09],
       [  1.39928720e+08,   1.51129303e+10,   1.26452972e+10,
         -6.19568333e+09,  -1.17633203e+09,  -5.72789600e+07,
          8.13146061e+09,   5.10550671e+10,  -6.90719440e+07,
         -4.46181376e+08,  -4.86687703e+10,   2.87192875e+06,
          6.91004720e+07,  -9.38186688e+08,   3.74539328e+08,
         -3.25364640e+08,   1.07325792e+09,   8.34000486e+10,
         -8.65016000e+06,  -3.58424525e+09],
       [  7.03305680e+07,   4.93842842e+09,   6.70081229e+09,
         -2.01799347e+09,  -5.87872384e+08,  -2.69298520e+07,
          4.27398605e+09,   2.71566213e+10,  -3.46382480e+07,
         -2.24984640e+08,  -1.56834867e+10,   2.68852475e+06,
          3.35641320e+07,  -4.77492864e+08,   2.07754480e+08,
         -1.65915808e+08,   5.52941696e+08,   2.74314998e+10,
         -3.12506475e+06,  -1.91106906e+09],
       [  8.02975440e+07,   1.91048561e+10,   7.24212480e+09,
         -7.85676954e+09,  -7.56109376e+08,  -4.25765440e+07,
          4.98809549e+09,   2.96251044e+10,  -4.35299480e+07,
         -2.76049376e+08,  -6.22505370e+10,  -2.86232675e+06,
          4.66165920e+07,  -5.66390976e+08,   1.34318048e+08,
         -1.95299648e+08,   6.11975680e+08,   1.04806597e+11,
         -9.87902700e+06,  -2.06452275e+09],
       [  3.61764064e+08,   7.72502077e+10,   3.18383821e+10,
         -3.17601260e+10,  -3.27973325e+09,  -1.81519984e+08,
          2.15636685e+10,   1.29560764e+11,  -1.89763392e+08,
         -1.20711834e+09,  -2.51512586e+11,  -9.32696700e+06,
          2.02284288e+08,  -2.49305805e+09,   6.77439744e+08,
         -8.60384192e+08,   2.71721651e+09,   4.23974666e+11,
         -4.02932880e+07,  -9.03817421e+09],
       [  2.16670640e+08,   4.99439862e+10,   1.94225439e+10,
         -2.05376614e+10,  -2.02207872e+09,  -1.13096416e+08,
          1.33141309e+10,   7.93381192e+10,  -1.16429784e+08,
         -7.38984000e+08,  -1.62697019e+11,  -7.06127100e+06,
          1.24266960e+08,  -1.51812403e+09,   3.75474976e+08,
         -5.23612832e+08,   1.64567590e+09,   2.74022171e+11,
         -2.58793660e+07,  -5.53074022e+09],
       [  1.13007536e+08,   1.35254917e+10,   1.01991117e+10,
         -5.54796493e+09,  -9.55811584e+08,  -4.74155080e+07,
          6.59781018e+09,   4.12245524e+10,  -5.61791000e+07,
         -3.62356096e+08,  -4.36497940e+10,   1.74566375e+06,
          5.67982240e+07,  -7.61677696e+08,   2.92405920e+08,
         -2.64007264e+08,   8.65574016e+08,   7.45601925e+10,
         -7.61052550e+06,  -2.89215642e+09],
       [  3.94542200e+07,   9.57865165e+09,   3.67422208e+09,
         -3.93937843e+09,  -3.87144128e+08,  -2.14187840e+07,
          2.54993741e+09,   1.50891971e+10,  -2.19300080e+07,
         -1.38842336e+08,  -3.12047145e+10,  -1.44987738e+06,
          2.29756720e+07,  -2.81939456e+08,   6.39739000e+07,
         -9.72174000e+07,   3.06159168e+08,   5.25491651e+10,
         -4.93869200e+06,  -1.05176326e+09],
       [ -1.33071400e+08,  -2.59062395e+10,  -1.17480315e+10,
          1.06479319e+10,   1.18152550e+09,   6.42992080e+07,
         -7.87884134e+09,  -4.77548749e+10,   6.86654160e+07,
          4.37913952e+08,   8.42571612e+10,   2.34906675e+06,
         -7.27538560e+07,   9.10337856e+08,  -2.68964192e+08,
          3.14425184e+08,  -9.97477248e+08,  -1.42258045e+11,
          1.36536980e+07,   3.33518515e+09],
       [  1.49098688e+08,   2.92840387e+10,   1.34992261e+10,
         -1.20364349e+10,  -1.35778995e+09,  -7.32201760e+07,
          9.10395597e+09,   5.50345523e+10,  -7.84071040e+07,
         -4.99796768e+08,  -9.52180654e+10,  -2.62756500e+06,
          8.21293680e+07,  -1.03325965e+09,   2.97686176e+08,
         -3.56913408e+08,   1.13582298e+09,   1.60818627e+11,
         -1.54220110e+07,  -3.84443418e+09],
       [  1.21182640e+08,   2.46264668e+10,   1.10338693e+10,
         -1.01229793e+10,  -1.11917402e+09,  -6.06249000e+07,
          7.47670477e+09,   4.50211676e+10,  -6.45502320e+07,
         -4.11210176e+08,  -8.00987218e+10,  -2.46296375e+06,
          6.76077600e+07,  -8.47092352e+08,   2.34719520e+08,
         -2.92542368e+08,   9.30885056e+08,   1.35217439e+11,
         -1.29204050e+07,  -3.14395853e+09],
       [  1.25313920e+08,   1.76129638e+10,   1.16528138e+10,
         -7.22999296e+09,  -1.11891712e+09,  -5.60866480e+07,
          7.67494656e+09,   4.73510543e+10,  -6.48431000e+07,
         -4.16613888e+08,  -5.69692078e+10,   9.22609688e+05,
          6.50733560e+07,  -8.64198912e+08,   3.02010784e+08,
         -2.99307168e+08,   9.79300160e+08,   9.69734062e+10,
         -9.67261400e+06,  -3.31889766e+09],
       [  5.24969000e+07,   2.11464294e+10,   3.94274406e+09,
         -8.70621696e+09,  -4.94811968e+08,  -3.37993000e+07,
          2.90674483e+09,   1.61075835e+10,  -2.86188580e+07,
         -1.77635088e+08,  -6.92567163e+10,  -5.86111200e+06,
          3.49622120e+07,  -3.62272320e+08,   2.49454480e+07,
         -1.23872472e+08,   3.55081312e+08,   1.15724460e+11,
         -1.05063860e+07,  -1.10661901e+09],
       [ -2.78357216e+08,  -5.04143954e+10,  -2.48859525e+10,
          2.07160033e+10,   2.47581926e+09,   1.32070408e+08,
         -1.66106839e+10,  -1.01129462e+11,   1.43838048e+08,
          9.19189120e+08,   1.63793207e+11,   3.16154100e+06,
         -1.50379008e+08,   1.90982464e+09,  -5.89503424e+08,
          6.60106368e+08,  -2.11112294e+09,  -2.76980171e+11,
          2.67758120e+07,   7.06940006e+09],
       [  1.62410048e+08,   2.97416868e+10,   1.47535094e+10,
         -1.22215854e+10,  -1.47252250e+09,  -7.81361520e+07,
          9.88953395e+09,   6.00591647e+10,  -8.51653680e+07,
         -5.44011136e+08,  -9.66180454e+10,  -1.90489088e+06,
          8.83413920e+07,  -1.12499238e+09,   3.39884928e+08,
         -3.88846784e+08,   1.24676954e+09,   1.63405677e+11,
         -1.57791810e+07,  -4.19869696e+09],
       [ -2.47025580e+07,  -7.00714854e+09,  -2.41260032e+09,
          2.88274202e+09,   2.65571088e+08,   1.48103810e+07,
         -1.71974093e+09,  -9.97568922e+09,   1.47845950e+07,
          9.31827040e+07,   2.28480492e+10,   1.30325962e+06,
         -1.52759990e+07,   1.84811520e+08,  -3.12146440e+07,
          6.36533760e+07,  -2.00766912e+08,  -3.84211436e+10,
          3.56773000e+06,   6.94343040e+08],
       [ -1.33753304e+08,  -3.90439117e+10,  -1.21205903e+10,
          1.60642796e+10,   1.31772698e+09,   7.76584880e+07,
         -8.58392371e+09,  -4.98977137e+10,   7.52468160e+07,
          4.73936448e+08,   1.27440323e+11,   7.86774700e+06,
         -8.24179360e+07,   9.65094848e+08,  -1.68008368e+08,
          3.32051072e+08,  -1.01719802e+09,  -2.13997732e+11,
          1.98545380e+07,   3.46715546e+09]], dtype=float32), array([ 0.,  0.,  0.,  0.,  0.,  0.,  0.,  0.,  0.,  0.,  0.,  0.,  0.,
        0.,  0.,  0.,  0.,  0.,  0.,  0.], dtype=float32)][array([[  7.82294668e+37],
       [ -2.96144477e+37],
       [ -9.28705879e+37],
       [ -1.10708288e+37],
       [ -8.39802297e+36],
       [ -4.07898221e+37],
       [  7.24588424e+37],
       [ -1.45395467e+37],
       [  5.79281185e+37],
       [ -3.36827720e+37],
       [  1.97322759e+37],
       [  4.83868471e+37],
       [ -4.93282957e+37],
       [ -6.66184769e+37],
       [ -1.19153315e+38],
       [  5.80664293e+37],
       [  8.08788211e+37],
       [ -5.49125298e+37],
       [ -1.69155157e+37],
       [ -2.68338231e+37]], dtype=float32), array([ 0.], dtype=float32)]