[array([[  1.53998906e+05,  -1.56140823e+02,  -2.23620059e+04,
          6.98912842e+03,  -1.59063000e+03,   9.00926636e+02,
         -6.30858536e+01,  -1.51553748e+03,   1.61875039e-02,
         -1.19429717e+04,  -1.84303027e+04,   8.88622562e+05,
          1.59644266e+05,  -1.35584781e+05,   8.38664355e+03,
          3.46292188e+04,  -7.85460663e+00,  -5.16069183e+01,
         -1.25687484e+05,  -5.26023250e+05,   1.28540820e+03,
         -2.40919043e+04,   2.50688148e+00,  -5.67233375e+05,
          2.02422473e+03,  -1.90724102e+04,   3.31141625e+05,
          5.89922695e+04,  -1.35620312e+05,   6.96741553e+03,
          7.07349375e+04,  -1.08354626e+03,  -7.53962097e+02,
          3.15090942e+03,   2.78311211e+04,  -8.89000391e+04,
          3.95740747e+03,   8.32016541e+02,   5.48562813e+00,
          6.57154942e+00,  -2.55837494e+02,   1.17160406e+01,
         -6.61555811e+03,  -2.59768605e+00,   3.16837305e+03,
         -5.27312842e+03,  -2.29844849e+03,   4.00149584e-01,
         -6.77265396e+01,  -5.46679321e+02],
       [  1.54205688e+05,  -1.55750992e+02,   1.76712402e+04,
         -5.51494043e+03,  -1.68159094e+03,   3.23556250e+03,
          4.69813538e+01,  -1.52694153e+03,  -5.05913906e-02,
          9.41279297e+03,  -1.84397363e+04,   8.79710938e+05,
          1.64852688e+05,  -1.17776203e+05,  -6.59415527e+03,
         -2.72748164e+04,   9.52302361e+00,   3.94569397e+01,
          1.79022562e+05,  -5.43405312e+05,   1.27558044e+03,
         -2.42702129e+04,   1.19565077e+01,   8.07898875e+05,
         -1.62285986e+03,  -3.16442422e+04,   3.29873438e+05,
          5.87954453e+04,  -1.35587766e+05,   3.94538770e+03,
         -1.00732828e+05,  -1.09186621e+03,  -7.77047546e+02,
          8.57523682e+02,   2.67972227e+04,  -8.54303203e+04,
          3.92012476e+03,  -1.18390735e+03,  -6.19490957e+00,
          4.09227142e+01,  -1.32183731e+02,  -8.10636997e+00,
         -6.60080908e+03,  -2.23742938e+00,  -2.47448511e+03,
         -1.43649512e+03,  -6.27511780e+02,  -3.48091960e-01,
         -5.47732651e-01,   3.99031563e+01],
       [  3.12425137e+04,  -3.18288994e+01,   1.31728242e+04,
         -4.48445703e+03,  -3.12709106e+02,   2.02076691e+02,
          3.59782600e+01,  -4.12003967e+02,  -9.24674701e-03,
          7.68219873e+03,  -3.74652368e+03,   1.75496844e+05,
          3.50332031e+04,  -2.38323574e+04,  -6.73912793e+03,
         -2.22767090e+04,   4.31847687e+01,   3.10410061e+01,
         -3.11522188e+04,  -1.14598031e+05,   2.58423218e+02,
         -4.87632227e+03,   5.92578459e+00,  -1.40569188e+05,
         -8.90234863e+02,  -8.27682129e+03,   6.68751797e+04,
          1.19348887e+04,  -2.32849414e+04,   2.50337207e+03,
          1.75966699e+04,  -2.94691071e+02,  -1.87835022e+02,
         -5.38000732e+03,   3.92540503e+03,  -1.22665664e+04,
          7.90007690e+02,   2.05666565e+02,   8.85042763e+00,
          2.08733025e+01,   6.17329674e+01,   3.20694280e+00,
         -1.34147461e+03,  -2.65317607e+00,   5.52910400e+02,
          9.00561035e+03,   3.92650317e+03,   4.29933369e-01,
         -1.88912640e+01,  -2.11202011e+02],
       [ -1.87155984e+05,   1.88558899e+02,   1.56694482e+04,
         -5.28308984e+03,   1.25659924e+03,  -2.95050439e+03,
          3.66242447e+01,  -3.11710840e+03,   5.57976253e-02,
          9.01888184e+03,   2.23980840e+04,  -1.07735412e+06,
         -1.94248172e+05,   1.53854531e+05,  -7.75650732e+03,
         -2.61090000e+04,   7.39079285e+01,   3.19173851e+01,
         -1.02964578e+05,   6.43567375e+05,  -1.54717700e+03,
          2.93212637e+04,  -3.51483393e+00,  -4.64656406e+05,
         -1.07765210e+03,   2.87319277e+04,  -3.99732531e+05,
         -7.12392812e+04,   1.69062406e+05,   1.36378418e+04,
          5.79515430e+04,  -2.22862646e+03,  -1.58179773e+03,
         -1.05233770e+04,  -3.13666582e+04,   1.08406562e+05,
         -4.77013525e+03,   6.79830322e+02,  -3.97609162e+00,
         -1.32843018e+01,   2.36596875e+03,  -6.57081079e+00,
          7.98605908e+03,  -1.16811314e+01,   5.88598389e+02,
          1.76170527e+04,   7.68187305e+03,   3.67899239e-01,
         -2.15279404e+02,  -2.14924927e+03],
       [  2.45418086e+04,  -2.28135891e+01,   7.15896777e+03,
         -2.41734912e+03,  -1.71228149e+02,  -4.33435608e+02,
          2.29258442e+01,   3.67524384e+02,  -1.87120941e-02,
          4.13561426e+03,  -2.94045776e+03,   1.38757312e+05,
          2.49421445e+04,  -2.05206348e+04,  -3.56243579e+03,
         -1.19792617e+04,   1.11618700e+01,   1.74441090e+01,
         -1.11889516e+05,  -8.85454141e+04,   2.04250778e+02,
         -3.46311475e+03,   2.23175907e+01,  -5.05008375e+05,
         -5.05120392e+02,  -6.44026758e+03,   4.85444023e+04,
          8.63274414e+03,  -1.47914248e+04,   5.29546814e+02,
          6.28142852e+04,   2.61230286e+02,   1.81108734e+02,
         -7.11790332e+03,   3.79150024e+03,  -1.30776543e+04,
          6.30782776e+02,   7.38670959e+02,  -1.28729153e+01,
          7.79453354e+01,  -3.22013123e+02,   5.04809570e+00,
         -9.51972351e+02,  -2.79966760e+00,   1.93257471e+03,
          1.19140957e+04,   5.19609229e+03,  -1.20454907e-01,
          3.26126099e+00,   8.34243298e+00],
       [ -5.44108867e+04,   5.43275185e+01,  -9.99017578e+03,
          3.48441479e+03,   7.50180603e+02,   2.02800659e+02,
         -3.45568962e+01,   1.52678882e+03,   5.28543442e-03,
         -5.93980518e+03,   6.49252295e+03,  -3.09157875e+05,
         -5.83362812e+04,   4.62916953e+04,   5.50795117e+03,
          1.72413242e+04,   1.86044276e-02,  -2.66136036e+01,
          1.36053734e+05,   1.93781641e+05,  -4.54255005e+02,
          8.27910840e+03,   1.63675034e+00,   6.13877562e+05,
          6.00433105e+02,   1.21069561e+04,  -1.15379836e+05,
         -2.05505254e+04,   4.05666055e+04,  -9.18967383e+03,
         -7.68040703e+04,   1.09161450e+03,   7.89420288e+02,
          8.54401367e+03,  -1.00330869e+04,   3.02984883e+04,
         -1.41285388e+03,  -8.98883850e+02,   1.83353519e+01,
          6.15951920e+00,  -3.24757599e+02,  -2.75107908e+00,
          2.30516040e+03,  -1.08190453e+00,  -2.49147046e+03,
         -1.43005068e+04,  -6.23659619e+03,  -1.54416561e-01,
          9.82093124e+01,   9.75792419e+02],
       [  3.05872988e+04,  -3.32307777e+01,  -3.24040479e+03,
          9.83148621e+02,  -4.91707742e-01,   3.98061340e+02,
         -1.91616148e-01,   1.90572864e+03,  -7.47986883e-02,
         -1.67071777e+03,  -3.65599487e+03,   1.76159188e+05,
          3.45316641e+04,  -2.77329980e+04,   1.07767700e+03,
          4.81005078e+03,  -5.82430534e+01,  -2.45877218e+00,
          7.37833691e+03,  -1.05042234e+05,   2.56988312e+02,
         -5.27180957e+03,   1.24539595e+01,   3.33406406e+04,
          2.94769318e+02,  -4.89559570e+03,   7.13246562e+04,
          1.26780859e+04,  -2.97920684e+04,  -7.81267285e+03,
         -4.07896216e+03,   1.36231763e+03,   9.57079285e+02,
          1.02129694e+03,   4.22625732e+03,  -1.71144160e+04,
          7.87250122e+02,  -4.88551216e+01,   1.41515913e+01,
          4.28162346e+01,  -9.21246521e+02,   7.52573252e+00,
         -1.42150232e+03,   7.19009924e+00,   3.54350662e+01,
         -1.70380530e+03,  -7.41785706e+02,  -6.03545718e-02,
          1.10380455e+02,   1.02011041e+03],
       [ -3.84870586e+04,   3.70766716e+01,   6.37149756e+03,
         -1.85878296e+03,   3.74460388e+02,   4.81393188e+02,
          1.63265095e+01,  -1.99924698e+02,   1.25772119e-01,
          3.17448755e+03,   4.60265576e+03,  -2.22175953e+05,
         -3.79367500e+04,   3.61099570e+04,  -1.74649670e+03,
         -9.18775781e+03,   2.71980343e+01,   1.25073204e+01,
          1.49733906e+05,   1.31315531e+05,  -3.19434784e+02,
          5.65621484e+03,   8.79547501e+00,   6.75802375e+05,
         -7.03331848e+02,   7.20800781e+03,  -7.89753828e+04,
         -1.40514248e+04,   2.89496543e+04,  -2.15921967e+02,
         -8.40494844e+04,  -1.43814194e+02,  -1.40811417e+02,
          5.20661572e+03,  -8.98559277e+03,   2.99816172e+04,
         -9.74627136e+02,  -9.90507935e+02,   1.05041971e+01,
          2.69755898e+01,   5.56635071e+02,  -6.31147683e-01,
          1.58013354e+03,  -4.44941378e+00,  -2.79238745e+03,
         -8.71530762e+03,  -3.79936914e+03,  -8.41049492e-01,
         -7.07867527e+00,  -1.06274315e+02]], dtype=float32), array([ 0.,  0.,  0.,  0.,  0.,  0.,  0.,  0.,  0.,  0.,  0.,  0.,  0.,
        0.,  0.,  0.,  0.,  0.,  0.,  0.,  0.,  0.,  0.,  0.,  0.,  0.,
        0.,  0.,  0.,  0.,  0.,  0.,  0.,  0.,  0.,  0.,  0.,  0.,  0.,
        0.,  0.,  0.,  0.,  0.,  0.,  0.,  0.,  0.,  0.,  0.], dtype=float32)][array([[  2.00179778e+11,  -7.37714586e+10,   1.43922801e+10,
          2.43831947e+11,   5.35476142e+11,  -3.89299405e+10,
          4.53221458e+10,  -6.05076416e+08,   3.81847552e+10,
         -2.01545954e+12,   5.39606548e+10,   3.32537528e+12,
         -1.54976676e+10,  -1.10491902e+11,   1.15859941e+12,
          1.42782071e+11,   6.15509131e+03,   1.28275898e+11,
         -4.72756879e+10,  -1.57657999e+10],
       [ -7.09298668e+10,   2.43478548e+10,  -4.71509760e+09,
         -8.21835284e+10,  -1.89193454e+11,   1.31070505e+10,
         -1.44088627e+10,   3.04107264e+08,  -1.22937375e+10,
          6.32333926e+11,  -1.77636905e+10,  -1.17587575e+12,
          4.90116762e+09,   3.51277220e+10,  -3.58512787e+11,
         -4.67827589e+10,   5.86277539e+03,  -4.25227100e+10,
          1.53976381e+10,   6.53134899e+09],
       [ -7.24223836e+10,   2.67719414e+10,  -5.23441818e+09,
         -8.82256937e+10,  -1.93726251e+11,   1.40859699e+10,
         -1.67415757e+10,   1.79956048e+08,  -1.40232059e+10,
          7.30352058e+11,  -1.96218819e+10,  -1.20306218e+12,
          5.73987226e+09,   4.08146780e+10,  -4.16887538e+11,
         -5.19272325e+10,  -6.73883728e+02,  -4.64467313e+10,
          1.71973386e+10,   5.70824141e+09],
       [  2.35644764e+11,  -8.52324762e+10,   1.65753293e+10,
          2.83662156e+11,   6.29912764e+11,  -4.52781138e+10,
          5.12762184e+10,  -8.68353216e+08,   4.35091087e+10,
         -2.30478604e+12,   6.22191002e+10,   3.91262922e+12,
         -1.74794977e+10,  -1.25007512e+11,   1.32742316e+12,
          1.64448961e+11,  -3.70744287e+03,   1.48582367e+11,
         -5.43670190e+10,  -1.92851292e+10],
       [  1.59123653e+11,  -5.76562831e+10,   1.12482816e+10,
          1.91163531e+11,   4.25305768e+11,  -3.05115116e+10,
          3.56496671e+10,  -4.63141152e+08,   2.99671306e+10,
         -1.55200337e+12,   4.22229279e+10,   2.64179103e+12,
         -1.22035978e+10,  -8.69111480e+10,   8.83221398e+11,
          1.11589933e+11,   4.86014014e+03,   1.00168606e+11,
         -3.68964280e+10,  -1.31657841e+10],
       [ -8.52501053e+10,   3.16410429e+10,  -6.18945331e+09,
         -1.04196948e+11,  -2.28068819e+11,   1.66375465e+10,
         -1.98319821e+10,   2.04356384e+08,  -1.65954499e+10,
          8.65576550e+11,  -2.31940567e+10,  -1.41627333e+12,
          6.80146176e+09,   4.83488891e+10,  -4.94458536e+11,
         -6.14044262e+10,   1.07674990e+04,  -5.48809523e+10,
          2.03449958e+10,   6.60283955e+09],
       [  1.99776649e+11,  -7.22940477e+10,   1.40572948e+10,
          2.40652059e+11,   5.34054568e+11,  -3.84130621e+10,
          4.34323620e+10,  -7.43635392e+08,   3.68714097e+10,
         -1.95617856e+12,   5.27656018e+10,   3.31718617e+12,
         -1.48024095e+10,  -1.05884762e+11,   1.12754911e+12,
          1.39465163e+11,   4.53402344e+03,   1.26047740e+11,
         -4.61071974e+10,  -1.63427123e+10],
       [ -1.49717596e+10,   6.13141709e+09,  -1.15431770e+09,
         -2.07575470e+10,  -4.03786506e+10,   3.32297293e+09,
         -2.46997530e+09,   2.03427744e+08,  -2.45533005e+09,
          1.92949961e+11,  -4.29170099e+09,  -2.50261176e+11,
          7.76211648e+08,   6.02159206e+09,  -1.30016559e+11,
         -1.14582077e+10,  -5.63649268e+03,  -1.11228744e+10,
          3.82341837e+09,   5.87101888e+08],
       [ -1.55337097e+11,   5.70695188e+10,  -1.11469804e+10,
         -1.88500787e+11,  -4.15425069e+11,   3.00934124e+10,
         -3.54505933e+10,   4.21459168e+08,  -2.97549455e+10,
          1.55175158e+12,  -4.18017444e+10,  -2.57999897e+12,
          1.21426104e+10,   8.64258376e+10,  -8.86376432e+11,
         -1.10584553e+11,   9.04163284e+01,  -9.90957486e+10,
          3.66060872e+10,   1.23937475e+10],
       [  8.81997251e+10,  -3.15663749e+10,   6.17119795e+09,
          1.04661828e+11,   2.35562861e+11,  -1.67006659e+10,
          1.99579013e+10,  -2.04830208e+08,   1.66495437e+10,
         -8.37104894e+11,   2.31850271e+10,   1.46348599e+12,
         -6.85526682e+09,  -4.86558597e+10,   4.68648329e+11,
          6.12215603e+10,  -7.20336572e+03,   5.46844426e+10,
         -2.02235904e+10,  -7.57950259e+09],
       [  2.31888683e+11,  -8.27651113e+10,   1.61052068e+10,
          2.75904659e+11,   6.19457413e+11,  -4.40281784e+10,
          5.03223828e+10,  -7.98114560e+08,   4.25406710e+10,
         -2.20890713e+12,   6.05135380e+10,   3.84837196e+12,
         -1.71842437e+10,  -1.22682122e+11,   1.25881300e+12,
          1.59781061e+11,  -1.20328735e+03,   1.44088154e+11,
         -5.27650652e+10,  -1.97545636e+10],
       [  2.26545320e+11,  -8.08815903e+10,   1.57040445e+10,
          2.70303707e+11,   6.05276275e+11,  -4.31375606e+10,
          4.82233836e+10,  -9.00099904e+08,   4.10455777e+10,
         -2.16829159e+12,   5.90002831e+10,   3.76016234e+12,
         -1.64173865e+10,  -1.17564940e+11,   1.24701049e+12,
          1.55808760e+11,  -8.35306543e+03,   1.41145670e+11,
         -5.14548777e+10,  -1.90828278e+10],
       [ -8.50374164e+10,   3.22990469e+10,  -6.34550733e+09,
         -1.05395012e+11,  -2.27693806e+11,   1.68334100e+10,
         -2.08226243e+10,   1.21212000e+08,  -1.72625183e+10,
          8.93580149e+11,  -2.37458391e+10,  -1.41358570e+12,
          7.16960154e+09,   5.07639685e+10,  -5.08383789e+11,
         -6.29461361e+10,   9.63763245e+02,  -5.58208737e+10,
          2.08919552e+10,   6.28947098e+09],
       [ -1.35216546e+11,   4.86587638e+10,  -9.48138086e+09,
         -1.61756004e+11,  -3.61318679e+11,   2.58155418e+10,
         -2.98451026e+10,   4.27983616e+08,  -2.51559793e+10,
          1.30488074e+12,  -3.56057416e+10,  -2.24449318e+12,
          1.02046249e+10,   7.27600742e+10,  -7.43217299e+11,
         -9.40633866e+10,  -4.54092468e+02,  -8.46206321e+10,
          3.10838497e+10,   1.13323622e+10],
       [  4.39275520e+11,  -1.61525694e+11,   3.14549248e+10,
          5.35270195e+11,   1.17507660e+12,  -8.54617293e+10,
          9.77309532e+10,  -1.52305805e+09,   8.27697480e+10,
         -4.41966762e+12,   1.17943362e+11,   7.29740109e+12,
         -3.33409075e+10,  -2.38260568e+11,   2.55602826e+12,
          3.12066179e+11,   5.88807178e+03,   2.81395593e+11,
         -1.03306461e+11,  -3.45180529e+10],
       [ -1.68997913e+11,   6.22150984e+10,  -1.21461801e+10,
         -2.05574029e+11,  -4.52013720e+11,   3.28211005e+10,
         -3.84484803e+10,   4.81533760e+08,  -3.23279278e+10,
          1.69633199e+12,  -4.55396721e+10,  -2.80715906e+12,
          1.31590031e+10,   9.37344778e+10,  -9.72134154e+11,
         -1.20499749e+11,   7.75975342e+03,  -1.08101165e+11,
          3.98952858e+10,   1.33441147e+10],
       [  2.22802706e+11,  -8.01309573e+10,   1.55874161e+10,
          2.66836066e+11,   5.95416711e+11,  -4.25872097e+10,
          4.84375552e+10,  -7.96472512e+08,   4.10330522e+10,
         -2.15465171e+12,   5.85364398e+10,   3.69863059e+12,
         -1.65248225e+10,  -1.18087041e+11,   1.23525648e+12,
          1.54644693e+11,   4.17159473e+03,   1.39604705e+11,
         -5.11008031e+10,  -1.85788969e+10],
       [  8.43470602e+10,  -3.01332992e+10,   5.86769510e+09,
          1.00384301e+11,   2.25321845e+11,  -1.60190843e+10,
          1.84168796e+10,  -2.77559872e+08,   1.55412562e+10,
         -8.03960062e+11,   2.20449874e+10,   1.39981278e+12,
         -6.29398938e+09,  -4.48989389e+10,   4.57237627e+11,
          5.82127043e+10,   1.87019495e+03,   5.24259656e+10,
         -1.92244244e+10,  -7.18616986e+09],
       [ -8.11034132e+10,   3.21738875e+10,  -6.27677645e+09,
         -1.05068151e+11,  -2.17746178e+11,   1.67976888e+10,
         -1.92213361e+10,   2.87847584e+08,  -1.63554908e+10,
          9.33040882e+11,  -2.34146120e+10,  -1.35087994e+12,
          6.54068122e+09,   4.68601856e+10,  -5.57395739e+11,
         -6.22762885e+10,   1.27638477e+04,  -5.61498644e+10,
          2.07405875e+10,   4.86487654e+09],
       [ -6.02155581e+10,   2.09926185e+10,  -4.06010726e+09,
         -7.07874652e+10,  -1.60744325e+11,   1.12931860e+10,
         -1.21915208e+10,   2.84565280e+08,  -1.04730081e+10,
          5.54788520e+11,  -1.52771543e+10,  -9.98865437e+11,
          4.13393152e+09,   2.97219994e+10,  -3.19528436e+11,
         -4.02843279e+10,   1.15272913e+03,  -3.67458427e+10,
          1.32752374e+10,   5.31439206e+09],
       [ -1.90895145e+11,   7.02007788e+10,  -1.36729354e+10,
         -2.32515092e+11,  -5.10641897e+11,   3.71239567e+10,
         -4.25161441e+10,   6.55985088e+08,  -3.59943045e+10,
          1.92079226e+12,  -5.12651510e+10,  -3.17117904e+12,
          1.45063926e+10,   1.03651123e+11,  -1.11049467e+12,
         -1.35652270e+11,   4.96425439e+03,  -1.22285720e+11,
          4.49090109e+10,   1.49612800e+10],
       [  1.55550663e+11,  -5.71725128e+10,   1.11030794e+10,
          1.90065983e+11,   4.16170246e+11,  -3.03485215e+10,
          3.37523773e+10,  -6.45917440e+08,   2.88305582e+10,
         -1.57195030e+12,   4.16280658e+10,   2.58440272e+12,
         -1.14702438e+10,  -8.22857318e+10,   9.18785688e+11,
          1.10161486e+11,  -5.76129736e+03,   9.98987039e+10,
         -3.64674826e+10,  -1.20508262e+10],
       [  1.69250390e+11,  -6.12521861e+10,   1.19240550e+10,
          2.03580113e+11,   4.52413981e+11,  -3.24945859e+10,
          3.71715523e+10,  -5.82451456e+08,   3.14467144e+10,
         -1.65398158e+12,   4.47591506e+10,   2.81014986e+12,
         -1.26884076e+10,  -9.06213868e+10,   9.49043921e+11,
          1.18298436e+11,   3.59266699e+03,   1.06664354e+11,
         -3.91101235e+10,  -1.39119237e+10],
       [  5.02426894e+11,  -1.83308616e+11,   3.56623606e+10,
          6.08914637e+11,   1.34359089e+12,  -9.72088033e+10,
          1.10282916e+11,  -1.83620582e+09,   9.35796900e+10,
         -4.99110537e+12,   1.33787025e+11,   8.34465379e+12,
         -3.75919780e+10,  -2.68861293e+11,   2.88478593e+12,
          3.53813627e+11,   5.11636719e+03,   3.19560745e+11,
         -1.17052006e+11,  -4.02093793e+10],
       [ -8.17144054e+10,   3.07404390e+10,  -6.00293018e+09,
         -1.01146558e+11,  -2.18787627e+11,   1.61547172e+10,
         -1.88910961e+10,   2.38746144e+08,  -1.59164795e+10,
          8.53175042e+11,  -2.24743588e+10,  -1.35835183e+12,
          6.45900288e+09,   4.60550554e+10,  -4.94394081e+11,
         -5.95539231e+10,   1.94135657e+03,  -5.34532915e+10,
          1.97513359e+10,   6.04785818e+09],
       [ -2.71106966e+11,   9.89094953e+10,  -1.92927130e+10,
         -3.27590773e+11,  -7.24860469e+11,   5.22938245e+10,
         -6.08831980e+10,   8.15303424e+08,  -5.12583475e+10,
          2.67988212e+12,  -7.23820462e+10,  -4.50206001e+12,
          2.08262656e+10,   1.48428587e+11,  -1.53282281e+12,
         -1.91398887e+11,   1.87459485e+03,  -1.71940577e+11,
          6.33216328e+10,   2.19455017e+10],
       [ -9.95287040e+10,   3.64113347e+10,  -7.09262848e+09,
         -1.20757584e+11,  -2.66173268e+11,   1.92783360e+10,
         -2.21265101e+10,   3.34917920e+08,  -1.87099566e+10,
          9.91398461e+11,  -2.66041364e+10,  -1.65308662e+12,
          7.55379610e+09,   5.39427308e+10,  -5.71073626e+11,
         -7.03656182e+10,  -2.15765210e+03,  -6.33980887e+10,
          2.32838533e+10,   7.95202970e+09],
       [ -1.32648739e+11,   4.87024927e+10,  -9.47957658e+09,
         -1.61540555e+11,  -3.54825142e+11,   2.57914552e+10,
         -2.93514813e+10,   4.75453376e+08,  -2.48903782e+10,
          1.33217688e+12,  -3.55470254e+10,  -2.20355415e+12,
          1.00072090e+10,   7.15566694e+10,  -7.71362652e+11,
         -9.40484444e+10,   3.43790497e+02,  -8.48865690e+10,
          3.11299072e+10,   1.04387338e+10],
       [  3.39738624e+10,  -1.21009777e+10,   2.33207962e+09,
          4.08264417e+10,   9.08059689e+10,  -6.51663206e+09,
          6.73010381e+09,  -1.97108656e+08,   5.86917786e+09,
         -3.28471937e+11,   8.76010598e+09,   5.64086768e+11,
         -2.26527488e+09,  -1.64074854e+10,   1.94457485e+11,
          2.31410401e+10,  -2.59500244e+03,   2.12899901e+10,
         -7.63994470e+09,  -2.78159744e+09],
       [  7.52526950e+10,  -2.62795960e+10,   5.13099315e+09,
          8.75860378e+10,   2.00780513e+11,  -1.39695237e+10,
          1.65873080e+10,  -1.87935744e+08,   1.38432604e+10,
         -6.82806084e+11,   1.93117286e+10,   1.24774633e+12,
         -5.69714893e+09,  -4.04385710e+10,   3.78086490e+11,
          5.09001400e+10,   6.02398145e+03,   4.55330324e+10,
         -1.67775058e+10,  -6.88814643e+09],
       [ -3.38582569e+11,   1.24630704e+11,  -2.42893414e+10,
         -4.12540010e+11,  -9.05715974e+11,   6.58663096e+10,
         -7.58994125e+10,   1.10968256e+09,  -6.41381827e+10,
          3.40825788e+12,  -9.10702756e+10,  -5.62462091e+12,
          2.59188265e+10,   1.85036947e+11,  -1.96617096e+12,
         -2.40972464e+11,  -6.32464404e+03,  -2.16946885e+11,
          7.97782999e+10,   2.66202399e+10],
       [  1.69430581e+11,  -6.22368727e+10,   1.21229107e+10,
          2.06184235e+11,   4.53194252e+11,  -3.29192428e+10,
          3.77485640e+10,  -5.75566528e+08,   3.19433196e+10,
         -1.70081871e+12,   4.54575514e+10,   2.81446108e+12,
         -1.28827935e+10,  -9.20281416e+10,   9.82186263e+11,
          1.20274543e+11,  -9.64388867e+03,   1.08391842e+11,
         -3.98149796e+10,  -1.33236859e+10],
       [  5.91936487e+11,  -2.16352342e+11,   4.21513257e+10,
          7.17272383e+11,   1.58293269e+12,  -1.14506662e+11,
          1.31723059e+11,  -1.96100147e+09,   1.11313535e+11,
         -5.88426615e+12,   1.58116610e+11,   9.83112037e+12,
         -4.49824317e+10,  -3.21130758e+11,   3.38530271e+12,
          4.18182398e+11,   2.76266089e+03,   3.76616255e+11,
         -1.38368680e+11,  -4.74220831e+10],
       [ -2.06338654e+11,   7.54462802e+10,  -1.46485453e+10,
         -2.51145945e+11,  -5.51918698e+11,   4.00980173e+10,
         -4.45351772e+10,   8.60027136e+08,  -3.80432261e+10,
          2.06604914e+12,  -5.49391442e+10,  -3.42763608e+12,
          1.51349258e+10,   1.08573385e+11,  -1.20518450e+12,
         -1.45339056e+11,   9.33225977e+03,  -1.31827786e+11,
          4.80918241e+10,   1.62094868e+10],
       [  5.72300067e+11,  -2.09286775e+11,   4.07531766e+10,
          6.94261776e+11,   1.53051778e+12,  -1.10835991e+11,
          1.26812365e+11,  -1.97175168e+09,   1.07343241e+11,
         -5.70025207e+12,   1.52863883e+11,   9.50543476e+12,
         -4.32734044e+10,  -3.09158838e+11,   3.28722232e+12,
          4.04315537e+11,   7.89550476e+02,   3.64530663e+11,
         -1.33785772e+11,  -4.56638382e+10],
       [  3.22877653e+11,  -1.20120263e+11,   2.34017997e+10,
          3.97053559e+11,   8.64169558e+11,  -6.34070344e+10,
          7.26112666e+10,  -1.11286707e+09,   6.15195976e+10,
         -3.31730544e+12,   8.76746588e+10,   5.36584389e+12,
         -2.47655117e+10,  -1.77020699e+11,   1.92813308e+12,
          2.32172290e+11,   1.46885547e+03,   2.09294213e+11,
         -7.69319731e+10,  -2.44871086e+10],
       [  1.23744141e+11,  -4.54016287e+10,   8.84806144e+09,
          1.50360506e+11,   3.30967319e+11,  -2.40052777e+10,
          2.76705915e+10,  -4.04333632e+08,   2.33758700e+10,
         -1.23826746e+12,   3.31817042e+10,   2.05543925e+12,
         -9.45052058e+09,  -6.74587812e+10,   7.13166619e+11,
          8.77809091e+10,   1.47099487e+03,   7.90235628e+10,
         -2.90538557e+10,  -9.81714534e+09],
       [  1.83615799e+11,  -6.87070249e+10,   1.34181396e+10,
          2.26272395e+11,   4.91496243e+11,  -3.61357476e+10,
          4.23277855e+10,  -5.28099040e+08,   3.56268687e+10,
         -1.89826623e+12,   5.02542295e+10,   3.05169013e+12,
         -1.44781363e+10,  -1.03191912e+11,   1.09660045e+12,
          1.33117796e+11,  -1.37240173e+03,   1.19435010e+11,
         -4.41299272e+10,  -1.38332099e+10],
       [ -1.04352342e+11,   3.71627254e+10,  -7.20716749e+09,
         -1.24376572e+11,  -2.78795125e+11,   1.98488351e+10,
         -2.19384443e+10,   4.43115840e+08,  -1.87377132e+10,
          9.96356653e+11,  -2.70804685e+10,  -1.73200192e+12,
          7.45721549e+09,   5.34842491e+10,  -5.74977278e+11,
         -7.15073290e+10,   2.48078354e+02,  -6.49299517e+10,
          2.36092355e+10,   8.80774656e+09],
       [  3.06926715e+10,  -1.17458186e+10,   2.29882317e+09,
          3.84406569e+10,   8.22368993e+10,  -6.14092698e+09,
          7.32291738e+09,  -7.44890320e+07,   6.13994189e+09,
         -3.29089581e+11,   8.59859866e+09,   5.10457184e+11,
         -2.50895872e+09,  -1.78527109e+10,   1.90690083e+11,
          2.28049510e+10,   7.25479492e+02,   2.03878031e+10,
         -7.57331200e+09,  -2.18459110e+09],
       [  2.10740036e+11,  -7.59081452e+10,   1.47592868e+10,
          2.52890431e+11,   5.63234800e+11,  -4.03633807e+10,
          4.56615281e+10,  -7.80285184e+08,   3.87455304e+10,
         -2.04582198e+12,   5.54179215e+10,   3.49866322e+12,
         -1.55657288e+10,  -1.11319319e+11,   1.17628482e+12,
          1.46430706e+11,  -3.08781494e+02,   1.32327719e+11,
         -4.83923886e+10,  -1.74443028e+10],
       [ -1.75967306e+11,   6.43088466e+10,  -1.25236367e+10,
         -2.13318287e+11,  -4.70573285e+11,   3.40550861e+10,
         -3.89993308e+10,   6.02096512e+08,  -3.30022789e+10,
          1.75042200e+12,  -4.69766963e+10,  -2.92258814e+12,
          1.33098619e+10,   9.50774006e+10,  -1.00880450e+12,
         -1.24248695e+11,   3.43573926e+03,  -1.12000393e+11,
          4.11116831e+10,   1.40544768e+10],
       [  3.12266752e+10,  -1.04216924e+10,   2.00329958e+09,
          3.57142569e+10,   8.32210780e+10,  -5.69437798e+09,
          5.82274867e+09,  -1.79804944e+08,   5.06923827e+09,
         -2.67213079e+11,   7.56013568e+09,   5.17387452e+11,
         -1.96250125e+09,  -1.41954417e+10,   1.53504088e+11,
          1.98799462e+10,  -8.13438623e+03,   1.83216067e+10,
         -6.52628019e+09,  -2.96661427e+09],
       [ -1.10200259e+11,   3.98998077e+10,  -7.77797734e+09,
         -1.32381073e+11,  -2.94545621e+11,   2.11296727e+10,
         -2.45072282e+10,   3.41656288e+08,  -2.06475796e+10,
          1.07501912e+12,  -2.91965972e+10,  -1.82956825e+12,
          8.38088653e+09,   5.97467587e+10,  -6.13521359e+11,
         -7.71650273e+10,   2.61858911e+03,  -6.93781463e+10,
          2.55140782e+10,   9.08380570e+09],
       [ -1.87323318e+11,   6.88555704e+10,  -1.34113116e+10,
         -2.28117479e+11,  -5.01081407e+11,   3.64209439e+10,
         -4.17453015e+10,   6.39317696e+08,  -3.53297490e+10,
          1.88266879e+12,  -5.02895493e+10,  -3.11179792e+12,
          1.42459156e+10,   1.01771846e+11,  -1.08766095e+12,
         -1.33054022e+11,  -2.37731348e+03,  -1.19924359e+11,
          4.40454758e+10,   1.47540787e+10],
       [  3.32608389e+10,  -1.23515146e+10,   2.39690598e+09,
          4.09879060e+10,   8.90426900e+10,  -6.54579507e+09,
          7.20869734e+09,  -1.47642864e+08,   6.18372045e+09,
         -3.43087874e+11,   8.98004378e+09,   5.52863400e+11,
         -2.44507418e+09,  -1.75742321e+10,   2.02260611e+11,
          2.37803930e+10,   6.88219238e+03,   2.16119255e+10,
         -7.87756595e+09,  -2.50426880e+09],
       [  1.56304998e+10,  -4.80307302e+09,   9.34224128e+08,
          1.64985129e+10,   4.14861926e+10,  -2.62485274e+09,
          3.10210970e+09,  -3.92893800e+07,   2.56777498e+09,
         -1.09296722e+11,   3.55231949e+09,   2.58186576e+11,
         -1.07014861e+09,  -7.56268442e+09,   5.49216338e+10,
          9.26588518e+09,   6.99867627e+03,   8.29273958e+09,
         -3.01697408e+09,  -1.85819610e+09],
       [ -1.42849671e+11,   5.21556705e+10,  -1.01582408e+10,
         -1.73013238e+11,  -3.81988110e+11,   2.76200878e+10,
         -3.16763279e+10,   4.83058208e+08,  -2.67921142e+10,
          1.41811161e+12,  -3.81062840e+10,  -2.37244724e+12,
          1.08131901e+10,   7.72244767e+10,  -8.16409215e+11,
         -1.00781220e+11,   3.76395703e+03,  -9.08171837e+10,
          3.33441946e+10,   1.14431140e+10],
       [ -1.54272907e+11,   5.66511370e+10,  -1.10233405e+10,
         -1.87980300e+11,  -4.12676522e+11,   3.00131246e+10,
         -3.40642263e+10,   5.62245504e+08,  -2.89134674e+10,
          1.55044545e+12,  -4.13360456e+10,  -2.56281464e+12,
          1.16099461e+10,   8.30459822e+10,  -8.98621178e+11,
         -1.09365256e+11,   1.73188733e+03,  -9.87658076e+10,
          3.62005627e+10,   1.21202432e+10],
       [  9.21521050e+09,  -4.18321459e+09,   8.70551360e+08,
          1.23595397e+10,   2.47817544e+10,  -1.97698611e+09,
          3.88044390e+09,   1.47927904e+08,   2.89342336e+09,
         -1.18556082e+11,   3.22982733e+09,   1.53611043e+11,
         -1.39383181e+09,  -9.46024141e+09,   5.78529280e+10,
          8.62875238e+09,  -4.63615186e+03,   6.81408051e+09,
         -2.89898010e+09,  -4.85840160e+08]], dtype=float32), array([ 0.,  0.,  0.,  0.,  0.,  0.,  0.,  0.,  0.,  0.,  0.,  0.,  0.,
        0.,  0.,  0.,  0.,  0.,  0.,  0.], dtype=float32)][array([[  5.23030204e+37],
       [  2.87099790e+37],
       [ -3.95974776e+37],
       [            -inf],
       [  4.72082551e+35],
       [ -4.44010646e+37],
       [  8.78776468e+37],
       [  3.06840120e+36],
       [ -9.64931682e+37],
       [ -6.43421770e+37],
       [ -2.03275392e+37],
       [            -inf],
       [  9.89293290e+37],
       [ -8.02889985e+37],
       [ -4.13492845e+37],
       [ -7.75441901e+37],
       [  3.16365963e+37],
       [ -9.20760612e+36],
       [ -9.09658769e+37],
       [  2.40636491e+37]], dtype=float32), array([ 0.], dtype=float32)]