[array([[ 0.00136964,  0.02036689,  0.02663588, -0.01563028, -0.08563074,
         0.03641528,  0.03520615,  0.08672236,  0.06212252,  0.07061873,
         0.02878065,  0.00392124, -0.01223569, -0.00822048,  0.0044124 ,
        -0.02698892, -0.03617828, -0.00068161,  0.02752082,  0.00831556,
         0.02450135, -0.05037433, -0.02187376,  0.04498151, -0.07283998,
        -0.0097185 ,  0.05788688, -0.01701768,  0.02558155,  0.01539054,
        -0.04763539,  0.00792085,  0.02134539,  0.00075854, -0.12835926,
         0.03813346,  0.07829376,  0.04930594, -0.0065449 ,  0.00873928,
        -0.05213431,  0.09625845, -0.02357564,  0.02100259,  0.04019   ,
         0.02290975,  0.00436506,  0.06388035,  0.05537396,  0.06744304],
       [-0.02910579,  0.13009197, -0.03098738, -0.03961362,  0.09362771,
         0.00972754, -0.04566631, -0.05386561,  0.0916559 , -0.04895208,
         0.01678296, -0.03852185, -0.09439518,  0.06971879,  0.04817543,
         0.10481044, -0.07984772, -0.10413495,  0.02890842,  0.0685777 ,
         0.04542817, -0.01598928,  0.01386053, -0.03880052, -0.0386286 ,
        -0.01057792, -0.00618918, -0.05092342, -0.04161498,  0.05578411,
        -0.03478959,  0.10006636,  0.02787642,  0.03324474,  0.01819405,
        -0.02542319, -0.02622697,  0.02379918,  0.02100964,  0.05169961,
        -0.04526841,  0.06055466,  0.03258191,  0.04821138,  0.01898554,
         0.03500482, -0.0079662 ,  0.06414714, -0.03573864, -0.00627064],
       [-0.05118904, -0.06993295, -0.02950332,  0.01392618,  0.0541211 ,
        -0.07995701, -0.06731418, -0.0003489 , -0.02478012, -0.06070927,
         0.12697564,  0.06003579, -0.00130397,  0.02576328, -0.02833644,
         0.08889466,  0.03549477,  0.0010643 , -0.02313998,  0.00662681,
         0.00530141, -0.00351048, -0.05830242,  0.02139997, -0.02230817,
         0.01753845, -0.00429359, -0.04295891,  0.0722646 ,  0.02992244,
        -0.07971695, -0.03881892, -0.04019285, -0.05438928,  0.1089495 ,
         0.02162688, -0.01272162, -0.03060306, -0.03208921,  0.01903881,
        -0.049822  ,  0.07424504, -0.0407769 , -0.05079419, -0.0002379 ,
        -0.02676304, -0.07584967,  0.0379642 ,  0.04432408, -0.01036739],
       [-0.0669995 ,  0.03355384,  0.00688129,  0.08277624, -0.1395676 ,
         0.03877507, -0.00177684, -0.00858018, -0.09038129, -0.02234297,
        -0.00991278,  0.03007972, -0.0585523 , -0.02151121, -0.0577643 ,
         0.04203936,  0.00801507,  0.00327158, -0.07022168, -0.09539306,
         0.11721732, -0.0450923 ,  0.08089026, -0.00631841, -0.11251426,
        -0.05481514, -0.06008787,  0.00808411,  0.13346715,  0.03941387,
         0.14540997,  0.03996651, -0.00620628,  0.04614305,  0.00176685,
        -0.04803804,  0.04892444,  0.09778377, -0.04388654, -0.05096939,
         0.03768351, -0.0474245 , -0.03400392,  0.01490915, -0.00732563,
        -0.04909924,  0.02282159,  0.05623331, -0.03823785, -0.00807427],
       [ 0.00763452,  0.04257973,  0.05957076, -0.0005927 ,  0.03052959,
        -0.0294038 ,  0.07748631, -0.05454684,  0.01313104,  0.03752527,
        -0.08855528, -0.03614648, -0.03030343,  0.06835289,  0.0334943 ,
        -0.00406858,  0.04378269,  0.01708454,  0.02838105, -0.0427483 ,
         0.01955535, -0.08896338, -0.020131  ,  0.07773485,  0.03305146,
        -0.00705305,  0.01402684, -0.09341126, -0.11004733, -0.00631531,
         0.09491485, -0.02353363,  0.02934552,  0.05538537,  0.01689513,
        -0.01392168, -0.00073394,  0.10261866, -0.04392787, -0.06805235,
         0.00668501,  0.011204  , -0.06435331,  0.03746872,  0.00360913,
        -0.02456594, -0.02341882, -0.00407215,  0.06212815,  0.06371394],
       [-0.01432254, -0.02105065, -0.06422196,  0.06686323,  0.04806178,
        -0.07322779, -0.09558281, -0.0416702 , -0.05086923, -0.01192679,
         0.11423548,  0.05036175,  0.01729777, -0.07850752,  0.06944179,
        -0.00762351, -0.0404893 , -0.00626558,  0.09087806, -0.08224814,
        -0.00231952,  0.04172314,  0.03377108,  0.06794399, -0.023948  ,
         0.05758182, -0.02454784, -0.07782395,  0.00996817,  0.00026764,
         0.03034618, -0.0147971 ,  0.0826061 ,  0.00922726,  0.11701417,
         0.03840944,  0.05556223, -0.03181859, -0.06095136,  0.01961269,
         0.03411616, -0.17368671, -0.04276964, -0.00786785,  0.08574743,
        -0.04351722, -0.08473109, -0.01726673,  0.08059529,  0.00554474],
       [-0.05476019,  0.01424302,  0.0581303 , -0.0547295 ,  0.00993737,
         0.02785708,  0.03116651, -0.04506245,  0.04838734, -0.03486441,
         0.00153187,  0.02413446, -0.01330453, -0.01232003,  0.06423368,
         0.00294348, -0.04009486,  0.07247304, -0.05343298, -0.01248575,
        -0.08299097,  0.01864163, -0.01158584,  0.02632508, -0.17590392,
        -0.06905112, -0.01947024, -0.05403149, -0.02956574,  0.07599768,
         0.05063633, -0.01414429,  0.02812683, -0.07242207,  0.02679388,
         0.03420051, -0.00587968,  0.0540359 ,  0.00498424, -0.05916412,
         0.0900998 ,  0.07073142, -0.03410636,  0.01989485, -0.0139844 ,
         0.06399113, -0.03135588,  0.03222932,  0.07545733, -0.04089568],
       [-0.05441637, -0.00989592,  0.00753056,  0.05105608, -0.04335641,
        -0.05016987, -0.04684994, -0.0230486 , -0.01505342,  0.04621779,
         0.03641044, -0.05313777,  0.08328154, -0.06531765, -0.09200745,
        -0.01889515, -0.02342346,  0.01719735, -0.05062602,  0.01343035,
        -0.01120977,  0.07426756,  0.10248351, -0.00431806,  0.02086517,
        -0.02667861,  0.02588399, -0.04016942,  0.00432652, -0.03940102,
         0.01228788, -0.00170322, -0.01519284,  0.01939501,  0.02757785,
        -0.03660381, -0.0432113 ,  0.05164231,  0.0114071 ,  0.02470884,
         0.02114655,  0.03745952,  0.01611953,  0.02973451,  0.02458795,
        -0.04085034, -0.05549986, -0.00901865, -0.00558072, -0.05975312]], dtype=float32), array([ 0.,  0.,  0.,  0.,  0.,  0.,  0.,  0.,  0.,  0.,  0.,  0.,  0.,
        0.,  0.,  0.,  0.,  0.,  0.,  0.,  0.,  0.,  0.,  0.,  0.,  0.,
        0.,  0.,  0.,  0.,  0.,  0.,  0.,  0.,  0.,  0.,  0.,  0.,  0.,
        0.,  0.,  0.,  0.,  0.,  0.,  0.,  0.,  0.,  0.,  0.], dtype=float32)][array([[  8.21871758e-02,   9.26479250e-02,  -4.07324992e-02,
          9.52323806e-03,  -1.38471350e-02,   3.41675691e-02,
          5.99351898e-03,  -5.34104407e-02,   2.95667108e-02,
         -7.66887236e-03,   1.03204290e-03,   4.82834270e-03,
          4.87131290e-02,  -4.80353907e-02,  -6.03346899e-02,
          1.03233466e-02,  -1.75310131e-02,  -2.20723040e-02,
          3.72198410e-02,  -4.05661464e-02],
       [  1.91819556e-02,  -4.32810150e-02,  -1.48450527e-02,
         -5.83673222e-03,   3.96048240e-02,  -1.39074046e-02,
         -7.97959119e-02,   6.66814819e-02,  -2.60593686e-02,
          7.48638734e-02,  -1.10790925e-02,   1.02069043e-01,
          6.43561408e-03,  -4.80510993e-03,  -7.13662580e-02,
          2.48062816e-02,   1.82594676e-02,   2.66856495e-02,
         -3.33168320e-02,  -9.97370295e-03],
       [  1.12063341e-01,   1.77835468e-02,   2.12824401e-02,
         -9.01772007e-02,   1.11743063e-02,  -5.20490780e-02,
         -3.87722962e-02,  -8.07324499e-02,   9.05260351e-03,
         -3.75630073e-02,   7.21919537e-02,  -3.01356800e-03,
          2.36898963e-03,   3.59041728e-02,   2.87911873e-02,
         -3.19437683e-03,   1.57722328e-02,   2.30679121e-02,
         -3.33348475e-02,  -7.79271051e-02],
       [ -7.77289970e-03,   4.71455380e-02,  -1.79458018e-02,
          5.84987216e-02,   2.29029618e-02,   8.85534566e-03,
          2.88095456e-02,   7.49056926e-03,   6.22515753e-03,
         -5.12796342e-02,  -3.90797220e-02,  -2.74091377e-03,
         -1.94918774e-02,  -3.03357728e-02,  -6.59825746e-03,
          1.41492924e-02,  -4.30249162e-02,  -2.61587203e-02,
         -7.84430187e-03,   5.40757971e-03],
       [ -1.64646879e-02,   1.30598741e-02,   1.42065501e-02,
          2.90634371e-02,  -1.51087791e-02,   3.33186686e-02,
         -4.10586409e-02,   6.82331622e-03,  -4.63318676e-02,
         -6.48890063e-02,   4.82210256e-02,   1.61252003e-02,
          1.16879558e-02,   6.40441105e-02,   1.99143421e-02,
          2.49288101e-02,  -1.52060529e-02,   3.82145680e-02,
          4.35933024e-02,  -5.00093065e-02],
       [ -8.43118131e-02,   6.67935098e-03,  -7.38520175e-03,
         -4.63689415e-04,  -5.14736772e-03,  -3.76059115e-02,
         -5.87766953e-02,  -1.06990235e-02,   1.25942752e-01,
          9.60785244e-03,  -2.92581823e-02,  -1.66380964e-02,
         -5.52918017e-02,   9.36943572e-03,  -1.11848176e-01,
         -4.88214241e-03,  -1.30107196e-03,   4.75340709e-02,
          5.46145923e-02,  -9.15803388e-02],
       [  3.01613696e-02,   3.45244142e-03,   5.19942045e-02,
          2.05365811e-02,  -3.18054967e-02,  -1.18999621e-02,
          9.85865220e-02,  -2.52905693e-02,   1.09475199e-02,
         -5.83215209e-04,  -2.85121296e-02,  -1.46995634e-02,
         -2.35070698e-02,  -1.05943885e-02,  -1.13114394e-01,
          3.79069597e-02,   3.72426920e-02,  -8.30076039e-02,
          2.91565042e-02,   2.85279360e-02],
       [  6.11362271e-02,   7.26326108e-02,   2.29574051e-02,
          2.40616407e-02,  -1.06244646e-01,   3.50176394e-02,
         -5.92351817e-02,   4.78862636e-02,   6.49364060e-03,
          5.55415684e-03,  -2.88103912e-02,   6.83090612e-02,
         -4.96610589e-02,  -1.77047309e-02,  -4.23414521e-02,
          3.21750008e-02,   4.28581517e-03,   7.80908838e-02,
         -2.96218786e-02,   1.34879621e-02],
       [  8.36666208e-03,   1.15808628e-01,   2.99448762e-02,
          2.83237342e-02,   6.91443682e-02,   1.14277698e-01,
          1.07989358e-02,  -7.08089862e-03,  -4.87449430e-02,
         -7.15433946e-03,  -1.57240313e-02,   7.09466115e-02,
          9.59202573e-02,   6.14501722e-03,  -2.34401170e-02,
          1.92014594e-02,  -1.57569125e-02,   1.96360033e-02,
         -2.73942146e-02,   1.01290410e-03],
       [  5.63611165e-02,  -3.53452079e-02,  -5.75981401e-02,
          1.29784822e-01,  -4.74005602e-02,  -8.13539699e-03,
          9.58555937e-02,  -6.89091608e-02,  -6.84996415e-03,
         -5.44446297e-02,   6.75412044e-02,   1.04522323e-02,
         -4.57078256e-02,   6.72544166e-02,   2.02556718e-02,
         -1.15490975e-02,   9.99047421e-04,   4.98468690e-02,
         -4.09374125e-02,   2.80455500e-02],
       [ -8.95640627e-02,   2.78027635e-02,  -6.35356009e-02,
         -6.69846460e-02,  -4.47150096e-02,  -2.52152269e-04,
         -6.65955851e-03,  -1.17561303e-01,  -2.03212518e-02,
          6.92166165e-02,   3.30707766e-02,   2.72206161e-02,
         -6.30473718e-02,  -3.72131132e-02,   3.72597240e-02,
         -5.38594685e-02,  -6.22592680e-03,   7.98929036e-02,
          6.72537684e-02,   1.99422948e-02],
       [ -3.59212756e-02,   1.98593661e-02,  -9.35663562e-03,
         -6.19727969e-02,  -9.12462175e-02,   2.36217901e-02,
         -3.85286694e-04,  -6.13852637e-03,  -1.63465831e-02,
          2.92046126e-02,   2.65332498e-02,   9.75529999e-02,
         -4.26280797e-02,  -5.77598512e-02,   1.89941935e-02,
          4.60175537e-02,   1.50303412e-02,  -6.66516740e-03,
         -5.03055379e-03,   1.55571699e-02],
       [ -5.17558865e-02,   6.31525666e-02,   3.81190442e-02,
          1.09511742e-03,  -9.18653384e-02,   9.10616145e-02,
         -2.49987617e-02,  -8.33207592e-02,  -4.74368632e-02,
         -5.55240475e-02,   2.77404524e-02,  -3.53065692e-02,
          4.93852720e-02,   7.21723353e-03,   2.24011056e-02,
         -4.34731226e-03,  -1.65161155e-02,   1.20655587e-02,
          3.56151519e-04,   7.03052506e-02],
       [  5.83568215e-02,  -1.11600962e-02,  -4.70661931e-02,
         -6.89813569e-02,   3.83966304e-02,  -3.73899303e-02,
          7.29219913e-02,  -4.37727751e-04,  -2.40053982e-02,
          1.33233727e-04,  -3.61910090e-02,   1.23452723e-01,
         -1.39090225e-01,   2.58900132e-02,  -3.60918716e-02,
          3.51533554e-02,  -1.65409204e-02,   7.34062418e-02,
         -3.78426649e-02,   3.34290639e-02],
       [ -2.23485585e-02,  -1.31748617e-02,  -7.48527721e-02,
         -4.41338383e-02,  -2.00309623e-02,  -5.08317649e-02,
         -8.16785824e-03,   1.36167124e-01,   2.98424941e-02,
         -1.11000612e-02,   3.99917923e-02,   1.21444479e-01,
         -3.78841124e-02,  -4.46616970e-02,   4.35327403e-02,
         -9.26360786e-02,   4.25324738e-02,  -2.94173788e-02,
         -9.07590911e-02,  -8.21536034e-03],
       [ -3.44009884e-02,  -6.13282323e-02,  -1.13786459e-01,
         -1.78001132e-02,  -3.60236689e-02,  -4.57211696e-02,
         -5.03920158e-03,  -1.76702384e-02,   1.27346501e-01,
          5.13582900e-02,   3.10538686e-03,   1.29147423e-02,
         -4.55731191e-02,  -5.70668280e-02,  -3.89049924e-03,
          1.53228929e-02,  -3.27531733e-02,   6.37997240e-02,
          2.16695201e-02,  -4.27164882e-02],
       [  8.02620202e-02,  -7.15534016e-03,  -2.40707840e-03,
         -8.48919954e-05,   2.94782165e-02,  -3.57017070e-02,
         -7.62890577e-02,   6.36679158e-02,  -9.95588973e-02,
         -7.38199577e-02,  -2.71275174e-02,  -2.14996245e-02,
         -1.69366281e-02,   1.29501624e-02,   6.59398213e-02,
          7.91046545e-02,   3.58026288e-02,   7.61628971e-02,
          4.01537819e-03,  -5.57386763e-02],
       [  1.84385467e-03,   1.04791217e-01,  -6.36995286e-02,
         -5.48762046e-02,  -5.88762872e-02,  -6.78526759e-02,
          4.00891453e-02,   1.58013997e-03,   5.05324788e-02,
         -5.94032602e-03,   1.37553615e-02,   2.34321095e-02,
          3.27999853e-02,  -5.51523864e-02,   2.53564268e-02,
         -1.00915134e-01,   6.22214340e-02,  -5.00765396e-03,
         -2.06018221e-02,  -2.43257396e-02],
       [  5.39397299e-02,  -1.78093705e-02,  -4.62727472e-02,
          6.22424670e-02,   1.23628322e-02,  -3.85601223e-02,
         -9.61418822e-03,  -7.30276033e-02,  -2.64950246e-02,
         -4.41427715e-02,  -3.61598693e-02,  -6.34416416e-02,
         -1.85869094e-02,   1.54216466e-02,   4.46841158e-02,
         -4.58586030e-03,   3.30024026e-02,   1.60527434e-02,
          1.99318342e-02,  -7.51331076e-02],
       [  7.42204860e-02,   1.65687427e-02,  -2.97711883e-02,
         -7.42098019e-02,  -6.13735691e-02,  -2.63524838e-02,
         -2.36116927e-02,  -3.20146047e-02,   4.65090275e-02,
          1.74232870e-02,   8.35688785e-02,  -2.62616621e-03,
         -3.48166712e-02,  -5.50489686e-03,  -3.15562799e-03,
          5.78786433e-02,  -1.24680726e-02,  -2.23721191e-02,
          4.77119610e-02,   3.37554584e-03],
       [  5.79431467e-03,   1.51895612e-01,  -7.25794360e-02,
         -1.29000336e-01,  -4.65002917e-02,   9.74119008e-02,
          6.56710425e-03,   1.22632203e-03,  -7.96814412e-02,
         -2.65953243e-02,  -1.76821854e-02,   8.60876739e-02,
         -5.61321788e-02,   1.08501986e-01,  -6.08257465e-02,
          6.10240772e-02,  -5.16104773e-02,   1.86546275e-03,
         -4.76448610e-02,   3.62772159e-02],
       [  3.91065665e-02,  -1.48681058e-02,   1.22135608e-02,
         -3.14057097e-02,   6.34204084e-03,  -4.87108715e-02,
          3.68025317e-03,  -4.16416451e-02,  -2.43785437e-02,
          7.77793154e-02,  -4.90676388e-02,   7.70387650e-02,
         -8.08971897e-02,  -3.49052660e-02,  -9.38660582e-04,
          4.91295718e-02,  -2.37853434e-02,   4.56550010e-02,
          4.30396460e-02,  -8.26643314e-03],
       [ -8.55678543e-02,  -3.89517546e-02,  -2.98476219e-02,
          1.00291960e-01,  -8.01387727e-02,   1.60032921e-02,
          1.17610179e-01,  -5.31442873e-02,   1.37368187e-01,
         -1.95177775e-02,  -6.92525972e-03,   3.96653302e-02,
          5.35298400e-02,   7.51239881e-02,   4.68864627e-02,
         -7.48268291e-02,  -3.61797400e-02,   1.64133217e-02,
          2.78694951e-03,  -1.79555230e-02],
       [  3.27578746e-02,   7.04666749e-02,  -7.49533623e-02,
          1.02939896e-01,  -1.01658003e-02,  -4.07830663e-02,
         -1.33105144e-01,   1.53589237e-03,  -1.31116360e-02,
          6.37836680e-02,   1.11083845e-02,   4.64735292e-02,
          6.88291416e-02,   4.26038578e-02,  -3.77117172e-02,
         -1.01863682e-01,   7.23185986e-02,   2.60889567e-02,
         -7.90947378e-02,  -2.99986429e-03],
       [  6.29291981e-02,   2.77718604e-02,   4.71196920e-02,
          4.10069674e-02,   2.45704353e-02,   7.64519125e-02,
          1.80108044e-02,   8.74127001e-02,  -5.33849970e-02,
          5.75360321e-02,   6.83465376e-02,   4.47137579e-02,
         -1.40276225e-02,   1.60986632e-02,  -1.69918649e-02,
         -1.76016018e-02,   5.22160046e-02,   9.00860131e-02,
          2.57609133e-02,   4.54266295e-02],
       [ -4.31255661e-02,  -7.21690664e-03,   5.15990555e-02,
         -1.60036504e-03,  -1.44108860e-02,  -5.69964349e-02,
         -5.46461940e-02,   5.91117851e-02,  -1.76831037e-02,
         -2.14919411e-02,  -4.87562007e-04,  -6.81655630e-02,
         -5.60277104e-02,   9.39978883e-02,  -2.52968352e-02,
          4.56979871e-02,  -6.05470315e-02,  -1.10733800e-03,
          2.19595176e-03,   1.67697351e-02],
       [ -1.25337526e-01,   5.62404804e-02,  -3.46256271e-02,
          1.44326314e-02,   1.62609592e-02,  -2.98840757e-02,
          7.16441348e-02,  -4.28784685e-03,   2.45467778e-02,
         -6.15183078e-02,  -8.30779970e-02,   7.35569820e-02,
         -7.52827972e-02,   2.13930495e-02,  -7.02024028e-02,
         -5.50124459e-02,  -2.92298682e-02,  -3.04710157e-02,
         -6.17850982e-02,  -8.84729624e-03],
       [ -5.17103784e-02,   4.51517701e-02,  -5.84411249e-03,
         -6.07009642e-02,   9.14773718e-02,  -1.15125813e-01,
         -3.11043742e-03,   6.89453352e-03,  -3.93071212e-02,
          4.33686823e-02,   1.14825659e-01,   1.29260812e-02,
         -4.76345122e-02,  -7.06515834e-02,  -4.79226075e-02,
         -4.28003445e-02,  -5.05479686e-02,  -6.04223013e-02,
          5.61105795e-02,   2.02929974e-02],
       [ -6.33015633e-02,   1.92855224e-02,   4.70448136e-02,
          2.11944561e-02,   5.97318374e-02,  -7.99520090e-02,
          1.18644862e-02,  -8.07168707e-02,   9.68606956e-03,
          1.84134860e-02,  -4.75520715e-02,   1.43957749e-01,
         -1.81878936e-02,   3.12585123e-02,   1.32318465e-02,
         -8.43509361e-02,  -1.45857474e-02,   3.42400037e-02,
         -8.30596909e-02,   2.54345387e-02],
       [ -1.44146150e-02,  -2.44453605e-02,   5.77077046e-02,
         -4.96552400e-02,  -5.35734296e-02,  -4.26769368e-02,
         -7.11502135e-02,  -5.93973557e-03,  -3.56210992e-02,
         -3.57265659e-02,   4.93992604e-02,  -2.23401487e-02,
         -1.36088450e-02,  -4.46375571e-02,   6.41769022e-02,
         -4.55330610e-02,  -1.62620991e-02,  -7.07451850e-02,
          4.26186025e-02,   3.22331153e-02],
       [  4.86403191e-03,  -1.45872459e-02,  -4.68842350e-02,
          5.76237552e-02,   1.19121252e-02,  -7.74215311e-02,
          1.06036300e-02,  -5.05753271e-02,   9.59950909e-02,
         -2.65719998e-03,   2.54538748e-02,  -4.11637174e-03,
         -1.87266301e-02,   7.10461065e-02,  -4.65184413e-02,
          4.57668714e-02,   4.26117331e-02,   5.54932095e-03,
          4.32504714e-02,   1.77770369e-02],
       [ -1.03939474e-02,  -1.09573796e-01,  -3.77922654e-02,
          7.54770115e-02,   3.35150138e-02,  -1.13582304e-02,
         -1.58547293e-02,  -1.90382209e-02,  -4.66747992e-02,
          7.60621279e-02,   4.96404953e-02,  -5.18013432e-04,
          2.00718641e-02,  -1.25487512e-02,  -8.47273767e-02,
          4.19230293e-03,  -7.80135468e-02,   1.21717237e-01,
         -3.53654772e-02,   1.02200426e-01],
       [  1.09490110e-02,  -5.34689799e-02,  -2.26129666e-02,
         -6.48922846e-02,   5.68052195e-02,  -9.94721614e-03,
         -1.02410629e-01,  -1.24087296e-02,  -7.72857014e-03,
          2.56543141e-02,   1.13261603e-02,  -1.09977618e-01,
         -6.57482026e-03,   8.98790918e-03,  -7.42290542e-02,
         -8.18059128e-03,  -7.35032856e-02,  -7.14713037e-02,
         -1.37668476e-01,   6.08470142e-02],
       [  2.56617069e-02,   5.48814517e-03,   7.67701119e-02,
          4.73501943e-02,   3.05702835e-02,  -5.49520329e-02,
         -1.02198413e-02,  -1.04873115e-02,  -3.80901955e-02,
         -1.13346204e-02,  -6.67399615e-02,  -4.30765375e-02,
         -2.67128590e-02,  -2.18452662e-02,   1.66090559e-02,
         -1.14481186e-03,  -2.75823325e-02,   5.49056605e-02,
          7.39586446e-03,   2.10750327e-02],
       [  6.45832950e-03,   1.37425542e-01,  -3.03026177e-02,
         -4.96082716e-02,   3.14924796e-03,  -2.64650285e-02,
         -4.48388122e-02,  -8.03920850e-02,  -7.51382997e-03,
          5.18348701e-02,   1.93593651e-02,  -6.14629202e-02,
          1.64021067e-02,   3.62553424e-03,  -1.23253604e-02,
          2.70620338e-04,  -7.10752681e-02,  -3.03291418e-02,
         -3.20777148e-02,  -4.67329733e-02],
       [  1.53121054e-01,   1.41769692e-01,  -6.40011281e-02,
         -1.19639123e-02,   2.08033286e-02,   7.03907534e-02,
         -5.21499701e-02,   3.96345183e-02,  -1.43811172e-02,
         -6.06660619e-02,  -1.48993498e-02,   9.40502733e-02,
         -1.05990460e-02,   5.69062233e-02,  -1.06573738e-01,
          5.97240776e-03,   3.45390663e-02,   3.59413102e-02,
         -2.11346466e-02,   3.47428024e-02],
       [  4.33318084e-03,   4.49991338e-02,  -2.42313817e-02,
          3.11506609e-03,   1.19208572e-02,  -4.97569889e-02,
         -2.14098915e-01,   9.28002223e-02,  -5.35527198e-03,
         -5.68727124e-03,  -2.87827440e-02,   3.26863341e-02,
          5.03240013e-03,  -2.46590440e-04,   7.28880316e-02,
         -6.85722679e-02,   2.92076357e-02,  -7.65439635e-03,
         -6.56280294e-03,   4.14327122e-02],
       [ -5.00924466e-03,  -5.62547632e-02,   9.41705890e-03,
         -8.22613388e-02,   6.02810271e-03,  -3.96349840e-02,
          5.38453534e-02,   2.69096680e-02,  -7.78062418e-02,
         -9.53470096e-02,   1.53122908e-02,  -1.09052528e-02,
          2.10540574e-02,   4.48846854e-02,  -2.09353212e-02,
         -1.00662755e-02,   3.00114136e-02,   6.09402247e-02,
          8.78740996e-02,   9.21181366e-02],
       [  8.57158303e-02,  -2.00941246e-02,  -4.98101637e-02,
         -1.43040437e-02,   4.56728935e-02,  -3.53532992e-02,
          1.37216344e-01,  -5.49613014e-02,  -8.40068683e-02,
         -8.26409608e-02,  -1.08267982e-02,   5.51249087e-02,
         -2.32716408e-02,  -2.00180542e-02,   1.20524742e-01,
          2.64688432e-02,   3.84814255e-02,  -3.23419869e-02,
         -6.51103556e-02,  -1.14450537e-01],
       [ -1.33183440e-02,   3.61226313e-02,  -6.24896362e-02,
         -3.54088545e-02,   3.60662565e-02,  -1.70276519e-02,
          3.59086320e-02,  -1.87090971e-02,   8.00391063e-02,
         -6.09880649e-02,   2.56782840e-03,  -3.14247087e-02,
         -3.62535007e-02,   1.59842316e-02,  -2.73550698e-03,
         -7.47176930e-02,  -3.74070145e-02,  -2.97458228e-02,
          3.88242975e-02,   4.90441248e-02],
       [ -4.27310122e-03,   7.80497715e-02,  -3.47060151e-02,
          6.33439515e-03,   3.66754010e-02,   2.17324365e-02,
          1.55017897e-02,   6.48550615e-02,  -3.42999063e-02,
          5.53382151e-02,  -1.76630896e-02,   4.28013578e-02,
          3.37236375e-02,  -6.30592033e-02,   6.82964250e-02,
         -1.55237410e-03,   1.98759101e-02,   3.10342573e-03,
          2.23531406e-02,   5.29128425e-02],
       [ -2.57661641e-02,   3.90674919e-02,   2.23635696e-03,
          6.04296513e-02,   1.67350713e-02,   6.32108981e-03,
          3.09294760e-02,   1.16580106e-01,  -2.43131481e-02,
         -6.77627698e-02,   1.38737885e-02,  -1.40853776e-02,
          8.72319378e-03,   8.08265712e-03,   3.97323780e-02,
          4.80268896e-02,   4.86356802e-02,   7.86126405e-02,
          2.32009478e-02,  -6.42071217e-02],
       [  2.42725182e-02,  -2.54017916e-02,   9.03699622e-02,
          1.22161405e-02,  -2.09171157e-02,   3.45356576e-03,
         -3.64619084e-02,  -2.17454229e-02,   4.26950082e-02,
          2.45656874e-02,   5.34016602e-02,  -4.15603556e-02,
         -8.19812268e-02,   6.34043142e-02,  -2.42198464e-02,
         -1.17511693e-02,   4.13531177e-02,  -4.53742258e-02,
          2.11255737e-02,  -1.20562511e-02],
       [  2.66269986e-02,  -4.10769582e-02,  -3.56129259e-02,
          1.93619858e-02,  -7.45409494e-03,   2.32802611e-02,
         -2.46352348e-02,   2.36183759e-02,   9.49242339e-02,
          6.34873435e-02,  -8.22281986e-02,   9.99512523e-02,
          1.03158653e-02,  -8.82775038e-02,   5.81852568e-04,
         -1.18275005e-02,   8.40983074e-03,   2.37690676e-02,
          4.18145657e-02,  -6.37338236e-02],
       [  3.43746208e-02,   7.45604560e-02,  -3.10946144e-02,
         -4.53193448e-02,   2.84507629e-02,  -4.30762731e-02,
         -8.63783881e-02,  -4.07574475e-02,   3.08462530e-02,
         -1.34263322e-01,   6.51516244e-02,   6.72284439e-02,
         -2.62025930e-02,  -7.65909255e-02,  -7.04378709e-02,
          8.40370506e-02,   1.28911212e-02,   2.94637829e-02,
          2.61526238e-02,  -5.69028258e-02],
       [  6.78930804e-02,  -9.13313180e-02,  -7.97171425e-03,
          2.03884840e-02,   2.73321103e-02,   2.85159834e-02,
          6.18011355e-02,   6.53329268e-02,  -8.99807643e-03,
          1.32843494e-01,  -9.15242434e-02,  -4.35279347e-02,
          6.99360222e-02,   8.66606832e-03,  -3.69639695e-02,
         -1.05270846e-02,   2.28783451e-02,   1.53764263e-02,
          2.79738810e-02,  -2.78591365e-02],
       [  7.26385638e-02,   3.31867300e-02,   1.87293887e-02,
          6.44873008e-02,  -6.05574809e-02,   1.33242402e-02,
          2.03313697e-02,   1.44595571e-03,  -6.40766174e-02,
         -1.36050386e-02,  -4.04422469e-02,   3.96044403e-02,
          2.24110000e-02,   5.80761619e-02,   5.16297109e-02,
         -5.45885554e-03,   3.09967548e-02,  -1.06970064e-01,
          3.25068980e-02,  -2.05179639e-02],
       [ -2.26713084e-02,  -3.49026918e-02,  -8.34242776e-02,
         -8.52827206e-02,   2.62116431e-03,  -1.40531873e-02,
          6.33108243e-02,   4.08825576e-02,  -6.20108983e-03,
          1.91376340e-02,   4.59939949e-02,   5.68513684e-02,
          8.52950662e-02,   5.28969765e-02,  -9.70108807e-03,
         -3.42995338e-02,   2.81926598e-02,   4.91079129e-02,
          5.65688312e-02,   6.79791123e-02],
       [ -1.91930402e-02,   8.99171755e-02,  -1.53675443e-02,
          1.66993868e-02,  -6.11245446e-02,  -1.60739589e-02,
         -8.13625380e-02,   1.03264851e-02,   1.72160547e-02,
          7.67706260e-02,   1.74896251e-02,  -7.33804852e-02,
          1.51042091e-02,   2.24034786e-02,   3.36823650e-02,
         -4.90033701e-02,  -2.15424765e-02,   5.52830063e-02,
         -3.20019014e-02,   3.15694138e-03],
       [  6.58865506e-03,  -9.50962305e-02,  -5.41739278e-02,
          5.59416600e-02,  -2.85889190e-02,   7.33773271e-03,
         -6.16853796e-02,   6.40781447e-02,  -7.18637556e-02,
         -2.39932351e-02,  -3.56624164e-02,  -2.68255211e-02,
         -3.86859626e-02,  -5.07391654e-02,  -7.73204817e-03,
          1.81378971e-03,  -2.20303591e-02,  -2.22031530e-02,
          2.48269718e-02,   1.36810718e-02]], dtype=float32), array([ 0.,  0.,  0.,  0.,  0.,  0.,  0.,  0.,  0.,  0.,  0.,  0.,  0.,
        0.,  0.,  0.,  0.,  0.,  0.,  0.], dtype=float32)][array([[ 0.03797687],
       [ 0.03007487],
       [ 0.04097431],
       [ 0.06665282],
       [-0.04125274],
       [ 0.04148349],
       [-0.02569073],
       [ 0.01314595],
       [-0.13234258],
       [-0.01307964],
       [-0.01985576],
       [ 0.02425613],
       [-0.03458643],
       [ 0.0194572 ],
       [-0.04301604],
       [ 0.05013287],
       [ 0.035856  ],
       [-0.02162527],
       [ 0.04174728],
       [ 0.07150588]], dtype=float32), array([ 0.], dtype=float32)]