[array([[  2.49932804e+01,  -1.25588203e+02,  -7.55759403e-02,
          3.34180406e+05,   5.33988625e+05,   7.57297802e+00,
         -3.42016484e+04,   7.51282120e+00,   3.63346398e-01,
         -7.55934875e+02,   3.15282031e+03,  -2.10972538e+01,
         -2.61160195e-01,   3.60827893e-02,  -2.70401250e+06,
          8.25000331e-02,   4.87242156e+05,  -2.13543817e-01,
          2.23143301e+04,  -2.37532043e+02,   3.02220795e+02,
          2.73097290e+03,   1.26263297e+00,  -1.34065234e+05,
          5.63364737e-02,   1.71405176e+04,   8.77446383e-02,
         -2.72495094e+05,   2.50512930e+04,   1.99588516e+02,
         -5.06383545e+02,   3.43903394e+03,  -3.08403589e+03,
          2.92816895e+03,  -9.43966500e+05,  -1.56878223e+04,
         -6.31839523e+01,  -8.97713989e+02,  -5.33837708e+02,
         -3.38900113e+00,   1.54309121e+04,   1.86440453e+05,
         -4.16240044e+01,  -3.28576953e+03,   7.46053406e+02,
          1.71680617e+00,  -5.04309387e+02,  -4.86126938e+05,
          3.10907056e+03,  -3.15518921e+03],
       [ -2.05863876e+01,  -6.07054825e+01,   9.57770180e-03,
          1.35331400e+06,   2.11983925e+06,  -2.66182690e+01,
          1.77356500e+05,  -1.79566555e+01,  -6.17240071e-02,
          5.24772168e+03,   8.06709167e+02,   8.96957855e+01,
         -3.91965926e-01,   5.69167547e-02,  -1.00721390e+07,
         -7.99766704e-02,   1.81273188e+06,   5.36531031e-01,
         -9.87632812e+04,   9.41803650e+02,   6.72626419e+01,
          1.03927891e+04,  -1.22132432e+00,  -5.92776188e+05,
          3.99199314e-02,  -8.95000781e+04,   1.41040578e-01,
          1.42041888e+06,   1.11324805e+05,   1.11412480e+04,
          2.74378125e+03,   9.95271387e+03,   1.56660215e+04,
         -6.82600342e+03,  -3.48651500e+06,  -7.97124062e+04,
          2.65726807e+02,  -3.41549292e+03,   2.75036621e+03,
          2.28096275e+01,   5.91443438e+04,   6.83186000e+05,
          3.04377327e+01,   1.69901953e+04,  -3.61400977e+03,
         -2.31430840e+00,   2.28421191e+03,  -1.37775875e+06,
         -1.88315195e+04,   1.63363486e+04],
       [ -4.32518425e+01,  -1.57281723e+02,   7.89296776e-02,
          1.04988575e+06,   1.65573500e+06,  -1.40089607e+01,
          4.47835078e+04,   4.56608629e+00,   1.33124635e-01,
          1.41892834e+03,  -7.96544250e+02,   4.64396324e+01,
         -1.07156314e-01,  -8.91979858e-02,  -7.67378650e+06,
          1.12109937e-01,   1.38144625e+06,   7.69097388e-01,
         -1.80061543e+04,   2.97581085e+02,  -1.05209427e+02,
          8.14977441e+03,  -1.07295799e+00,  -4.39883281e+05,
          8.70184004e-02,  -2.25254219e+04,  -4.02626097e-02,
          3.57702125e+05,   8.27128906e+04,   5.28404785e+03,
          7.37044434e+02,   8.72904785e+03,   3.91469238e+03,
         -2.17812671e+03,  -2.66492675e+06,  -6.06466055e+04,
          3.91914864e+01,  -2.68163086e+03,   6.96349304e+02,
          9.08524609e+00,   4.56983398e+04,   5.47657750e+05,
          6.90335159e+01,   4.29681348e+03,  -8.94119690e+02,
         -7.91609669e+00,   4.71375977e+02,  -1.17780488e+06,
         -4.52230615e+03,   4.12388232e+03],
       [  1.82285557e+01,  -8.96410599e+01,   9.31085944e-02,
          1.03571056e+06,   1.65205612e+06,   1.90013733e+01,
         -7.43533828e+04,   2.13625878e-01,  -2.07414016e-01,
         -2.12375244e+03,  -1.84023950e+03,  -7.01140594e+01,
          3.10845971e-02,   2.90898029e-02,  -7.66421950e+06,
         -3.33409570e-02,   1.38023025e+06,  -4.96150613e-01,
          5.66775820e+04,  -3.10856232e+02,  -4.22909546e+01,
          8.08885889e+03,   1.12831306e+00,  -4.06554500e+05,
         -3.18112299e-02,   3.74524453e+04,  -3.55788991e-02,
         -5.97727562e+05,   7.63230781e+04,   1.00101611e+03,
         -7.00197021e+02,   9.83693945e+03,  -7.28308545e+03,
          2.48356470e+03,  -2.67281750e+06,  -5.52294180e+04,
         -1.16448685e+02,  -2.65824609e+03,  -1.16499817e+03,
         -1.48192129e+01,   4.56927930e+04,   5.64204562e+05,
         -3.07013073e+01,  -7.14684180e+03,   1.72784961e+03,
         -1.04047318e+01,  -1.05551917e+03,  -1.34578600e+06,
          9.03959473e+03,  -6.86097803e+03],
       [ -2.89756279e+01,   2.11161575e+01,  -2.82227583e-02,
          4.03753156e+05,   5.99105250e+05,  -3.87338867e+01,
          2.72997156e+05,  -4.30686474e+00,  -3.94569188e-01,
          7.83681543e+03,   2.99265430e+03,   1.25337746e+02,
          2.65625231e-02,  -3.09818871e-02,  -2.94393825e+06,
          8.52121860e-02,   5.28706250e+05,  -1.63073629e-01,
         -1.61600766e+05,   1.38094458e+03,   1.10919029e+02,
          2.90769507e+03,  -5.07320523e-01,  -2.20226266e+05,
          6.55910745e-02,  -1.37393625e+05,  -2.14905459e-02,
          2.18169400e+06,   4.14126328e+04,   1.09665420e+04,
          3.49793872e+03,   6.51693665e+02,   2.38230781e+04,
         -9.53884082e+03,  -9.98611125e+05,  -2.91013633e+04,
          3.95705292e+02,  -9.54068115e+02,   4.24001465e+03,
          3.44304428e+01,   1.68714297e+04,   1.59342094e+05,
          4.73986053e+01,   2.61740293e+04,  -5.56091748e+03,
         -3.75636756e-01,   3.39161743e+03,  -8.85096953e+04,
         -2.89884980e+04,   2.51483164e+04],
       [ -3.42490692e+01,  -4.53401527e+01,   7.82931671e-02,
         -3.00181562e+05,  -4.75715531e+05,   6.01828909e+00,
         -2.04960938e+04,   4.69087124e+00,  -2.39632390e-02,
         -5.38129761e+02,  -1.08094009e+02,  -2.20791779e+01,
          2.58978754e-01,  -1.57764181e-02,   2.38732800e+06,
          2.64081489e-02,  -4.29590781e+05,   1.21087611e+00,
          9.75392578e+03,  -5.31247292e+01,   3.13604736e+02,
         -2.37647729e+03,   5.20382784e-02,   1.29263328e+05,
          1.62210856e-02,   1.04875566e+04,   1.78104825e-02,
         -1.65571828e+05,  -2.42376406e+04,  -1.85149683e+03,
         -4.93253326e+02,  -2.52500220e+03,  -1.92427454e+03,
          8.25717407e+02,   8.28187250e+05,   1.98806895e+04,
         -2.85365906e+01,   7.76603516e+02,  -3.18740570e+02,
         -7.08848476e+00,  -1.36440215e+04,  -1.57642094e+05,
          5.72463646e+01,  -1.97996008e+03,   4.08875580e+02,
         -5.19882059e+00,  -2.40538879e+02,   3.56888500e+05,
          2.29708569e+03,  -1.90895093e+03],
       [ -2.64969845e+01,  -6.91473541e+01,  -1.11141810e-02,
          1.14848575e+06,   1.80120600e+06,  -2.34483395e+01,
          1.09890312e+05,   2.26815701e+01,  -8.71173739e-02,
          3.49675391e+03,  -3.02897949e+03,   7.99750137e+01,
         -4.82916385e-02,   1.36069944e-02,  -8.63223600e+06,
         -3.00209466e-02,   1.55400675e+06,  -3.63885164e-01,
         -5.99931328e+04,   6.36105347e+02,   1.57353653e+02,
          8.85721289e+03,  -1.37279034e-01,  -4.95021344e+05,
         -1.27391657e-02,  -5.52449648e+04,  -1.06526203e-02,
          8.78879312e+05,   9.29770547e+04,   8.14622607e+03,
          1.55548816e+03,   8.86640918e+03,   9.74547461e+03,
         -5.93130811e+03,  -2.99235325e+06,  -6.58037969e+04,
          1.58471786e+02,  -2.91075806e+03,   1.70683081e+03,
          1.92408085e+01,   5.04990820e+04,   5.86635188e+05,
          4.26986656e+01,   1.05188623e+04,  -2.26625903e+03,
         -6.54895544e+00,   1.30822888e+03,  -1.24067862e+06,
         -1.10654883e+04,   1.01003594e+04],
       [  6.10698700e+01,   1.89836365e+02,   1.07906740e-02,
          2.74251219e+05,   4.28808688e+05,   4.58680391e-02,
          2.81581445e+04,  -4.31882620e+00,  -1.14059255e-01,
          9.16324402e+02,  -1.87100623e+03,  -9.19911289e+00,
         -1.92935001e-02,   4.27279621e-02,  -2.11625850e+06,
          1.02808652e-02,   3.80970719e+05,   3.32726181e-01,
         -1.48910391e+04,   1.07236984e+02,   4.59736664e+02,
          2.15760352e+03,   1.38831174e+00,  -1.20980883e+05,
         -7.76980538e-04,  -1.40976670e+04,  -4.97434475e-02,
          2.23548875e+05,   2.24960156e+04,   2.01666467e+03,
          3.79737640e+02,   2.20262402e+03,   2.14835913e+03,
         -1.87800134e+03,  -7.33618812e+05,  -1.30982080e+04,
          6.69330902e+01,  -7.08310974e+02,   4.38046265e+02,
         -2.56758332e+00,   1.22022100e+04,   1.38440422e+05,
         -1.01663712e+02,   2.70771313e+03,  -4.78637360e+02,
         -3.96453071e+00,   2.79911743e+02,  -3.02251219e+05,
         -2.21306860e+03,   2.57997168e+03]], dtype=float32), array([ 0.,  0.,  0.,  0.,  0.,  0.,  0.,  0.,  0.,  0.,  0.,  0.,  0.,
        0.,  0.,  0.,  0.,  0.,  0.,  0.,  0.,  0.,  0.,  0.,  0.,  0.,
        0.,  0.,  0.,  0.,  0.,  0.,  0.,  0.,  0.,  0.,  0.,  0.,  0.,
        0.,  0.,  0.,  0.,  0.,  0.,  0.,  0.,  0.,  0.,  0.], dtype=float32)][array([[ -5.69762450e+06,   2.21416047e+11,   2.41240806e+09,
          6.20299200e+07,   1.02897720e+07,   5.33344100e+06,
          8.95903171e+10,   2.22786688e+08,  -1.43264998e+09,
          3.43510774e+10,   2.63951860e+11,   1.18887490e+11,
          1.93758863e+10,   3.13354400e+08,   2.86715494e+09,
         -3.60108032e+08,   2.83604608e+08,  -1.39708888e+06,
          8.50663834e+09,  -1.14348628e+12],
       [  3.46927900e+06,  -1.54521059e+11,  -1.75784858e+09,
         -4.81955400e+07,  -7.17303150e+06,  -3.70862925e+06,
         -7.05918976e+10,  -1.68777616e+08,   1.08071565e+09,
         -2.28102902e+10,  -1.85726288e+11,  -9.15651215e+10,
         -1.27391918e+10,  -1.96477600e+08,  -2.16088678e+09,
          2.24055264e+08,  -1.75501664e+08,   9.72797625e+05,
         -6.42657485e+09,   7.58126871e+11],
       [  9.02305625e+05,  -5.01388042e+10,  -6.08032768e+08,
         -3.57803320e+07,  -2.78106400e+06,  -1.44410400e+06,
         -3.21499812e+10,  -5.95379680e+07,   4.07700320e+08,
         -5.78989312e+09,  -5.89483663e+10,  -3.94941809e+10,
         -3.15897114e+09,  -1.01048992e+08,  -9.14688512e+08,
          6.88705840e+07,  -9.29110240e+07,   3.78167688e+05,
         -2.42914355e+09,   1.89178561e+11],
       [  9.99435900e+06,  -4.02167038e+11,  -4.52490138e+09,
         -1.02150256e+08,  -1.86096440e+07,  -9.62495500e+06,
         -1.74443201e+11,  -4.19820768e+08,   2.72754944e+09,
         -6.10517238e+10,  -4.84476027e+11,  -2.29027152e+11,
         -3.47776696e+10,  -5.11050816e+08,  -5.34187981e+09,
          6.28734144e+08,  -4.57338368e+08,   2.49507325e+06,
         -1.62145976e+10,   2.03150695e+12],
       [ -1.22258290e+07,   4.51536650e+11,   4.92261581e+09,
          1.00792296e+08,   2.07535440e+07,   1.07497730e+07,
          1.80055769e+11,   4.52333568e+08,  -2.90600832e+09,
          7.04259113e+10,   5.38977993e+11,   2.39953641e+11,
          4.01579827e+10,   6.08937472e+08,   5.75374950e+09,
         -7.58165120e+08,   5.48964096e+08,  -2.80959175e+06,
          1.72555694e+10,  -2.34576019e+12],
       [  4.37384100e+06,  -1.79770950e+11,  -2.04356634e+09,
         -7.04703440e+07,  -8.86778200e+06,  -4.59807600e+06,
         -8.77933445e+10,  -1.94290496e+08,   1.27476429e+09,
         -2.54074388e+10,  -2.13737030e+11,  -1.12461455e+11,
         -1.41489644e+10,  -2.84862400e+08,  -2.66360602e+09,
          2.86986752e+08,  -2.59059056e+08,   1.20648188e+06,
         -7.58035302e+09,   8.41562784e+11],
       [ -6.89091800e+06,   2.76491534e+11,   3.05284992e+09,
          7.36449280e+07,   1.27481520e+07,   6.59963200e+06,
          1.14552365e+11,   2.83714976e+08,  -1.82234765e+09,
          4.25859031e+10,   3.31062346e+11,   1.51493837e+11,
          2.41527706e+10,   3.65514688e+08,   3.60538394e+09,
         -4.34910336e+08,   3.28632000e+08,  -1.72291400e+06,
          1.08256625e+10,  -1.41772128e+12],
       [  9.37013000e+06,  -4.08250647e+11,  -4.62956749e+09,
         -1.39997360e+08,  -1.93732920e+07,  -1.00282690e+07,
         -1.87836416e+11,  -4.37277696e+08,   2.84113664e+09,
         -6.00586772e+10,  -4.89747317e+11,  -2.43517407e+11,
         -3.37456312e+10,  -5.63775232e+08,  -5.71707187e+09,
          6.09567680e+08,  -5.07593408e+08,   2.61440675e+06,
         -1.68931615e+10,   1.99465776e+12],
       [ -1.29943150e+07,   5.18771442e+11,   5.78228890e+09,
          1.48896064e+08,   2.43003020e+07,   1.25831880e+07,
          2.24856490e+11,   5.38863232e+08,  -3.49131904e+09,
          7.83414477e+10,   6.21024575e+11,   2.94752682e+11,
          4.42770801e+10,   7.13726272e+08,   6.98067098e+09,
         -8.24810176e+08,   6.43355328e+08,  -3.28426475e+06,
          2.07474422e+10,  -2.60518130e+12],
       [ -3.34224656e+05,  -1.18913464e+10,  -1.86101680e+08,
         -2.39903120e+07,  -7.77550125e+05,  -4.02690000e+05,
         -1.27863665e+10,  -2.03662060e+07,   1.46540304e+08,
         -8.18267072e+08,  -1.53930619e+10,  -1.47894036e+10,
         -1.57377696e+08,  -2.72534180e+07,  -3.16477568e+08,
         -8.61536900e+06,  -2.49754780e+07,   1.02906836e+05,
         -8.77283456e+08,   2.53046682e+10],
       [  5.21432062e+05,  -2.50605896e+10,  -2.54850992e+08,
         -1.65186180e+07,  -1.28482338e+06,  -6.70913750e+05,
         -1.04911636e+10,  -2.50817460e+07,   1.54340656e+08,
         -3.62131789e+09,  -2.82002227e+10,  -1.36595599e+10,
         -1.95569664e+09,  -5.41761000e+07,  -3.67967616e+08,
          3.78673560e+07,  -5.03785440e+07,   1.83693422e+05,
         -9.13703808e+08,   1.19812325e+11],
       [ -1.52288370e+07,   6.58934333e+11,   7.48264346e+09,
          2.22548288e+08,   3.12832780e+07,   1.61919850e+07,
          3.04073572e+11,   7.04690944e+08,  -4.59291136e+09,
          9.68098038e+10,   7.90753640e+11,   3.94103161e+11,
          5.44984760e+10,   9.06648640e+08,   9.23320730e+09,
         -9.88448320e+08,   8.15987456e+08,  -4.21720800e+06,
          2.73112064e+10,  -3.21510834e+12],
       [  3.41296075e+06,  -1.22608722e+11,  -1.18778752e+09,
         -5.90313800e+06,  -4.83028300e+06,  -2.50189725e+06,
         -2.48669225e+10,  -1.05451384e+08,   6.11053568e+08,
         -2.29622292e+10,  -1.46206704e+11,  -3.94090086e+10,
         -1.30532362e+10,  -1.25027400e+08,  -1.07357818e+09,
          2.01296624e+08,  -1.11129352e+08,   6.64533500e+05,
         -3.60756147e+09,   7.71173384e+11],
       [ -2.57894720e+07,   1.00818859e+12,   1.11817390e+10,
          2.68167840e+08,   4.69220480e+07,   2.42960660e+07,
          4.27234263e+11,   1.03709011e+09,  -6.70868070e+09,
          1.53785532e+11,   1.20702278e+12,   5.62606113e+11,
          8.72005222e+10,   1.36791334e+09,   1.33408922e+10,
         -1.62452762e+09,   1.23220582e+09,  -6.33692550e+06,
          3.98604165e+10,  -5.11677510e+12],
       [ -2.23545840e+07,   9.57365092e+11,   1.07583181e+10,
          3.20391680e+08,   4.52357240e+07,   2.34227440e+07,
          4.29552402e+11,   1.01304986e+09,  -6.56323635e+09,
          1.42245790e+11,   1.14586603e+12,   5.59160295e+11,
          7.98950687e+10,   1.33261453e+09,   1.32311828e+10,
         -1.44802150e+09,   1.20135488e+09,  -6.12071750e+06,
          3.90127698e+10,  -4.72630375e+12],
       [  1.29435820e+07,  -5.10108271e+11,  -5.72638106e+09,
         -1.38150976e+08,  -2.38932380e+07,  -1.23672610e+07,
         -2.23533515e+11,  -5.30976416e+08,   3.46125850e+09,
         -7.69147699e+10,  -6.12796924e+11,  -2.92738990e+11,
         -4.36805427e+10,  -6.85271744e+08,  -6.85741978e+09,
          8.17004224e+08,  -6.16314368e+08,   3.21250975e+06,
         -2.05747446e+10,   2.55782997e+12],
       [  1.52404340e+07,  -6.44994761e+11,  -7.29050470e+09,
         -2.09843856e+08,  -3.05301440e+07,  -1.58042480e+07,
         -2.93098881e+11,  -6.84217728e+08,   4.45611469e+09,
         -9.54702070e+10,  -7.73722538e+11,  -3.80941369e+11,
         -5.38033521e+10,  -8.90326080e+08,  -8.94181376e+09,
          9.83359552e+08,  -8.01865664e+08,   4.11718650e+06,
         -2.64934707e+10,   3.17165771e+12],
       [  1.87903150e+06,  -1.18130663e+11,  -1.45020173e+09,
         -6.94348320e+07,  -6.04642800e+06,  -3.12756600e+06,
         -7.16693832e+10,  -1.44847168e+08,   9.63476864e+08,
         -1.46640015e+10,  -1.42081475e+11,  -8.87111352e+10,
         -7.84374989e+09,  -1.80874896e+08,  -2.04031437e+09,
          1.41108032e+08,  -1.63035280e+08,   8.20892312e+05,
         -5.74253824e+09,   4.82432352e+11],
       [  3.89930520e+07,  -1.60134608e+12,  -1.79626086e+10,
         -4.83928960e+08,  -7.52629520e+07,  -3.89639720e+07,
         -7.08359422e+11,  -1.67885990e+09,   1.09024399e+10,
         -2.39740617e+11,  -1.91877153e+12,  -9.25152444e+11,
         -1.35414678e+11,  -2.19237530e+09,  -2.18220483e+10,
          2.49186662e+09,  -1.97434982e+09,   1.01609020e+07,
         -6.48041144e+10,   7.96934013e+12],
       [ -7.17842000e+05,   4.97869978e+09,  -5.83580160e+07,
         -2.26906760e+07,  -2.26145375e+05,  -1.14657180e+05,
         -1.59721411e+10,  -1.47578590e+07,   1.13106304e+08,
          3.65443635e+09,   5.84594227e+09,  -1.62701793e+10,
          2.44155648e+09,  -1.26064120e+07,  -3.41729952e+08,
         -3.13556800e+07,  -1.15802730e+07,   3.73855898e+04,
         -6.86876672e+08,  -1.26212473e+11],
       [ -1.36832675e+06,   2.44354458e+10,   2.40378384e+08,
         -2.53750320e+07,   7.32962750e+05,   3.73083656e+05,
          1.63234701e+09,   1.70460040e+07,  -1.04349056e+08,
          5.25598310e+09,   3.07910758e+10,   4.65076634e+09,
          3.32651213e+09,  -2.91553125e+06,   9.13696240e+07,
         -6.82379920e+07,  -4.88646850e+06,  -8.85866797e+04,
          6.16930368e+08,  -1.77977082e+11],
       [  1.05669812e+06,  -7.88421018e+10,  -9.24632960e+08,
         -4.70033040e+07,  -3.85130900e+06,  -1.99299500e+06,
         -4.16799826e+10,  -9.26757280e+07,   5.95951808e+08,
         -1.06997770e+10,  -9.42771241e+10,  -5.25348004e+10,
         -5.69240730e+09,  -1.12441176e+08,  -1.25107712e+09,
          8.28564320e+07,  -1.01072656e+08,   5.28380375e+05,
         -3.54708070e+09,   3.53857307e+11],
       [ -6.26758600e+06,   2.70393737e+11,   3.04685030e+09,
          9.56628960e+07,   1.28818080e+07,   6.67170850e+06,
          1.24209086e+11,   2.89009120e+08,  -1.87241382e+09,
          3.95791811e+10,   3.22733081e+11,   1.60872366e+11,
          2.21283738e+10,   3.86474336e+08,   3.82329037e+09,
         -4.08670592e+08,   3.48959872e+08,  -1.75016875e+06,
          1.11311770e+10,  -1.31402393e+12],
       [  6.74294150e+06,  -2.79625695e+11,  -3.13935488e+09,
         -8.94098560e+07,  -1.32217610e+07,  -6.84660450e+06,
         -1.25501784e+11,  -2.95393728e+08,   1.91503309e+09,
         -4.14840750e+10,  -3.34361854e+11,  -1.63349758e+11,
         -2.33197138e+10,  -3.91973344e+08,  -3.87048730e+09,
          4.33536480e+08,  -3.53569984e+08,   1.79073450e+06,
         -1.13832694e+10,   1.37827307e+12],
       [  3.22619825e+06,  -9.40944507e+10,  -1.00213075e+09,
          1.40081530e+07,  -3.87307325e+06,  -1.99691988e+06,
         -2.77628191e+10,  -8.35938400e+07,   5.40637120e+08,
         -1.64851773e+10,  -1.14831065e+11,  -4.01983283e+10,
         -1.00206295e+10,  -7.87118480e+07,  -9.02651648e+08,
          1.81586240e+08,  -6.78953920e+07,   5.00839375e+05,
         -3.20786918e+09,   5.52704999e+11],
       [  1.78484680e+07,  -7.34214160e+11,  -8.16486707e+09,
         -2.07393936e+08,  -3.40232200e+07,  -1.76105420e+07,
         -3.11620174e+11,  -7.58987264e+08,   4.90276864e+09,
         -1.12049086e+11,  -8.80202351e+11,  -4.10279576e+11,
         -6.35077837e+10,  -9.70489344e+08,  -9.71082547e+09,
          1.13400102e+09,  -8.72080960e+08,   4.59031950e+06,
         -2.91333652e+10,   3.72857451e+12],
       [ -9.31588203e+04,   2.99513651e+10,   2.67998800e+08,
          2.11845640e+07,   1.17763525e+06,   6.13418625e+05,
          4.60432742e+09,   2.64812840e+07,  -1.37363312e+08,
          5.79585024e+09,   3.48814909e+10,   7.77120154e+09,
          2.98586829e+09,   3.85860680e+07,   2.70452352e+08,
         -1.48182440e+07,   3.51054480e+07,  -1.72428750e+05,
          8.07201600e+08,  -1.94565849e+11],
       [ -1.35698560e+07,   5.15565617e+11,   5.68591821e+09,
          1.18361920e+08,   2.37191560e+07,   1.22782850e+07,
          2.11393724e+11,   5.23236896e+08,  -3.37812992e+09,
          7.97714268e+10,   6.17725624e+11,   2.80389386e+11,
          4.55571948e+10,   6.74687424e+08,   6.64410778e+09,
         -8.44422784e+08,   6.06249472e+08,  -3.19673950e+06,
          2.00681103e+10,  -2.65641971e+12],
       [  1.56449210e+07,  -6.20323340e+11,  -6.90508902e+09,
         -1.68878800e+08,  -2.88907260e+07,  -1.49573410e+07,
         -2.64810824e+11,  -6.40153728e+08,   4.14963635e+09,
         -9.45010033e+10,  -7.43915651e+11,  -3.48331147e+11,
         -5.35856742e+10,  -8.34640576e+08,  -8.22381619e+09,
          9.88274624e+08,  -7.51195008e+08,   3.89441700e+06,
         -2.46586798e+10,   3.14409589e+12],
       [ -1.24428880e+07,   4.73422266e+11,   5.21927322e+09,
          1.09080560e+08,   2.17670860e+07,   1.12679160e+07,
          1.93609089e+11,   4.80221920e+08,  -3.09969024e+09,
          7.34192353e+10,   5.67610245e+11,   2.56918094e+11,
          4.18656502e+10,   6.21243200e+08,   6.08608154e+09,
         -7.74539264e+08,   5.58436032e+08,  -2.93225225e+06,
          1.84132751e+10,  -2.44503622e+12],
       [  2.17358575e+06,  -3.17923267e+10,  -1.78680272e+08,
          4.10114880e+07,  -7.05387438e+05,  -3.66983375e+05,
          1.36861153e+10,  -4.07426625e+06,  -8.61677600e+06,
         -9.02663168e+09,  -3.71777454e+10,   1.09383516e+10,
         -5.68761293e+09,  -1.06036280e+07,   1.71961248e+08,
          1.07918504e+08,  -8.84458100e+06,   9.42478750e+04,
          7.28956160e+07,   3.07335266e+11],
       [ -1.43914400e+07,   5.70241122e+11,   6.40473037e+09,
          1.52312384e+08,   2.66587900e+07,   1.37960020e+07,
          2.50017186e+11,   5.93976000e+08,  -3.87054848e+09,
          8.58766623e+10,   6.84815221e+11,   3.27439155e+11,
          4.88761999e+10,   7.58041280e+08,   7.66806118e+09,
         -9.07785536e+08,   6.81048512e+08,  -3.58314125e+06,
          2.30085571e+10,  -2.85593069e+12],
       [  1.02167660e+07,  -4.23113818e+11,  -4.71504896e+09,
         -1.34618064e+08,  -1.99587460e+07,  -1.03377120e+07,
         -1.85117114e+11,  -4.39759040e+08,   2.85268070e+09,
         -6.34876109e+10,  -5.05472647e+11,  -2.42198135e+11,
         -3.58987244e+10,  -5.94498624e+08,  -5.74454426e+09,
          6.56396672e+08,  -5.36724960e+08,   2.69848625e+06,
         -1.69521562e+10,   2.11032133e+12],
       [  1.57490130e+07,  -6.48763408e+11,  -7.40228403e+09,
         -2.05064496e+08,  -3.09832520e+07,  -1.60357220e+07,
         -3.04403120e+11,  -6.93407232e+08,   4.55335424e+09,
         -9.44728637e+10,  -7.78683941e+11,  -3.93671442e+11,
         -5.35282483e+10,  -9.00243328e+08,  -9.16283494e+09,
          1.01099731e+09,  -8.10532864e+08,   4.16686700e+06,
         -2.70815949e+10,   3.13617390e+12],
       [  5.65060750e+05,  -4.07423918e+10,  -5.12548768e+08,
         -2.49690140e+07,  -2.12158625e+06,  -1.09580038e+06,
         -2.68351734e+10,  -5.22175160e+07,   3.47151648e+08,
         -4.61704704e+09,  -4.85916549e+10,  -3.28708506e+10,
         -2.52356454e+09,  -6.11720760e+07,  -7.52865536e+08,
          4.43031800e+07,  -5.48457640e+07,   2.87950656e+05,
         -2.07073408e+09,   1.51176364e+11],
       [  1.39104020e+07,  -6.05721395e+11,  -6.83898880e+09,
         -2.12835248e+08,  -2.87510980e+07,  -1.48875450e+07,
         -2.77104525e+11,  -6.48132416e+08,   4.19899699e+09,
         -8.92094710e+10,  -7.25206106e+11,  -3.59262257e+11,
         -4.98020762e+10,  -8.51774528e+08,  -8.50274816e+09,
          9.07220224e+08,  -7.68182144e+08,   3.89669850e+06,
         -2.49632215e+10,   2.96269932e+12],
       [ -5.65173850e+06,   2.43197247e+11,   2.75010637e+09,
          8.72135440e+07,   1.16480800e+07,   6.03307400e+06,
          1.12724935e+11,   2.60095536e+08,  -1.69178381e+09,
          3.55177964e+10,   2.90730607e+11,   1.45851122e+11,
          1.99057142e+10,   3.49779328e+08,   3.44428518e+09,
         -3.68956800e+08,   3.15971040e+08,  -1.57731125e+06,
          1.00582287e+10,  -1.17896564e+12],
       [  2.23591460e+07,  -8.94810784e+11,  -9.95554509e+09,
         -2.45937520e+08,  -4.16342240e+07,  -2.15534940e+07,
         -3.82229676e+11,  -9.26128064e+08,   5.98651136e+09,
         -1.36079557e+11,  -1.07205362e+12,  -5.02602170e+11,
         -7.71294740e+10,  -1.20096358e+09,  -1.18960394e+10,
          1.41448653e+09,  -1.08052442e+09,   5.61900700e+06,
         -3.55733996e+10,   4.52727564e+12],
       [  1.21096490e+07,  -4.70080815e+11,  -5.09954918e+09,
         -1.30666216e+08,  -2.18261520e+07,  -1.13139440e+07,
         -1.88224209e+11,  -4.70494912e+08,   3.01736166e+09,
         -7.30094961e+10,  -5.59053668e+11,  -2.50334511e+11,
         -4.13765550e+10,  -6.65990400e+08,  -6.05709210e+09,
          7.64810304e+08,  -6.02875968e+08,   2.96546525e+06,
         -1.79129016e+10,   2.43056719e+12],
       [  6.29632700e+06,  -2.47227449e+11,  -2.68756147e+09,
         -5.60171760e+07,  -1.11598960e+07,  -5.77675700e+06,
         -9.47782697e+10,  -2.46122128e+08,   1.57223347e+09,
         -3.93411666e+10,  -2.96356839e+11,  -1.27399764e+11,
         -2.24457503e+10,  -3.10615744e+08,  -3.04854272e+09,
          3.92166368e+08,  -2.78495840e+08,   1.50470025e+06,
         -9.33478093e+09,   1.31184447e+12],
       [  2.36742940e+07,  -9.39228332e+11,  -1.05087785e+10,
         -2.73501280e+08,  -4.43020800e+07,  -2.29417000e+07,
         -4.14577132e+11,  -9.79852032e+08,   6.36865280e+09,
         -1.40486459e+11,  -1.12356701e+12,  -5.41741187e+11,
         -7.95921367e+10,  -1.30890675e+09,  -1.27914465e+10,
          1.50384461e+09,  -1.18065485e+09,   5.98313050e+06,
         -3.78516398e+10,   4.66950658e+12],
       [ -1.90113700e+06,   9.39032412e+10,   1.13644493e+09,
          3.89268960e+07,   4.62526950e+06,   2.38981075e+06,
          5.14943713e+10,   1.08670184e+08,  -7.28469248e+08,
          1.27815168e+10,   1.14638520e+11,   6.49742909e+10,
          7.11359693e+09,   1.27181352e+08,   1.45338970e+09,
         -1.28504184e+08,   1.13811216e+08,  -6.12787625e+05,
          4.34031206e+09,  -4.22829883e+11],
       [  1.23862420e+07,  -5.09857595e+11,  -5.74482842e+09,
         -1.62035120e+08,  -2.42019460e+07,  -1.25317210e+07,
         -2.31152075e+11,  -5.39497920e+08,   3.50834406e+09,
         -7.53369170e+10,  -6.10200912e+11,  -3.00501205e+11,
         -4.25188680e+10,  -7.15656384e+08,  -7.07883162e+09,
          7.95406528e+08,  -6.45499776e+08,   3.26895300e+06,
         -2.08562749e+10,   2.50249924e+12],
       [  8.32141650e+06,  -3.25677679e+11,  -3.52931866e+09,
         -8.03818320e+07,  -1.48146960e+07,  -7.67338300e+06,
         -1.25955604e+11,  -3.25715136e+08,   2.07275443e+09,
         -5.15549020e+10,  -3.89298848e+11,  -1.68781103e+11,
         -2.91994296e+10,  -4.31235872e+08,  -4.07298816e+09,
          5.21248128e+08,  -3.88423808e+08,   2.00781950e+06,
         -1.23041167e+10,   1.71830398e+12],
       [  1.66991338e+06,  -7.61132155e+10,  -8.10295616e+08,
         -3.28272160e+07,  -3.57683825e+06,  -1.85810900e+06,
         -3.03188767e+10,  -7.73878320e+07,   4.85082400e+08,
         -1.17839575e+10,  -8.96411402e+10,  -4.00895263e+10,
         -6.38580173e+09,  -1.21539256e+08,  -1.01576858e+09,
          1.12150864e+08,  -1.11046248e+08,   4.97890031e+05,
         -2.87742848e+09,   3.91922254e+11],
       [  1.95229719e+05,  -1.43283725e+09,   9.62536900e+06,
          8.73615800e+06,   1.27695359e+05,   6.73125078e+04,
          4.54507264e+09,   2.04368475e+06,  -2.54548100e+07,
         -1.10364749e+09,  -2.20799642e+09,   4.66490982e+09,
         -6.52914432e+08,   1.22148200e+07,   9.73832320e+07,
          7.38272250e+06,   1.17754660e+07,  -1.80136973e+04,
          1.54658352e+08,   3.83263007e+10],
       [  4.69545950e+06,  -2.49644057e+11,  -2.83489869e+09,
         -1.03148488e+08,  -1.16727940e+07,  -6.03864200e+06,
         -1.14383208e+11,  -2.73303584e+08,   1.74986611e+09,
         -3.68852378e+10,  -2.99975148e+11,  -1.48081574e+11,
         -2.03006874e+10,  -3.27188224e+08,  -3.51835213e+09,
          3.20275648e+08,  -2.93115200e+08,   1.58568062e+06,
         -1.04044923e+10,   1.22551966e+12],
       [ -2.20777280e+07,   9.29996538e+11,   1.05129329e+10,
          3.11507040e+08,   4.42879320e+07,   2.29326640e+07,
          4.25958900e+11,   9.87055232e+08,  -6.43920486e+09,
          1.36977465e+11,   1.11425474e+12,   5.52705130e+11,
          7.70974433e+10,   1.31144653e+09,   1.29901496e+10,
         -1.42797837e+09,   1.18315686e+09,  -5.97704400e+06,
          3.82842020e+10,  -4.54899060e+12],
       [ -6.23147450e+06,   2.65051177e+11,   3.01355699e+09,
          8.16629840e+07,   1.24825130e+07,   6.45740900e+06,
          1.21112994e+11,   2.82520608e+08,  -1.84229632e+09,
          3.91815127e+10,   3.18736040e+11,   1.57395255e+11,
          2.22130770e+10,   3.50329504e+08,   3.66695808e+09,
         -4.00191808e+08,   3.14214880e+08,  -1.67693300e+06,
          1.09556224e+10,  -1.30193136e+12],
       [ -3.86197600e+06,   1.34737822e+11,   1.46432026e+09,
          1.70752780e+07,   6.01933800e+06,   3.11367425e+06,
          5.02544507e+10,   1.30049872e+08,  -8.44756736e+08,
          2.16848323e+10,   1.61979154e+11,   6.81794232e+10,
          1.26524774e+10,   1.60762096e+08,   1.60131098e+09,
         -2.32745296e+08,   1.43547216e+08,  -8.03690938e+05,
          5.01619968e+09,  -7.23656966e+11]], dtype=float32), array([ 0.,  0.,  0.,  0.,  0.,  0.,  0.,  0.,  0.,  0.,  0.,  0.,  0.,
        0.,  0.,  0.,  0.,  0.,  0.,  0.], dtype=float32)][array([[ -2.79801378e+38],
       [  1.48517011e+38],
       [  3.03566850e+37],
       [  3.40420546e+37],
       [  8.20794586e+37],
       [  5.04791500e+37],
       [ -5.96972010e+37],
       [  1.53633969e+38],
       [  1.61575100e+38],
       [  3.36385183e+38],
       [ -1.05286303e+38],
       [ -1.60148791e+38],
       [  8.86870227e+36],
       [  1.29202184e+38],
       [ -1.09329459e+38],
       [ -2.85362307e+38],
       [ -1.25558946e+38],
       [ -6.15060319e+37],
       [  1.07989502e+38],
       [ -1.30530358e+38]], dtype=float32), array([ 0.], dtype=float32)]