[array([[  1.61873096e+04,   7.28774375e+05,   2.33720068e+03,
          1.14052398e-02,  -2.95871556e-01,   1.84257940e+07,
         -2.09389683e-02,   2.69717903e+01,   2.73787174e+01,
          2.78509050e+06,  -6.06593500e+06,   1.92319469e+01,
          4.63430357e+00,   1.54255998e+00,  -3.13391895e+01,
         -1.38445325e+06,   1.54060938e+03,   3.35945875e+06,
          7.08413696e+00,   2.05776141e+05,  -1.76993766e+05,
          4.87388535e+01,  -1.11396670e+07,   2.38346832e+02,
         -3.16306025e+06,   7.95443625e+05,   4.11747400e+06,
          7.45309688e+05,   9.67708468e-01,  -7.34614500e+05,
         -1.17093727e+05,   6.21488135e+03,   3.22684669e+01,
          2.71470320e+07,  -9.05590250e+05,  -4.74536476e+01,
         -6.56085469e+04,   1.51718453e+05,   2.53211521e-02,
         -8.03904533e-02,   2.47479367e+00,   6.49936050e-02,
          7.22104721e+01,  -3.62237440e+07,  -6.87338232e+03,
          4.18649023e+03,  -2.12658882e+00,   7.84093246e+01,
         -3.61892242e+01,  -1.94285706e-01],
       [  6.56714905e+02,   2.85750918e+04,  -7.34601440e+02,
          4.42399606e-02,  -3.12204748e-01,   7.36699375e+05,
          1.23921119e-01,   1.21062956e+01,   2.14223251e+01,
          6.76167422e+04,  -1.50914672e+05,  -1.93795455e+00,
         -4.12454337e-01,  -3.72515392e+00,  -1.68434944e+01,
         -4.42335195e+04,  -4.85301361e+02,   1.30149773e+05,
          8.24442673e+00,   8.13178809e+03,  -6.89554297e+03,
          1.13297592e+02,  -4.67587719e+05,  -2.04008514e+02,
         -1.32772422e+05,   3.26810078e+04,   1.72823734e+05,
          2.87557773e+04,  -1.61499786e+00,  -2.93074316e+04,
         -3.71110376e+03,   3.12918671e+02,  -1.94882035e-01,
          1.08544675e+06,  -5.39023203e+04,   1.65397530e+01,
         -1.63521411e+03,   3.76540308e+03,  -4.82175052e-02,
         -4.99655567e-02,   3.87197280e+00,  -4.87457179e-02,
          6.33471146e+01,  -1.52054450e+06,  -2.74095001e+02,
          8.78023529e+01,  -2.14703608e+00,   1.36391830e+02,
          2.05231476e+01,   2.25520924e-01],
       [  2.55080872e+01,   8.22892273e+02,  -9.69733337e+02,
         -9.20338333e-02,  -1.51480722e+00,   1.51376641e+05,
         -4.44924906e-02,   3.55094719e+01,  -4.90771502e-01,
         -1.84282422e+05,   3.98970969e+05,   1.77116623e+01,
          5.94805765e+00,   3.94806385e+00,  -1.00020146e+00,
         -5.06318594e+04,  -6.46680603e+02,  -2.07496453e+05,
         -1.92408025e-01,   4.05678735e+03,  -8.73460645e+03,
          8.57945633e+01,   6.76703250e+05,  -1.63157761e+02,
          1.92142859e+05,   1.51762366e+03,  -2.50109516e+05,
          6.46706396e+03,   2.10016400e-01,  -6.06050195e+03,
         -4.38242139e+03,   1.87093246e+02,   1.56656399e+01,
          2.23255953e+05,   5.08598867e+04,   2.12545261e+01,
          4.29794238e+03,  -9.93933887e+03,   2.46799484e-01,
          1.43909426e-02,   1.61096084e+00,   8.86530429e-02,
          4.31280756e+00,   2.20049500e+06,  -1.35444231e+01,
         -2.90526733e+02,  -1.67325211e+00,   1.39097092e+02,
          8.97323990e+00,   4.16791849e-02],
       [ -2.26740527e+04,  -1.02038062e+06,  -6.74600037e+02,
          1.01594806e-01,  -4.04196739e-01,  -2.58985580e+07,
         -2.36705348e-01,  -2.20913334e+01,  -7.35922575e+00,
         -3.65169175e+06,   7.96078200e+06,   6.27173138e+00,
          3.46881270e+00,  -6.48865414e+00,   1.32849102e+01,
          1.86259025e+06,  -4.42672363e+02,  -4.24858900e+06,
          1.74979770e+00,  -2.80302469e+05,   2.29788688e+05,
         -1.44868988e+02,   1.39665320e+07,   1.21562805e+02,
          3.96575800e+06,  -1.11592025e+06,  -5.16237900e+06,
         -1.04966425e+06,   5.14893591e-01,   1.03267844e+06,
          1.57380609e+05,  -8.84527734e+03,   6.90237885e+01,
         -3.81570440e+07,   1.07990262e+06,   1.47458210e+01,
          8.61427578e+04,  -1.99201984e+05,  -1.83516089e-03,
         -7.31688738e-02,  -3.24246216e+00,  -1.20536923e-01,
          5.07484055e+01,   4.54163520e+07,   9.62467773e+03,
         -5.45204590e+03,  -2.30109114e-02,  -1.46703690e+02,
          1.26589832e+01,  -1.76344976e-01],
       [  8.88869238e+03,   4.00182344e+05,  -1.89391327e+02,
          1.80338304e-02,   6.63130343e-01,   1.01051300e+07,
         -1.65556334e-02,   1.15199823e+01,   7.19840851e+01,
          1.27788788e+06,  -2.78298575e+06,   2.15920973e+00,
          4.02305412e+00,   9.23750973e+00,   1.88551388e+01,
         -7.18289188e+05,  -1.25238838e+02,   1.67710075e+06,
          4.79831076e+00,   1.12274859e+05,  -9.54886797e+04,
         -7.52541304e+00,  -5.66208550e+06,   1.20974152e+02,
         -1.60772525e+06,   4.37867906e+05,   2.09283675e+06,
          4.05601000e+05,   1.14617312e+00,  -4.02685812e+05,
         -6.06680703e+04,   3.56395117e+03,   6.67303696e+01,
          1.48881620e+07,  -5.06172938e+05,   5.39611435e+00,
         -3.01334805e+04,   6.96747656e+04,   5.09433709e-02,
          7.66929314e-02,   8.09837818e-01,   1.12493001e-01,
          4.94265785e+01,  -1.84118360e+07,  -3.77472998e+03,
          1.89846692e+03,   6.98768869e-02,  -6.20501804e+00,
         -1.22350943e+00,  -1.06809035e-01],
       [ -1.72162170e+03,  -7.72544062e+04,   6.03258057e+02,
          1.66649488e-03,   1.75049469e-01,  -2.36667250e+06,
         -3.96361426e-02,  -2.77854023e+01,   2.38272305e+01,
         -3.40026562e+05,   7.42081750e+05,   3.46273851e+00,
         -8.74147296e-01,   1.04342709e+01,   9.01587391e+00,
          1.37365500e+05,   4.05098633e+02,  -3.21901375e+05,
         -2.64854169e+00,  -2.02899414e+04,   1.51722373e+04,
          1.37312592e+02,   9.99009125e+05,   4.96251450e+01,
          2.83674156e+05,  -8.52504375e+04,  -3.69260625e+05,
         -9.73807969e+04,   5.45697212e-01,   9.44601641e+04,
          1.16022021e+04,  -8.04192810e+02,  -2.88406963e+01,
         -3.48694075e+06,   5.18529219e+04,  -1.30747614e+01,
          7.98284180e+03,  -1.84499199e+04,   3.41609269e-01,
         -5.07665165e-02,   3.90038610e+00,   8.93849581e-02,
         -2.05269814e+01,   3.24865700e+06,   7.30425110e+02,
         -4.93767670e+02,   2.06968284e+00,   2.10266617e+02,
         -1.16264124e+01,  -1.13408968e-01],
       [  2.37213926e+04,   1.06705762e+06,   1.29899426e+03,
          5.45472763e-02,  -4.26508576e-01,   2.70637060e+07,
         -8.51647556e-02,   6.63398647e+00,   4.35495234e+00,
          4.08361200e+06,  -8.89825700e+06,   1.23179760e+01,
         -4.05063838e-01,   1.46011534e+01,  -3.81224899e+01,
         -2.00145225e+06,   8.66773132e+02,   4.79452250e+06,
          7.03824711e+00,   2.97135094e+05,  -2.49273109e+05,
          8.12858734e+01,  -1.57926540e+07,   1.08646851e+02,
         -4.48429350e+06,   1.16661350e+06,   5.83737750e+06,
          1.09680738e+06,  -7.95827568e-01,  -1.07912712e+06,
         -1.69218734e+05,   9.08376172e+03,  -1.89451508e+02,
          3.98734360e+07,  -1.23715238e+06,  -2.68196983e+01,
         -9.63177031e+04,   2.22725312e+05,  -1.36095569e-01,
          1.35626495e-02,  -6.26164961e+00,  -7.37376735e-02,
          8.09871216e+01,  -5.13546520e+07,  -1.00715879e+04,
          6.10297852e+03,  -2.22188616e+00,   1.43957108e+02,
         -2.19458656e+01,  -2.50933439e-01],
       [ -3.69641431e+03,  -1.67185984e+05,  -1.24258752e+03,
         -3.48433815e-02,  -3.91821533e-01,  -4.32601850e+06,
         -7.99264759e-02,  -6.86946964e+00,  -2.14506378e+01,
         -6.32804250e+05,   1.37974262e+06,   7.74250317e+00,
         -3.06455088e+00,   1.63854349e+00,   1.02514315e+01,
          2.74027094e+05,  -8.33864624e+02,  -7.87531125e+05,
          2.52462053e+00,  -4.45719414e+04,   3.49312383e+04,
         -3.92728119e+01,   2.62761525e+06,   2.58014507e+01,
          7.46071500e+05,  -1.81207750e+05,  -9.71188500e+05,
         -1.73974531e+05,   7.60743558e-01,   1.72408578e+05,
          2.30927695e+04,  -1.42164636e+03,  -2.01940628e+02,
         -6.37349200e+06,   2.22252672e+05,   2.68792114e+01,
          1.48978701e+04,  -3.44524297e+04,   1.48377165e-01,
         -3.07367295e-02,  -5.55513573e+00,  -1.55871606e-03,
          3.59912796e+01,   8.54406500e+06,   1.56725525e+03,
         -9.64346436e+02,   3.25750804e+00,  -3.82557716e+01,
          2.88310719e+01,   2.05357909e-01]], dtype=float32), array([ 0.,  0.,  0.,  0.,  0.,  0.,  0.,  0.,  0.,  0.,  0.,  0.,  0.,
        0.,  0.,  0.,  0.,  0.,  0.,  0.,  0.,  0.,  0.,  0.,  0.,  0.,
        0.,  0.,  0.,  0.,  0.,  0.,  0.,  0.,  0.,  0.,  0.,  0.,  0.,
        0.,  0.,  0.,  0.,  0.,  0.,  0.,  0.,  0.,  0.,  0.], dtype=float32)][array([[  4.11852416e+09,   9.30577531e+10,  -8.73079200e+06,
         -2.54257193e+10,  -2.74656870e+10,  -1.29694276e+12,
          3.56731322e+11,   1.71345111e+10,   4.49656781e+09,
         -6.41718600e+10,  -3.39923169e+03,   3.27179297e+03,
         -4.79439514e+09,  -2.04263344e+08,  -9.81193933e+10,
          5.90452838e+09,   1.55030422e+11,  -3.42638208e+09,
         -2.02617930e+11,   3.80799437e+09],
       [  1.23919872e+09,   2.81312522e+10,  -1.01087090e+07,
         -4.85426483e+09,  -1.78572288e+09,  -4.16660193e+11,
          1.14337694e+11,   3.27131290e+09,   8.70186944e+08,
         -1.27098010e+10,  -9.83301941e+02,  -1.12573680e+05,
         -2.58669158e+09,  -1.09754232e+08,  -3.14214666e+10,
          1.70609229e+09,   4.96738345e+10,  -1.15973248e+09,
         -6.12648673e+10,   7.36257152e+08],
       [  6.99465267e+09,   7.58306898e+10,   1.22821461e+05,
         -4.81561928e+10,  -5.85122284e+10,  -1.11848941e+12,
          3.05012572e+11,   3.24526981e+10,   8.49159782e+09,
          1.51773235e+10,  -5.76800684e+03,  -2.24762988e+04,
         -2.97332173e+09,  -1.79386192e+08,  -8.41061745e+10,
          1.02565837e+10,   1.33036818e+11,  -1.35670538e+10,
         -1.65155537e+11,   7.19587277e+09],
       [  1.57072397e+09,   4.44784763e+10,  -3.87875850e+06,
         -1.02175375e+10,  -1.20496783e+10,  -6.13581718e+11,
          1.69296314e+11,   6.88562074e+09,   1.80811008e+09,
         -4.47539405e+10,  -1.26372803e+03,  -7.76198906e+04,
         -2.44247706e+09,  -1.66273456e+08,  -4.64966861e+10,
          2.18430003e+09,   7.35171625e+10,   2.32781024e+08,
         -9.68526725e+10,   1.52986419e+09],
       [  6.40802304e+09,   9.33261312e+10,  -1.06375200e+06,
         -4.46437458e+10,  -5.48377518e+10,  -1.33443944e+12,
          3.65659488e+11,   3.00856156e+10,   7.87518054e+09,
         -2.95873966e+10,  -5.29826855e+03,  -4.62627891e+04,
         -3.93121331e+09,  -2.60796336e+08,  -1.00635410e+11,
          9.31246285e+09,   1.59212683e+11,  -9.48871987e+09,
         -2.03206738e+11,   6.67074150e+09],
       [ -2.40767104e+09,  -6.27252470e+10,  -1.16022262e+06,
          1.71875144e+10,   2.04044268e+10,   8.41018376e+11,
         -2.31633519e+11,  -1.15827671e+10,  -3.02991334e+09,
          5.03356948e+10,   2.14167603e+03,  -5.50766797e+04,
          1.95304269e+09,   1.68862220e+07,   6.37250847e+10,
         -3.56696832e+09,  -1.00637000e+11,   1.63799475e+09,
          1.36543502e+11,  -2.56629632e+09],
       [  9.57736858e+09,   1.00344209e+11,  -4.38048200e+06,
         -6.37079388e+10,  -7.46600038e+10,  -1.49958990e+12,
          4.08412062e+11,   4.29331169e+10,   1.12397189e+10,
          3.51149957e+10,  -7.90411523e+03,  -3.96303086e+04,
         -4.47893862e+09,  -2.13332208e+08,  -1.12653058e+11,
          1.40454410e+10,   1.78165711e+11,  -1.95151565e+10,
         -2.18548224e+11,   9.52534528e+09],
       [  3.78903194e+09,   1.56235383e+11,   5.05845450e+06,
         -3.00853780e+10,  -3.92117494e+10,  -2.04525168e+12,
          5.65676081e+11,   2.02746593e+10,   5.30160998e+09,
         -1.87152499e+11,  -3.42729248e+03,   8.08202734e+04,
         -4.96318464e+09,  -1.83837792e+08,  -1.55401339e+11,
          5.50246195e+09,   2.45470822e+11,   4.25025357e+09,
         -3.40087243e+11,   4.48613837e+09],
       [  9.49271296e+08,  -2.60385362e+10,  -1.44790110e+07,
         -4.63757800e+07,   5.82850714e+09,   2.61472190e+11,
         -7.40802970e+10,   3.12592620e+07,   2.67161820e+07,
          7.27724687e+10,  -5.44464966e+02,  -1.03401898e+05,
         -1.34879373e+09,  -9.42122320e+07,   2.02643292e+10,
          1.26165389e+09,  -3.19583683e+10,  -5.66633165e+09,
          5.66206669e+10,   2.46962240e+07],
       [  8.58315968e+08,   4.13154591e+10,   3.42069275e+06,
         -7.79286374e+09,  -1.00885606e+10,  -5.30320228e+11,
          1.46660065e+11,   5.25166131e+09,   1.37045274e+09,
         -4.81493361e+10,  -8.95582642e+02,  -3.47970435e+03,
         -8.26900928e+08,   2.67615140e+07,  -4.02815795e+10,
          1.31877325e+09,   6.36303483e+10,   1.12262592e+09,
         -8.99092480e+10,   1.15949491e+09],
       [  1.20623237e+10,   2.68562186e+11,   7.33557350e+06,
         -8.80093266e+10,  -1.10214873e+11,  -3.64559833e+12,
          1.00361765e+12,   5.93098957e+10,   1.55131146e+10,
         -2.06815658e+11,  -1.03096426e+04,   1.21066914e+05,
         -8.89239245e+09,  -3.79961088e+08,  -2.76077019e+11,
          1.76521400e+10,   4.36246479e+11,  -9.72633702e+09,
         -5.84691024e+11,   1.31387597e+10],
       [ -1.48258304e+10,  -1.83806673e+11,  -1.29510770e+07,
          1.07920368e+11,   1.36019542e+11,   2.62431493e+12,
         -7.17414203e+11,  -7.27280763e+10,  -1.90139761e+10,
          1.31839068e+10,   1.24783506e+04,   1.08683262e+04,
          5.13396224e+09,   2.98946656e+08,   1.97687411e+11,
         -2.18766459e+10,  -3.12700404e+11,   2.63264072e+10,
          4.00233857e+11,  -1.61105347e+10],
       [ -9.91681229e+09,  -2.04681822e+11,  -7.25318600e+06,
          7.31554775e+10,   9.18937436e+10,   2.79373939e+12,
         -7.68498008e+11,  -4.92998246e+10,  -1.28935045e+10,
          1.42375289e+11,   8.55347754e+03,  -5.03159766e+03,
          6.54706893e+09,   2.86084768e+08,   2.11374359e+11,
         -1.45518694e+10,  -3.34141587e+11,   9.52047514e+09,
          4.45587948e+11,  -1.09195745e+10],
       [ -5.88917658e+09,  -1.92691470e+11,  -1.59282500e+07,
          4.94453924e+10,   6.75036365e+10,   2.52089414e+12,
         -6.96625791e+11,  -3.33214536e+10,  -8.70126490e+09,
          2.15170728e+11,   5.27260400e+03,  -9.43549531e+04,
          4.75372544e+09,   2.01963520e+08,   1.91449317e+11,
         -8.67205018e+09,  -3.02469513e+11,  -1.95287334e+09,
          4.19458220e+11,  -7.36610150e+09],
       [  5.92255693e+09,   1.08007203e+11,   2.11421650e+06,
         -4.24676639e+10,  -5.24045107e+10,  -1.49543767e+12,
          4.10757661e+11,   2.86191657e+10,   7.48733133e+09,
         -5.97387346e+10,  -5.06644775e+03,   9.84378711e+03,
         -3.73455718e+09,  -1.69101632e+08,  -1.13015054e+11,
          8.67861402e+09,   1.78681020e+11,  -7.16726477e+09,
         -2.35137106e+11,   6.34177690e+09],
       [ -4.63892582e+09,  -1.09661118e+11,  -2.34376925e+06,
          3.37081364e+10,   4.18028872e+10,   1.48379048e+12,
         -4.08634950e+11,  -2.27160740e+10,  -5.94241485e+09,
          8.82476564e+10,   3.98836304e+03,  -3.89522266e+04,
          3.67487002e+09,   1.39228176e+08,   1.12391545e+11,
         -6.79248179e+09,  -1.77586127e+11,   3.25243725e+09,
          2.38736507e+11,  -5.03256320e+09],
       [  6.58105907e+09,   1.42652195e+11,   9.18890188e+05,
         -4.70724444e+10,  -5.75213240e+10,  -1.95218807e+12,
          5.37110544e+11,   3.17223444e+10,   8.30171802e+09,
         -1.01919474e+11,  -5.66842383e+03,  -1.83714531e+04,
         -5.15999744e+09,  -2.14393632e+08,  -1.47712033e+11,
          9.61646285e+09,   2.33484141e+11,  -5.78249267e+09,
         -3.10556164e+11,   7.03030630e+09],
       [ -7.04239462e+09,  -1.32661371e+11,   2.05750988e+06,
          4.84101857e+10,   5.81252628e+10,   1.84288097e+12,
         -5.06306494e+11,  -3.26238536e+10,  -8.54062234e+09,
          7.60676598e+10,   5.87876416e+03,   2.10636673e+02,
          5.31353498e+09,   2.44590128e+08,   1.39350311e+11,
         -1.02585528e+10,  -2.20205662e+11,   8.17805056e+09,
          2.88867090e+11,  -7.23484928e+09],
       [  1.51256637e+10,   1.89471850e+11,   1.36503020e+07,
         -1.10396539e+11,  -1.39384652e+11,  -2.70158764e+12,
          7.38673689e+11,   7.43967703e+10,   1.94499338e+10,
         -1.73553234e+10,  -1.27549951e+04,  -6.13435889e+03,
         -5.25430374e+09,  -3.09149024e+08,  -2.03519541e+11,
          2.23176274e+10,   3.21947501e+11,  -2.66004746e+10,
         -4.12553150e+11,   1.64794481e+10],
       [ -6.66020045e+09,  -1.57464052e+11,  -6.46079350e+06,
          4.97500733e+10,   6.29288632e+10,   2.12057561e+12,
         -5.84103428e+11,  -3.35268127e+10,  -8.76622950e+09,
          1.28927285e+11,   5.77073047e+03,  -4.10053125e+04,
          4.81067725e+09,   1.81124816e+08,   1.60664060e+11,
         -9.78730291e+09,  -2.53848257e+11,   4.58976000e+09,
          3.42815474e+11,  -7.42430976e+09],
       [  1.07265137e+10,   1.76656204e+11,  -3.59606100e+06,
         -7.41902172e+10,  -9.04263434e+10,  -2.49624081e+12,
          6.85001867e+11,   4.99971113e+10,   1.30900224e+10,
         -8.17689477e+10,  -8.89207715e+03,  -5.59809414e+04,
         -7.56857395e+09,  -4.62958368e+08,  -1.88479406e+11,
          1.55534449e+10,   2.98082501e+11,  -1.39533066e+10,
         -3.84646087e+11,   1.10873395e+10],
       [  2.28822246e+09,   6.77989745e+10,   2.76932125e+06,
         -1.74717768e+10,  -2.27875021e+10,  -8.98660499e+11,
          2.48110776e+11,   1.17743032e+10,   3.07796813e+09,
         -7.01618749e+10,  -1.96750977e+03,   1.22560430e+04,
         -2.12875891e+09,  -9.82679440e+07,  -6.82417766e+10,
          3.33631053e+09,   1.07751629e+11,  -2.17366220e+07,
         -1.47632767e+11,   2.60673869e+09],
       [ -1.03983831e+10,  -1.51283663e+11,  -1.00742750e+07,
          7.59839867e+10,   9.49174600e+10,   2.11533850e+12,
         -5.79357245e+11,  -5.12060088e+10,  -1.33858765e+10,
          3.94191872e+10,   8.88615625e+03,   2.04782402e+04,
          4.00354022e+09,   1.36556016e+08,   1.59616565e+11,
         -1.54115297e+10,  -2.52314075e+11,   1.69969900e+10,
          3.29409724e+11,  -1.13420052e+10],
       [ -1.68989299e+09,  -6.26897715e+10,   4.94339050e+06,
          1.03630582e+10,   1.15272008e+10,   8.47257797e+11,
         -2.34100507e+11,  -6.98369331e+09,  -1.83543834e+09,
          7.07729326e+10,   1.37694043e+03,  -5.60051367e+04,
          3.18114944e+09,   1.66569312e+08,   6.43101942e+10,
         -2.34012186e+09,  -1.01594735e+11,  -1.41215360e+09,
          1.36477770e+11,  -1.55273421e+09],
       [ -1.86112909e+09,  -2.16552038e+10,  -2.76306344e+05,
          1.28593039e+10,   1.57409731e+10,   3.14460930e+11,
         -8.58691502e+10,  -8.66594816e+09,  -2.26703514e+09,
         -1.23210624e+09,   1.52447241e+03,   4.92869434e+03,
          8.07271232e+08,   4.77238680e+07,   2.36922266e+10,
         -2.73042714e+09,  -3.74387180e+10,   3.47290675e+09,
          4.71791084e+10,  -1.92146317e+09],
       [  1.30268774e+10,   2.05749371e+11,   7.78050400e+06,
         -9.38763715e+10,  -1.17337432e+11,  -2.87454449e+12,
          7.88416365e+11,   6.32637399e+10,   1.65452954e+10,
         -8.40041923e+10,  -1.09652529e+04,   4.63123711e+04,
         -6.66633523e+09,  -3.42369056e+08,  -2.17083265e+11,
          1.91290819e+10,   3.43193256e+11,  -1.87377295e+10,
         -4.47993053e+11,   1.40169871e+10],
       [ -9.51272064e+08,  -2.45797233e+10,  -3.65855300e+06,
          7.62486170e+09,   8.99788288e+09,   3.15684684e+11,
         -8.67756851e+10,  -5.13846630e+09,  -1.33932992e+09,
          1.42367078e+10,   9.55489807e+02,  -2.35182910e+04,
          2.92914000e+07,  -1.05003344e+08,   2.39289979e+10,
         -1.52035725e+09,  -3.77159025e+10,   1.38097139e+09,
          5.35030579e+10,  -1.13553267e+09],
       [ -4.29369498e+09,  -3.75327785e+10,  -3.04552050e+06,
          3.09316014e+10,   3.89222728e+10,   5.65839987e+11,
         -1.53781633e+11,  -2.08449577e+10,  -5.45046118e+09,
         -2.14086267e+10,   3.58423975e+03,   3.17487324e+04,
          1.08997888e+09,   9.53767200e+07,   4.24126915e+10,
         -6.32755558e+09,  -6.71816131e+10,   9.01275955e+09,
          8.17317315e+10,  -4.61840742e+09],
       [  6.27870822e+09,   1.67588168e+11,  -7.32515562e+05,
         -4.46570619e+10,  -5.41418332e+10,  -2.26462872e+12,
          6.24215392e+11,   3.00946002e+10,   7.87866522e+09,
         -1.48927513e+11,  -5.43386719e+03,   8.18649219e+03,
         -6.29792819e+09,  -2.49840016e+08,  -1.71600200e+11,
          9.12496435e+09,   2.71158804e+11,  -2.40734259e+09,
         -3.64834062e+11,   6.67055462e+09],
       [ -2.57606784e+09,  -5.22400522e+10,  -8.08295150e+06,
          2.17725092e+10,   2.97940869e+10,   6.95876125e+11,
         -1.91570067e+11,  -1.46725960e+10,  -3.82939571e+09,
          4.00513434e+10,   2.30131519e+03,   1.92647891e+04,
          7.39312960e+08,   3.80225440e+07,   5.26782874e+10,
         -3.84829952e+09,  -8.33131397e+10,   2.37098214e+09,
          1.13710981e+11,  -3.24297805e+09],
       [  5.97437235e+09,   1.40467077e+11,   5.54021600e+06,
         -4.50512568e+10,  -5.79619963e+10,  -1.89850911e+12,
          5.23097342e+11,   3.03602340e+10,   7.93952307e+09,
         -1.20246870e+11,  -5.11454004e+03,   5.20283242e+04,
         -4.52804147e+09,  -2.37289792e+08,  -1.43801090e+11,
          8.71407821e+09,   2.27331867e+11,  -3.53172557e+09,
         -3.05774854e+11,   6.72249549e+09],
       [  4.29619814e+09,   3.73551473e+10,  -1.26738900e+06,
         -2.84393574e+10,  -3.29891369e+10,  -5.71237073e+11,
          1.54928906e+11,   1.91654461e+10,   5.01591910e+09,
          3.10221046e+10,  -3.53877100e+03,  -5.17180273e+03,
         -1.52315507e+09,  -4.45699120e+07,  -4.28144189e+10,
          6.34551962e+09,   6.76801413e+10,  -9.84881562e+09,
         -8.13791396e+10,   4.25204326e+09],
       [  5.66306202e+09,   1.11890039e+11,   1.39573288e+06,
         -3.98611333e+10,  -4.88147804e+10,  -1.53562002e+12,
          4.22167478e+11,   2.68626125e+10,   7.02796237e+09,
         -7.10530662e+10,  -4.75995264e+03,   7.84212109e+04,
         -3.92764979e+09,  -1.58358464e+08,  -1.16218257e+11,
          8.29006336e+09,   1.83585931e+11,  -6.22426726e+09,
         -2.43635110e+11,   5.95402445e+09],
       [  4.65938381e+09,   1.00808729e+11,   2.65473850e+06,
         -3.46319749e+10,  -4.50739528e+10,  -1.37789899e+12,
          3.79563835e+11,   2.33386127e+10,   6.10550170e+09,
         -8.49285366e+10,  -3.89243652e+03,   2.00021348e+04,
         -3.68950477e+09,  -2.65762960e+08,  -1.04335761e+11,
          6.72172595e+09,   1.64992647e+11,  -3.00080102e+09,
         -2.19468087e+11,   5.16952832e+09],
       [  1.61853338e+09,   5.01004698e+09,   2.34160725e+06,
         -1.18809938e+10,  -1.49288724e+10,  -9.24102820e+10,
          2.43183923e+10,   8.00667034e+09,   2.09142451e+09,
          2.50410844e+10,  -1.35902429e+03,  -3.80668281e+04,
          1.75643360e+08,   1.02826440e+07,  -6.78419712e+09,
          2.43343590e+09,   1.07561288e+10,  -4.53791590e+09,
         -1.09331098e+10,   1.77321267e+09],
       [ -3.04097408e+08,   2.71862784e+10,  -8.56161100e+06,
          4.87504640e+09,   8.30272717e+09,  -3.65113442e+11,
          1.01625479e+11,  -3.28534272e+09,  -8.47053504e+08,
         -5.00939366e+10,   3.36603882e+02,  -1.81801289e+04,
         -2.42685875e+09,  -1.39766304e+08,  -2.78362931e+10,
         -6.15691712e+08,   4.39537746e+10,   3.95171866e+09,
         -5.91914762e+10,  -7.19854208e+08],
       [ -2.52413286e+09,  -4.12214313e+10,   3.69683975e+06,
          1.68181094e+10,   1.97057065e+10,   5.96064666e+11,
         -1.63499721e+11,  -1.13337907e+10,  -2.97194752e+09,
          1.76567931e+10,   2.11407153e+03,   7.31044062e+04,
          2.27781427e+09,   1.54252992e+08,   4.49165926e+10,
         -3.61240909e+09,  -7.11395410e+10,   3.09151488e+09,
          8.97297531e+10,  -2.51581594e+09],
       [ -7.13250240e+08,  -1.22992067e+10,  -1.91201219e+05,
          4.75744512e+09,   5.83024589e+09,   1.69040724e+11,
         -4.64261612e+10,  -3.20606669e+09,  -8.38429184e+08,
          6.51803699e+09,   5.78359192e+02,  -4.12994883e+04,
          4.23290368e+08,   1.64510050e+07,   1.28163072e+10,
         -1.04377779e+09,  -2.02014863e+10,   1.00455277e+09,
          2.67972588e+10,  -7.11009920e+08],
       [ -4.25309286e+09,  -1.48468072e+11,  -5.87420850e+06,
          3.38185236e+10,   4.46000169e+10,   1.95770253e+12,
         -5.41055418e+11,  -2.27904328e+10,  -5.95874304e+09,
          1.68320598e+11,   3.76990991e+03,  -2.39011875e+04,
          4.69458534e+09,   2.18265696e+08,   1.48646052e+11,
         -6.17517056e+09,  -2.34871931e+11,  -2.45801242e+09,
          3.23192979e+11,  -5.04304640e+09],
       [  1.45990124e+10,   2.63651197e+11,   1.02086030e+07,
         -1.06923598e+11,  -1.34998434e+11,  -3.63885337e+12,
          9.99770489e+11,   7.20563077e+10,   1.88445245e+10,
         -1.53179242e+11,  -1.23887119e+04,   2.00646777e+04,
         -8.54755942e+09,  -4.52290464e+08,  -2.75091784e+11,
          2.13926461e+10,   4.34928419e+11,  -1.72505313e+10,
         -5.74012785e+11,   1.59617178e+10],
       [  6.07343002e+09,   1.12993370e+11,   3.66926600e+06,
         -4.44586476e+10,  -5.64965704e+10,  -1.55854478e+12,
          4.28449366e+11,   2.99608740e+10,   7.83648358e+09,
         -7.21222205e+10,  -5.11125391e+03,  -3.21284973e+02,
         -3.86666906e+09,  -2.33347328e+08,  -1.17869650e+11,
          8.85992960e+09,   1.86359693e+11,  -6.54276966e+09,
         -2.46015476e+11,   6.63728794e+09],
       [ -4.41583821e+09,  -2.83016786e+10,  -9.03514800e+06,
          3.29052119e+10,   4.16954941e+10,   4.24228127e+11,
         -1.14225127e+11,  -2.21750252e+10,  -5.78879130e+09,
         -4.49289380e+10,   3.76584790e+03,  -5.28506875e+04,
         -5.18704736e+08,  -8.66858800e+07,   3.17014876e+10,
         -6.68549990e+09,  -5.00818944e+10,   1.13932278e+10,
          6.16607048e+10,  -4.90841037e+09],
       [  1.36677908e+10,   3.00311151e+11,   1.07257112e+06,
         -9.71774771e+10,  -1.19379599e+11,  -4.10634578e+12,
          1.13016203e+12,   6.54883471e+10,   1.71391273e+10,
         -2.24446251e+11,  -1.16031162e+04,   6.17620391e+04,
         -1.11419679e+10,  -5.12071104e+08,  -3.10841311e+11,
          1.99006003e+10,   4.91256480e+11,  -1.12079073e+10,
         -6.53817086e+11,   1.45149000e+10],
       [  1.32917873e+10,   2.15439262e+11,   6.66063188e+05,
         -9.32752835e+10,  -1.14872820e+11,  -3.02846653e+12,
          8.30908793e+11,   6.28586414e+10,   1.64494909e+10,
         -9.55310653e+10,  -1.10494512e+04,   9.73415625e+03,
         -8.30803763e+09,  -4.76263296e+08,  -2.28715577e+11,
          1.93748808e+10,   3.61620013e+11,  -1.80931174e+10,
         -4.69102297e+11,   1.39346422e+10],
       [ -1.03384392e+10,  -1.43839773e+11,  -5.24539050e+06,
          7.43604060e+10,   9.35846707e+10,   2.04312491e+12,
         -5.59623700e+11,  -5.01118157e+10,  -1.31070454e+10,
          3.96041216e+10,   8.61974316e+03,   7.96308252e+03,
          4.94424218e+09,   3.32870784e+08,   1.54091110e+11,
         -1.51300454e+10,  -2.43746636e+11,   1.61628129e+10,
          3.13199198e+11,  -1.11038618e+10],
       [  8.11888192e+08,  -7.16808243e+09,   5.42503300e+06,
         -7.53023744e+09,  -1.10466509e+10,   8.91821588e+10,
         -2.53207634e+10,   5.07467213e+09,   1.32005696e+09,
          2.54162371e+10,  -7.23813538e+02,  -1.90757446e+01,
          1.08499750e+09,   4.43422000e+07,   6.89003878e+09,
          1.27573338e+09,  -1.08478761e+10,  -3.16233318e+09,
          1.55984753e+10,   1.11956186e+09],
       [  1.18597161e+10,   1.96684759e+11,   3.43743125e+06,
         -8.41482158e+10,  -1.04669446e+11,  -2.74665465e+12,
          7.53884987e+11,   5.67078707e+10,   1.48356209e+10,
         -9.46584044e+10,  -9.86222754e+03,   2.77418379e+04,
         -7.11150746e+09,  -4.00786368e+08,  -2.07555330e+11,
          1.73219246e+10,   3.28073675e+11,  -1.57724314e+10,
         -4.28290966e+11,   1.25683968e+10],
       [ -8.77810483e+09,  -9.56383478e+10,   6.25491450e+06,
          5.79943137e+10,   6.87837839e+10,   1.43168006e+12,
         -3.90493176e+11,  -3.90826394e+10,  -1.02353275e+10,
         -1.77606164e+10,   7.10518457e+03,   7.97190674e+03,
          4.88460442e+09,   3.26551264e+08,   1.07641340e+11,
         -1.27483310e+10,  -1.70287923e+11,   1.66144092e+10,
          2.08305078e+11,  -8.67304038e+09],
       [ -6.33454720e+08,  -2.79945708e+10,  -6.64612700e+06,
          7.56770099e+09,   1.28587919e+10,   3.48934636e+11,
         -9.69373286e+10,  -5.09988762e+09,  -1.32626138e+09,
          4.42097172e+10,   5.65715820e+02,  -7.02470547e+04,
          1.64076000e+08,   4.99726840e+07,   2.66160579e+10,
         -9.31200896e+08,  -4.20635853e+10,  -1.47551565e+09,
          6.09318707e+10,  -1.12237107e+09],
       [  1.51409229e+09,   9.32738908e+10,   4.20734400e+06,
         -1.34637763e+10,  -1.90586081e+10,  -1.20024085e+12,
          3.32755698e+11,   9.07327386e+09,   2.37060736e+09,
         -1.31424248e+11,  -1.38213513e+03,   8.86133359e+04,
         -2.85235277e+09,  -1.28065808e+08,  -9.13755095e+10,
          2.15980800e+09,   1.44296935e+11,   5.11620608e+09,
         -2.03035410e+11,   2.00467533e+09]], dtype=float32), array([ 0.,  0.,  0.,  0.,  0.,  0.,  0.,  0.,  0.,  0.,  0.,  0.,  0.,
        0.,  0.,  0.,  0.,  0.,  0.,  0.], dtype=float32)][array([[ -2.97713930e+37],
       [  3.56903198e+37],
       [ -2.54424169e+37],
       [ -1.69389964e+37],
       [  8.96471248e+37],
       [ -5.11267065e+37],
       [ -5.91087829e+37],
       [  4.57683728e+37],
       [            -inf],
       [ -1.61583518e+37],
       [ -1.39637367e+37],
       [ -1.61906147e+37],
       [ -1.63262229e+37],
       [ -6.89301950e+37],
       [ -4.05033736e+37],
       [ -6.22795853e+36],
       [  2.35802711e+37],
       [ -2.30724097e+37],
       [  1.73468921e+37],
       [  1.75459589e+37]], dtype=float32), array([ 0.], dtype=float32)]