[array([[  3.13413213e-03,   1.51494397e-02,   1.09589517e+00,
         -9.15004313e-02,  -1.71427447e-02,   5.35282008e-02,
         -2.33145609e-01,   5.77394776e-02,   2.05376267e+00,
          9.37101766e-02,  -1.06352881e-01,  -2.77802610e+00,
         -3.10433544e-02,  -1.60421971e-02,   8.81476626e-02,
          1.46302609e-02,   2.18303148e-02,  -3.82965989e-02,
         -1.37709588e-01,  -8.18692446e-02,   8.18850398e-02,
          1.70087606e-01,   7.37119317e-02,  -6.26402423e-02,
         -1.20804466e-01,   8.18652008e-03,   9.07176062e-02,
         -5.53672612e-01,   2.71154828e-02,  -4.43553552e-03,
          8.57487246e-02,   1.95585415e-02,   1.09592512e-01,
          7.25286221e-03,  -1.86787963e-01,   6.66068122e-02,
          6.19745068e-02,  -1.23173557e-02,   1.04444772e-02,
         -4.03881878e-01,   5.50054796e-02,   4.49635349e-02,
          2.98242164e+00,   1.55170253e-02,  -2.60342914e-03,
          7.01438412e-02,  -7.29185864e-02,   4.44743484e-02,
          1.71769317e-02,   2.60283500e-01],
       [  3.27073261e-02,   2.10225191e-02,  -2.83819675e-01,
         -1.60687000e-01,   2.93842405e-02,   1.01003097e-02,
          8.66886228e-02,  -4.95838188e-02,  -6.41502559e-01,
         -4.71683666e-02,  -1.20714799e-01,   6.40939713e-01,
         -8.50848183e-02,   3.17655019e-02,  -1.51578253e-02,
         -2.34169532e-02,   3.08654248e-03,  -5.80654331e-02,
          7.78004853e-03,  -2.69608502e-03,  -6.51982576e-02,
         -8.98319632e-02,  -3.21191619e-03,   3.38604413e-02,
          1.62309629e-03,  -9.56915412e-03,  -7.81341176e-03,
          3.52395722e-03,  -5.39537668e-02,   5.92749678e-02,
          1.01946890e-02,  -9.38785635e-03,  -5.63930161e-02,
          4.18283418e-02,   3.68595809e-01,   5.12752158e-04,
         -1.51964381e-01,  -2.53026318e-02,  -3.27908359e-02,
         -1.33247721e+00,  -2.19743680e-02,  -1.13458432e-01,
         -8.65645647e-01,  -3.65916938e-02,  -2.87452377e-02,
         -2.69764420e-02,  -2.01021153e-02,   3.01746912e-02,
         -3.73354778e-02,   2.39441141e-01],
       [ -7.78886378e-02,   7.40793347e-02,   6.54937804e-01,
          3.53297479e-02,   3.33230309e-02,  -3.11129261e-03,
         -9.38805044e-01,  -1.39124915e-01,   1.12866116e+00,
          8.20647832e-03,  -2.19015613e-01,  -1.78019142e+00,
          1.60736397e-01,  -6.09530918e-02,   7.02169091e-02,
         -5.35600744e-02,   2.55978536e-02,   5.04172705e-02,
          7.36578647e-03,  -8.66706371e-02,   4.63267080e-02,
         -2.25422215e+00,   2.72133891e-02,   3.99478041e-02,
         -1.22859873e-01,   2.05898695e-02,  -7.93708712e-02,
          1.88355589e+00,   4.17275541e-02,  -1.18808009e-01,
         -3.74911842e-03,   1.98089909e-02,   1.75042134e-02,
         -5.07855490e-02,  -8.14568531e-03,  -1.67757422e-02,
          1.71963330e-02,   2.26141885e-03,  -9.48992651e-03,
          6.88544655e+00,   2.20137257e-02,   2.10703257e-02,
          1.41948175e+00,  -3.91720273e-02,  -2.32699048e-02,
          1.99353378e-02,   2.50154082e-02,  -4.16740822e-03,
          3.30058411e-02,   5.79969347e-01],
       [  4.08479245e-03,  -3.47384997e-02,   1.79840612e+00,
         -4.97395664e-01,   1.04713835e-01,  -5.12530748e-03,
          6.29261911e-01,   3.07891313e-02,   2.58677244e+00,
          4.75267097e-02,   6.02972917e-02,  -3.56041026e+00,
         -3.77856344e-02,   3.97725590e-03,  -1.15850739e-01,
         -2.89123127e-04,   2.73948796e-02,   3.96302156e-02,
         -1.17531270e-02,  -1.36398569e-01,   4.53366153e-02,
         -1.28380299e+00,  -1.12412339e-02,  -3.11370939e-02,
          2.66267937e-02,   9.45656821e-02,  -7.23615810e-02,
         -1.42620826e+00,   2.56569516e-02,   1.47686675e-02,
          6.41375408e-02,   2.94836406e-02,   1.62620749e-02,
         -3.93011011e-02,   4.67945039e-02,  -6.77537173e-03,
         -8.80621374e-02,   4.45150845e-02,  -6.59050867e-02,
         -4.19928026e+00,   2.47192662e-02,  -4.23458628e-02,
          3.62992978e+00,   5.28421700e-02,   3.15281264e-02,
         -5.11735044e-02,   4.43092957e-02,   6.63217530e-03,
         -2.49676108e-02,  -1.15684879e+00]], dtype=float32), array([ 0.,  0.,  0.,  0.,  0.,  0.,  0.,  0.,  0.,  0.,  0.,  0.,  0.,
        0.,  0.,  0.,  0.,  0.,  0.,  0.,  0.,  0.,  0.,  0.,  0.,  0.,
        0.,  0.,  0.,  0.,  0.,  0.,  0.,  0.,  0.,  0.,  0.,  0.,  0.,
        0.,  0.,  0.,  0.,  0.,  0.,  0.,  0.,  0.,  0.,  0.], dtype=float32)][array([[ -4.93743792e-02,   1.74709275e-01,  -4.07050364e-02,
          5.69820218e-02,  -2.73540914e-02,   5.38357645e-02,
          2.03669381e+00,   3.65617466e+00,   7.30757369e-03,
          1.10675596e-01,   9.82025623e-01,  -2.59555876e-02,
         -3.90617736e-02,   2.30049882e-02,  -6.84231669e-02,
         -1.27153903e-01,   4.31696129e+00,   2.43532106e-01,
         -1.36811601e-03,  -9.48028341e-02],
       [ -1.31508976e-01,   1.39714265e-02,   2.88041886e-02,
          7.92870484e-03,   3.02632475e+00,   2.62321621e-01,
          6.99665594e+00,   2.05799937e+00,  -2.60758400e-02,
         -2.51240637e-02,  -8.43574238e+00,  -1.54446363e-01,
          3.22202556e-02,  -1.26447946e-01,  -1.71496850e-02,
         -9.45027452e-03,   3.36806941e+00,  -3.66661787e-01,
          9.61992666e-02,  -2.51584220e+00],
       [ -1.51481837e-01,   9.76184085e-02,   5.17106131e-02,
          5.60687063e-03,   1.79778457e-01,  -7.36890435e-02,
          2.19315948e+01,   2.01742005e+00,   6.42805621e-02,
          9.35284328e-03,  -2.42688961e+01,  -8.64927545e-02,
          3.48322354e-02,   6.81460127e-02,   6.12535663e-02,
          3.38851549e-02,   2.09352255e+00,   4.62537259e-01,
         -7.49166012e-02,   1.33573398e-01],
       [  4.93450556e-03,   5.76305278e-02,   8.13391246e-03,
         -1.21589676e-01,   1.95471656e+00,   9.49646696e-04,
         -1.01777973e+01,  -2.18705964e+00,   7.05697015e-02,
          1.46977929e-02,   1.30593729e+01,   1.36001810e-01,
          2.59303041e-02,   9.26743224e-02,   3.79757513e-03,
         -6.86375983e-03,  -6.44824266e-01,   1.86735719e-01,
          1.37128057e-02,  -1.69967544e+00],
       [ -2.75834110e-02,   7.43934959e-02,   2.07939651e-02,
         -3.92102450e-02,  -1.89078331e+00,  -8.86357278e-02,
         -6.16371346e+00,  -1.40905237e+00,  -9.73304827e-03,
          6.92338422e-02,   9.78413486e+00,  -1.44630939e-01,
          6.43196926e-02,  -7.87587911e-02,   1.36102214e-02,
          4.89891842e-02,  -1.80631304e+00,  -3.35029662e-02,
         -1.54061690e-02,   1.52413833e+00],
       [  4.21827957e-02,  -1.03518434e-01,   9.27480796e-05,
         -4.55348790e-02,  -7.10048854e-01,   1.32202968e-01,
         -1.57141609e+01,  -3.07066274e+00,  -3.72420438e-03,
         -2.41048988e-02,   1.70904083e+01,  -6.33821217e-03,
          2.78951377e-02,  -7.48178139e-02,   9.00961831e-03,
         -6.19247593e-02,  -2.46635270e+00,   2.25622684e-01,
         -1.71824265e-02,   1.95899382e-01],
       [ -2.33985987e-02,   3.13501991e-02,  -3.50534804e-02,
         -6.38939589e-02,  -2.33106303e+00,  -3.31449918e-02,
         -2.42541008e+01,  -1.20121801e+00,   6.85532317e-02,
          5.42405667e-03,   3.00875320e+01,   1.45881966e-01,
         -9.80479419e-02,  -4.73557301e-02,  -8.64999592e-02,
          5.04137902e-03,   7.25910127e-01,  -2.62777805e-01,
          2.66704503e-02,   1.61279690e+00],
       [ -1.63626019e-02,  -4.25840132e-02,   1.08051993e-01,
         -6.58110753e-02,  -7.21988261e-01,   6.61661476e-02,
          1.33451891e+00,   6.99452162e-01,  -2.33448413e-03,
          7.29740560e-02,  -2.48210621e+00,   9.05388221e-03,
         -3.99556980e-02,  -3.79316346e-03,  -7.52490247e-03,
          6.57548383e-02,   7.89417565e-01,   6.50832355e-02,
          3.94845828e-02,   2.43218169e-01],
       [  1.88598275e-01,  -1.34882331e-01,   5.43722883e-02,
         -2.40560006e-02,  -1.82986939e+00,   1.19169891e-01,
         -2.92446098e+01,   4.68321741e-01,   3.56468819e-02,
         -3.71703915e-02,   3.57484283e+01,   3.96008715e-02,
          2.43319925e-02,   3.68429907e-02,   5.98162739e-03,
         -1.12899039e-02,   1.59115922e+00,  -3.37915123e-01,
         -3.60707529e-02,   1.27721667e+00],
       [ -2.71650348e-02,   3.33322352e-03,  -5.42864986e-02,
         -2.38966625e-02,  -8.18097830e-01,   1.16531745e-01,
         -7.20771074e+00,  -1.91181755e+00,  -5.49094267e-02,
          3.06932302e-03,   1.08069515e+01,  -7.47034922e-02,
         -1.01780377e-01,   6.84739724e-02,  -5.19790947e-02,
         -8.27892311e-03,  -2.10528716e-01,  -7.48192444e-02,
         -1.27886878e-02,   9.73857641e-01],
       [ -1.06107004e-01,  -1.31398275e-01,  -7.34055368e-03,
         -2.09809411e-02,   2.94487596e+00,  -1.51626796e-01,
         -3.13582516e+00,  -1.67912745e+00,   7.76251871e-03,
         -1.27965868e-01,   5.94743919e+00,   1.82613507e-01,
         -4.05345783e-02,  -4.39111032e-02,  -7.41192698e-02,
          5.04529737e-02,  -1.56741047e+00,  -2.12829158e-01,
         -5.19704707e-02,  -2.66753197e+00],
       [  2.76375651e-01,  -1.30563363e-01,  -2.87468228e-02,
          2.20908355e-02,  -1.56255579e+00,   4.96659754e-03,
         -1.17984772e+00,  -4.61326122e+00,   6.11377731e-02,
          6.80482388e-03,  -9.80072975e-01,   1.83783427e-01,
         -8.79673287e-02,  -3.50439399e-02,  -7.08649261e-03,
          4.92612496e-02,  -4.84788179e+00,  -2.33835205e-01,
         -5.51626794e-02,   1.55941427e+00],
       [ -9.03571248e-02,   1.34864762e-01,  -1.04731120e-01,
          3.21518257e-02,   1.52023661e+00,  -9.86485630e-02,
         -1.56946945e+00,   4.02922928e-01,   4.86313589e-02,
          6.06262460e-02,   4.72563457e+00,  -2.18961854e-02,
          3.30629088e-02,  -8.99717864e-03,   7.15263828e-04,
         -2.32794415e-03,   2.80346680e+00,   1.19564041e-01,
          1.30798686e-02,  -1.50744987e+00],
       [ -7.77064413e-02,  -1.00286536e-01,   1.27263740e-02,
         -1.00685634e-01,  -2.95630455e+00,   7.89444819e-02,
         -6.48543787e+00,   6.59967780e-01,   1.29545024e-02,
          9.26316530e-02,   8.56448555e+00,   1.15099140e-01,
         -2.49596853e-02,  -5.30348308e-02,  -1.75318529e-03,
          6.05634712e-02,  -1.97666571e-01,   3.04555058e-01,
          3.74960005e-02,   2.41962409e+00],
       [  1.15813121e-01,   1.15989503e-02,  -3.60492314e-03,
          6.62688166e-02,  -2.82613730e+00,   1.43917808e-02,
         -7.61553943e-01,  -8.56950045e-01,  -6.46494031e-02,
         -4.38034050e-02,  -1.84106529e+00,  -1.24369919e-01,
         -4.11345214e-02,  -6.32843152e-02,  -4.00372781e-02,
         -7.46823475e-02,  -5.98617852e-01,  -2.13051438e-02,
          8.91670063e-02,   2.58703423e+00],
       [  6.87540248e-02,   4.91684256e-03,  -1.67461894e-02,
         -1.91170461e-02,   1.85113919e+00,   7.51662925e-02,
         -5.21642876e+00,   2.37435555e+00,   2.33563385e-03,
         -5.48338285e-03,   3.49787521e+00,  -1.06153805e-02,
         -3.58398855e-02,  -3.69118415e-02,  -1.64975561e-02,
         -4.15844209e-02,   2.01222920e+00,  -2.60918885e-01,
         -3.21324877e-02,  -1.84472561e+00],
       [ -7.76080713e-02,  -1.59852568e-03,  -1.27043156e-02,
          6.54433072e-02,  -3.65910935e+00,   1.49662167e-01,
         -1.62691422e+01,   5.68075180e-01,  -7.99782425e-02,
          1.94317158e-02,   2.00645924e+01,   6.13040030e-02,
          9.61008389e-03,  -1.91862866e-01,   7.08579719e-02,
         -3.99634726e-02,  -1.60037845e-01,  -1.94147810e-01,
          5.35776690e-02,   3.19761944e+00],
       [  9.81088132e-02,  -7.09129423e-02,   2.94085238e-02,
         -2.22678315e-02,   2.62924790e+00,   6.62812516e-02,
          2.03189411e+01,  -6.48265839e+00,   2.07017381e-02,
         -3.87562364e-02,  -2.38705788e+01,  -1.39986619e-01,
          9.18602869e-02,   1.01375721e-01,   4.63126078e-02,
          5.39567247e-02,  -8.50125217e+00,  -2.46076390e-01,
         -3.97220207e-03,  -2.13217187e+00],
       [ -6.42203689e-02,   1.28183840e-02,   4.42816317e-02,
          5.97306974e-02,   8.50052655e-01,  -7.99515918e-02,
         -5.54281712e+00,   1.42662621e+00,  -7.42467865e-02,
          6.73551410e-02,   9.25279427e+00,  -1.11693248e-01,
          2.37999056e-02,  -1.24597713e-01,   9.27051937e-04,
          3.56516354e-02,   7.14962065e-01,  -9.78108309e-03,
          6.40660105e-03,  -7.07153976e-01],
       [ -5.25445491e-02,   1.52144551e-01,  -6.97637051e-02,
         -1.09765902e-02,  -1.48069453e+00,   2.12723404e-01,
          1.42867029e+00,  -2.29774904e+00,   1.94537994e-02,
          2.13819537e-02,  -4.70632935e+00,  -9.15418193e-02,
          1.30611703e-01,  -3.25226188e-02,  -2.38067750e-02,
         -6.20648405e-03,  -3.61908841e+00,  -4.16419357e-01,
         -1.32882288e-02,   1.33519125e+00],
       [  2.27586646e-02,  -8.20827037e-02,   7.51891872e-03,
         -6.71829879e-02,   5.53329086e+00,   1.39802188e-01,
          2.20300083e+01,  -8.23662937e-01,  -3.09978276e-02,
         -8.56329128e-02,  -2.74318428e+01,  -1.07632786e-01,
          6.28393982e-03,  -1.24663934e-01,  -4.37234454e-02,
          1.63669139e-02,  -2.53357679e-01,  -1.20577551e-01,
          5.15676625e-02,  -5.17911482e+00],
       [ -6.31499663e-02,  -1.12631526e-02,  -3.93719412e-02,
         -1.23961799e-01,   4.30378819e+00,  -1.18623309e-01,
          2.10974860e+00,   4.47259808e+00,  -3.25787403e-02,
          4.91292179e-02,  -6.79059553e+00,   1.02588788e-01,
          2.05536410e-02,  -8.66940618e-03,   4.64065708e-02,
         -9.57527459e-02,   4.26111698e+00,  -2.77259555e-02,
         -1.86392684e-02,  -3.75985813e+00],
       [  1.97858781e-01,   5.48323840e-02,   3.23616201e-03,
          2.24548448e-02,  -6.84896827e-01,  -3.65171349e-03,
          5.92168808e+00,   1.17550814e+00,  -9.47866142e-02,
         -4.68895137e-02,  -7.78435040e+00,  -1.10012172e-02,
          1.27121927e-02,  -1.27888814e-01,  -6.11361861e-02,
          8.84602517e-02,   8.02493274e-01,  -2.49350131e-01,
         -1.72748640e-02,   7.72070885e-01],
       [  3.81990187e-02,   2.53788270e-02,  -1.53525779e-03,
         -2.20394041e-02,   9.82869864e-01,  -3.79271954e-02,
          7.17271423e+00,  -1.85113454e+00,   3.13696451e-03,
          2.15043779e-02,  -7.97609997e+00,  -5.82669005e-02,
         -1.29759833e-01,   2.51468159e-02,  -6.92755356e-02,
         -2.93546282e-02,  -1.64835179e+00,  -3.57462198e-01,
          3.04598100e-02,  -1.16305232e+00],
       [ -1.47860758e-02,  -3.34145315e-02,  -7.65570775e-02,
          4.16476658e-04,  -4.51783562e+00,   8.23434666e-02,
         -1.68909836e+01,  -4.49522495e+00,   5.08803912e-02,
          3.77564691e-02,   2.22520142e+01,  -6.59207487e-03,
          1.19616874e-02,   5.53435832e-02,   2.42038001e-03,
         -1.52244400e-02,  -3.78221369e+00,   1.15466774e-01,
          1.83394402e-02,   4.06779957e+00],
       [  6.39048368e-02,   1.08958669e-02,  -5.20615764e-02,
          5.02698533e-02,  -9.97361690e-02,  -5.70216030e-02,
          9.93227863e+00,   1.74477446e+00,   2.14894791e-03,
         -1.12688821e-02,  -1.08054619e+01,  -1.08810507e-01,
         -1.50356358e-02,   2.37082005e-01,   3.23455185e-02,
         -2.43965536e-02,   1.44517124e+00,  -1.18152052e-01,
         -1.89756975e-02,   4.37379807e-01],
       [ -1.01306349e-01,  -5.11061996e-02,  -1.11043468e-01,
         -4.04334068e-02,   1.60069847e+00,  -8.12042579e-02,
         -1.80535183e+01,   2.20427704e+00,   3.14819776e-02,
          5.52677587e-02,   2.43113880e+01,   6.10470176e-02,
         -4.38090414e-02,  -7.24298954e-02,   2.96515804e-02,
          1.26092955e-01,   2.85407448e+00,  -1.40909582e-01,
          5.71279190e-02,  -1.73749399e+00],
       [ -3.56169902e-02,   4.78192754e-02,   2.01712232e-02,
         -1.05612250e-02,   6.78094625e-01,  -1.02856189e-01,
         -7.27304697e+00,  -6.63704300e+00,  -8.49046335e-02,
         -3.30008194e-02,   6.97322559e+00,  -3.51006538e-03,
          7.84728676e-02,   1.57718863e-02,   2.06351485e-02,
         -2.83306539e-02,  -6.94907618e+00,  -6.52570203e-02,
         -3.20880418e-03,  -5.41715384e-01],
       [  5.77012300e-02,   6.21901341e-02,  -3.69730755e-03,
          8.33434612e-02,   2.30061436e+00,   2.13385466e-02,
          9.42306161e-01,  -6.91522551e+00,  -4.74564768e-02,
         -7.27876201e-02,  -1.56242335e+00,   4.79597226e-02,
         -3.41692567e-02,  -9.13869217e-02,  -1.56719200e-02,
         -1.17970124e-01,  -6.11113119e+00,  -1.37554958e-01,
          1.89828705e-02,  -1.76773989e+00],
       [  6.61569610e-02,   2.41628569e-02,   2.02867445e-02,
          1.86873339e-02,  -2.57131147e+00,   1.94471776e-01,
         -8.21519852e+00,  -4.55758190e+00,  -2.86742317e-04,
          5.23498058e-02,   9.95351696e+00,   3.49407345e-02,
         -4.45145182e-02,  -1.55626714e-01,   2.17127446e-02,
         -8.32675397e-02,  -3.22851062e+00,   3.58266622e-01,
          5.34735918e-02,   2.23419189e+00],
       [ -1.01653226e-01,   4.94174585e-02,   6.26549944e-02,
          1.96925402e-02,  -1.69353470e-01,  -2.64692251e-02,
          5.99114799e+00,  -1.45085478e+00,   2.82265097e-02,
          1.04061728e-02,  -7.35429525e+00,  -1.18371822e-01,
          2.78109070e-02,  -7.47992843e-03,  -1.55126331e-02,
         -4.64728512e-02,  -1.64636362e+00,  -5.72114512e-02,
         -6.31149635e-02,   3.09629470e-01],
       [ -2.25779638e-02,  -1.80298299e-01,  -9.03941877e-03,
          6.05210550e-02,   1.77804068e-01,  -3.26702464e-03,
          5.57165813e+00,   9.94376183e-01,   5.33052646e-02,
         -1.00458404e-02,  -7.43079615e+00,  -1.20443236e-02,
         -5.40697463e-02,  -7.63514861e-02,   3.88442837e-02,
         -1.76581927e-03,  -8.61236267e-03,  -4.60027814e-01,
          7.45693520e-02,   6.34041354e-02],
       [ -7.35168383e-02,  -1.55172154e-01,   5.14213033e-02,
         -1.80512182e-02,   1.37069225e+00,  -8.62514526e-02,
         -1.29810848e+01,  -1.45309460e+00,  -8.34539980e-02,
          9.85974669e-02,   1.72532482e+01,   6.67930916e-02,
          8.61462858e-03,   5.24578914e-02,   1.88998114e-02,
         -6.67881370e-02,  -3.38618636e-01,  -2.73345321e-01,
         -2.64518568e-03,  -1.66447604e+00],
       [ -1.81015022e-02,   1.44378006e-01,  -8.93999189e-02,
          1.83784438e-03,   1.00729465e+00,  -7.84239732e-03,
         -3.20542312e+00,   8.50239024e-02,  -1.88163538e-02,
         -1.93034653e-02,   4.51466084e+00,   9.84462723e-02,
          1.66189391e-02,   8.23442340e-02,   8.91539529e-02,
         -1.26175836e-01,   1.69478714e+00,  -1.36389092e-01,
          8.03913176e-03,  -4.47981060e-01],
       [  1.82811290e-01,  -5.25338389e-02,   2.17813961e-02,
          7.81248808e-02,  -2.02037978e+00,  -3.69510092e-02,
          1.35217643e+00,  -2.44859433e+00,  -1.26091391e-02,
         -1.46861440e-02,  -3.31423700e-01,  -7.58763775e-02,
          2.24635052e-03,  -1.54412463e-01,  -9.32525750e-03,
         -1.84740813e-04,  -2.89125896e+00,  -1.32000849e-01,
          4.55289567e-03,   2.31736374e+00],
       [  6.24450855e-02,   9.81679708e-02,   5.01944125e-02,
          2.47528814e-02,   1.29317892e+00,  -5.00775576e-02,
         -3.68758845e+00,  -4.62940820e-02,  -4.08517830e-02,
          3.12081333e-02,   4.12473679e+00,   6.70737587e-03,
         -8.13386869e-03,  -9.73827690e-02,  -1.61405709e-02,
         -4.39719819e-02,   1.21784516e-01,   4.06814478e-02,
          9.39925388e-02,  -1.29469419e+00],
       [ -1.55002507e-03,  -7.25030974e-02,   5.45828640e-02,
          2.96327602e-02,  -1.24015617e+00,   5.84463812e-02,
         -6.64158404e-01,   2.70154309e+00,  -2.93934997e-02,
          9.14468896e-03,   8.68477285e-01,   1.19597152e-01,
         -6.34015491e-03,   3.47170904e-02,  -3.50390263e-02,
          2.47241482e-02,   4.90971470e+00,  -3.85325700e-01,
          4.83199470e-02,   1.03308773e+00],
       [ -3.82207031e-03,   1.13368876e-01,   4.04685140e-02,
         -5.77926682e-03,  -3.05354714e+00,  -2.91528422e-02,
         -3.40867519e+00,   1.26243556e+00,  -1.52068976e-02,
          7.64952227e-03,   8.63419914e+00,   1.21019773e-01,
         -3.41272983e-03,   1.08422905e-01,   3.94281298e-02,
         -4.19831201e-02,   1.37639567e-01,  -6.33903563e-01,
         -4.51448187e-02,   2.51419759e+00],
       [  8.86830315e-02,   1.62801877e-01,  -5.24518453e-02,
          6.91753766e-03,  -1.36334968e+00,  -1.36577174e-01,
         -4.11545563e+00,  -3.49861526e+00,  -9.84403864e-02,
         -1.09508865e-01,   3.31529999e+00,  -4.68517467e-02,
         -1.94109622e-02,   7.73874223e-02,  -3.82318944e-02,
         -1.57358766e-01,  -3.94428682e+00,   1.16164498e-02,
          7.43454844e-02,   1.52960277e+00],
       [  3.29589918e-02,  -4.24233712e-02,  -5.56129329e-02,
         -6.35043979e-02,  -1.38583434e+00,   4.45782579e-02,
         -1.80789784e-01,   4.26744789e-01,   4.46741804e-02,
         -7.22142681e-02,   2.64837980e+00,  -1.32960007e-01,
          1.14818644e-02,   1.10787399e-01,   3.16187553e-02,
         -1.04987025e-02,   3.06191969e+00,   4.30443823e-01,
         -5.04155159e-02,   1.06698179e+00],
       [  5.74241355e-02,  -1.10182881e-01,  -5.12432158e-02,
         -5.78314662e-02,   4.23393756e-01,  -8.87968987e-02,
         -1.65096569e+00,   4.16081238e+00,  -5.70165478e-02,
          2.10857410e-02,   7.36671448e+00,   1.26599923e-01,
         -2.80538835e-02,   5.47481924e-02,   8.14751722e-04,
         -7.66519830e-02,   3.71297979e+00,   4.05325949e-01,
         -6.62846640e-02,  -3.01166717e-02],
       [ -1.32060172e-02,  -3.22745927e-02,  -6.80901518e-04,
          1.98121574e-02,  -2.55012846e+00,   2.22726211e-01,
         -2.53167534e+01,  -1.55388176e+00,   7.63416439e-02,
         -3.65939587e-02,   2.94641171e+01,   9.81181115e-02,
          4.82186265e-02,  -1.90790351e-02,  -1.77546386e-02,
          4.25451100e-02,  -7.92783976e-01,   2.53227711e-01,
          3.70488688e-02,   1.82781661e+00],
       [ -1.42622128e-01,   4.06445526e-02,   1.11810505e-01,
         -8.47145356e-03,  -9.76608813e-01,   2.21727476e-01,
         -1.16918287e+01,  -4.75009251e+00,   2.66622510e-02,
          9.03013274e-02,   1.40163946e+01,  -1.75332278e-03,
         -5.57400696e-02,   4.03419435e-02,  -5.69900870e-03,
          3.16102766e-02,  -4.97998190e+00,  -1.94008380e-01,
          1.52743086e-02,   1.22551966e+00],
       [ -1.96572945e-01,  -1.95344631e-02,   1.64446700e-02,
          2.52243169e-02,   4.58661032e+00,  -1.73631608e-01,
          1.48111496e+01,  -3.20322961e-01,  -5.04911542e-02,
          7.45559065e-03,  -1.66203804e+01,  -8.31947327e-02,
         -3.01844236e-02,   1.36461690e-01,   2.03709137e-02,
          4.24941853e-02,  -8.50399315e-01,   1.07873783e-01,
          2.31702230e-03,  -3.84533858e+00],
       [  1.60892248e-01,  -7.42837340e-02,   9.70804021e-02,
          8.83319080e-02,  -3.60674953e+00,  -5.78166842e-02,
         -6.79356146e+00,   4.51369858e+00,   2.48395968e-02,
          4.01226096e-02,   7.93161392e+00,   1.92198694e-01,
          1.87070929e-02,   9.30343196e-02,   1.98465977e-02,
         -1.13165580e-01,   4.04399252e+00,  -3.42459716e-02,
         -6.30931556e-03,   3.07890964e+00],
       [  2.16564953e-01,   1.69774462e-02,  -2.14178562e-02,
          8.53930712e-02,  -3.73747274e-02,  -1.04568899e-02,
          1.14556074e+01,  -4.65060568e+00,   1.46451388e-02,
         -2.62605827e-02,  -1.13962746e+01,  -8.06774758e-03,
          3.36734988e-02,   9.18355361e-02,  -8.74418393e-03,
         -4.14142050e-02,  -5.26662588e+00,   2.40846304e-03,
         -1.29970707e-04,   3.29429775e-01],
       [  2.09377050e-01,  -2.29793154e-02,   3.25022936e-02,
          4.42555398e-02,   3.04401517e+00,  -7.27305785e-02,
          6.77394819e+00,   9.56804991e-01,  -3.53918225e-02,
         -1.67984352e-03,  -6.61088228e+00,  -6.90757856e-03,
          5.20104775e-03,   2.15817317e-02,  -1.66939199e-02,
         -8.77043679e-02,   2.11292124e+00,   7.13060051e-03,
          4.87597361e-02,  -2.46036053e+00],
       [ -8.23792219e-02,  -4.73626815e-02,   2.74053905e-02,
          4.60520573e-02,  -2.34793878e+00,  -1.16513588e-01,
          2.54977250e+00,  -1.73081160e+00,   6.94535077e-02,
          1.94271486e-02,  -2.66380167e+00,  -1.81953430e-01,
         -9.76470634e-02,  -2.33476847e-01,   4.97751823e-03,
          4.66507711e-02,  -3.47316074e+00,  -8.33633691e-02,
          1.65968854e-02,   1.88749146e+00],
       [  4.67956886e-02,  -4.80351709e-02,  -2.19471590e-03,
          6.86922446e-02,  -4.96002197e+00,   1.85817704e-02,
         -3.01843224e+01,   3.10693175e-01,  -6.09452985e-02,
          2.73972806e-02,   3.74413643e+01,  -1.08579680e-01,
          6.94204792e-02,   5.82655706e-02,  -1.60047561e-02,
         -1.31715447e-01,  -9.81537759e-01,  -2.43166476e-01,
          3.84646580e-02,   4.08299637e+00],
       [  6.13953127e-03,  -2.38277111e-02,   1.42686693e-02,
          4.36641611e-02,  -6.89326465e-01,  -1.79584324e-01,
         -8.96042633e+00,   4.08795977e+00,  -9.63610113e-02,
         -8.72082338e-02,   1.21084614e+01,   1.88532889e-01,
         -2.85144504e-02,   3.36574987e-02,   2.16041412e-03,
         -1.18989274e-02,   4.46603251e+00,   3.20342839e-01,
          2.54790373e-02,   3.48204583e-01]], dtype=float32), array([ 0.,  0.,  0.,  0.,  0.,  0.,  0.,  0.,  0.,  0.,  0.,  0.,  0.,
        0.,  0.,  0.,  0.,  0.,  0.,  0.], dtype=float32)][array([[  5.82582474],
       [-13.19690037],
       [  5.7149272 ],
       [  4.70719194],
       [-16.26430702],
       [  2.93691182],
       [-26.25274277],
       [ -9.35951233],
       [-22.74768066],
       [ -7.95333719],
       [  6.52375317],
       [  6.65439558],
       [-24.2293644 ],
       [ -4.32142544],
       [ 13.41936493],
       [-12.51952457],
       [-14.9982214 ],
       [  5.34803534],
       [  1.18552816],
       [ 11.09980392]], dtype=float32), array([ 0.], dtype=float32)]