[array([[ -4.73300070e-02,   7.08810911e-02,  -6.22021733e-03,
         -6.02519155e-01,   3.55395279e-03,  -3.26582417e-02,
          4.75834042e-01,  -8.85793753e-03,  -7.59790301e-01,
         -5.93665615e-02,   8.50231480e-03,   1.59491319e-02,
         -7.34665617e-03,  -1.70249902e-02,   3.01341265e-02,
          4.88655455e-02,  -6.38427436e-02,  -3.83207798e-02,
          7.32090771e-02,  -4.93020602e-02,  -4.09632027e-02,
         -5.11627458e-02,  -1.96079593e-02,   7.05721155e-02,
          6.86478987e-03,   6.19305782e-02,   9.39612463e-02,
          4.37037833e-02,  -1.31625049e-02,   1.36759505e-01,
          2.92516481e-02,  -1.53865367e-02,   1.27240825e+00,
         -7.48298457e-03,   4.44780812e-02,  -3.54039930e-02,
          1.52014449e-01,   8.25120322e-03,  -4.98849824e-02,
         -2.39241775e-02,  -4.45524864e-02,  -7.34661967e-02,
         -3.91141735e-02,   6.82197094e-01,   8.68801177e-02,
         -3.90506774e-01,   1.47847636e-02,  -2.18426790e-02,
          4.04686034e-02,   1.37460101e-02],
       [  4.11855020e-02,  -7.42841363e-02,  -6.06130548e-02,
         -1.51716903e-01,  -5.88636585e-02,  -4.82988693e-02,
          2.20597416e-01,  -4.68276367e-02,   3.56565148e-01,
         -6.27442300e-02,   1.09233742e-03,  -5.15458360e-02,
         -5.46191521e-02,   2.15623751e-02,   4.37863581e-02,
          1.22556783e-01,   6.96379021e-02,  -1.53415771e-02,
         -6.62451759e-02,  -2.13541836e-01,  -8.55190977e-02,
         -6.42070323e-02,   4.77817431e-02,   1.50966570e-02,
         -2.46784892e-02,  -4.40314226e-02,  -2.86309302e-01,
          6.03817068e-02,  -5.14979810e-02,  -7.03677759e-02,
          7.59943947e-02,  -2.19760146e-02,   5.45401014e-02,
          5.00036916e-03,   1.83276255e-02,   3.52581851e-02,
          6.31096885e-02,  -2.81045079e-01,  -7.31047988e-03,
          6.28155619e-02,  -4.35987599e-02,  -3.45593020e-02,
          1.23594766e-02,  -2.05743003e+00,   1.46865537e-02,
          2.42806271e-01,   2.65526511e-02,  -5.74466661e-02,
          3.90556715e-02,   1.05327375e-01],
       [  1.41924143e-01,   3.36482227e-02,  -3.11248992e-02,
         -9.21311751e-02,  -2.68514305e-02,   1.80715397e-02,
         -3.26769501e-01,  -1.09794617e-01,   3.03461403e-01,
         -1.50728347e-02,  -2.74850521e-02,  -5.31194285e-02,
         -1.67957675e-02,   3.25017236e-03,  -6.42417669e-02,
         -1.26874581e-01,  -8.54782090e-02,  -4.38365303e-02,
          3.57907750e-02,   6.86131269e-02,  -4.25658450e-02,
          5.37986532e-02,   2.37790998e-02,   1.21732265e-01,
          1.88577697e-02,   4.44020890e-02,   3.68949723e+00,
         -1.11612873e-02,  -1.21776409e-01,   1.10979907e-01,
         -5.45710400e-02,   6.61362112e-02,   3.19129318e-01,
         -2.05401964e-02,  -3.32005285e-02,  -1.86558235e-02,
         -3.54236029e-02,   2.28086412e-01,  -9.23138559e-02,
          9.63701587e-03,   3.47568057e-02,   4.69762385e-02,
          2.23303381e-02,  -3.69787216e+00,  -9.61923599e-03,
          1.77395746e-01,   2.61958456e-03,  -7.49231279e-02,
         -1.33147880e-01,  -2.97048301e-01],
       [  6.84494246e-03,   8.50381404e-02,   4.80052643e-02,
         -3.03520262e-01,  -4.59714495e-02,   6.54676184e-02,
         -1.82090729e-01,  -4.81846416e-03,   1.85951009e-01,
          6.51969314e-02,   4.35923859e-02,   4.99384701e-02,
          5.62731288e-02,   1.21501861e-02,   6.09480031e-02,
         -1.34717626e-02,   3.37400176e-02,  -3.00686490e-02,
         -5.85312545e-02,  -3.18393886e-01,   1.70501284e-02,
         -7.79508287e-03,   8.68415162e-02,   9.66681018e-02,
          8.54939874e-03,   2.17828564e-02,   3.27844906e+00,
          6.47551045e-02,   1.42300073e-02,  -1.12805232e-01,
         -5.76755172e-03,  -7.79251382e-03,   2.63233304e-01,
         -5.00092991e-02,  -7.05250120e-03,  -5.65232337e-02,
         -1.42573146e-02,  -1.61911063e-02,  -1.33417984e-02,
          5.82106523e-02,  -4.46276367e-03,  -8.91621485e-02,
         -3.69123034e-02,  -4.68279457e+00,   3.08932718e-02,
         -2.23694849e+00,  -3.27621214e-02,   7.45702311e-02,
         -1.67403102e-01,   8.58026221e-02]], dtype=float32), array([ 0.,  0.,  0.,  0.,  0.,  0.,  0.,  0.,  0.,  0.,  0.,  0.,  0.,
        0.,  0.,  0.,  0.,  0.,  0.,  0.,  0.,  0.,  0.,  0.,  0.,  0.,
        0.,  0.,  0.,  0.,  0.,  0.,  0.,  0.,  0.,  0.,  0.,  0.,  0.,
        0.,  0.,  0.,  0.,  0.,  0.,  0.,  0.,  0.,  0.,  0.], dtype=float32)][array([[  2.17746377e+00,  -8.27862099e-02,   3.38911377e-02,
          5.38501799e-01,  -4.34309623e-04,   8.03627819e-02,
          5.96219562e-02,  -6.25441745e-02,   1.68340847e-01,
         -8.33743000e+00,  -2.11485791e+00,  -1.83614209e-01,
          4.27955762e-02,   9.71703045e-03,  -2.42389768e-01,
         -3.52022387e-02,   1.33708760e-01,  -2.89281905e-01,
          3.41866426e-02,   2.51652098e+00],
       [ -4.85813111e-01,   5.05607486e-01,  -3.36758271e-02,
          7.31896996e-01,   3.35966162e-02,   5.10291569e-02,
          4.24538366e-02,  -2.84395646e-03,  -5.56046404e-02,
         -1.26163268e+00,   2.49558404e-01,  -7.68280745e-01,
          5.82760759e-03,   4.67621908e-02,  -3.03052723e-01,
         -3.26870792e-02,  -6.68451563e-02,  -3.47765088e-01,
          8.16312153e-03,   3.92334962e+00],
       [ -1.30438673e+00,  -4.58130598e-01,   4.42151492e-03,
          1.79305434e-01,   1.27211632e-03,   1.28466766e-02,
          4.45666499e-02,   2.09716503e-02,   1.68753192e-01,
         -7.58034897e+00,  -2.31457114e+00,  -2.83718318e-01,
          4.96621989e-03,  -1.63248759e-02,   8.07681903e-02,
         -1.90754104e-02,   7.51813129e-02,  -7.67864287e-02,
         -4.28077579e-02,   1.06297851e+00],
       [  2.24233890e+00,  -1.88613590e-02,  -3.95318009e-02,
         -6.22469723e-01,  -2.90404893e-02,  -7.05257524e-03,
          4.43516597e-02,  -1.88110117e-03,  -2.82440662e-01,
         -3.79002929e+00,   3.84998709e-01,  -7.16943979e-01,
          1.02034450e-01,   4.74752747e-02,   2.73880929e-01,
          1.09271698e-01,  -1.03014996e-02,   2.43920818e-01,
         -3.32369804e-02,   2.47792506e+00],
       [ -1.46848178e+00,  -1.04849033e-01,  -5.01486361e-02,
         -6.66306317e-01,   1.30395666e-02,  -3.79762612e-02,
         -3.05965580e-02,   3.88769768e-02,  -9.14558545e-02,
          7.38503647e+00,  -9.83008921e-01,   1.03089154e-01,
          1.13729440e-01,   5.32189570e-02,   2.63096660e-01,
          2.95504518e-02,  -7.02284202e-02,   3.36493254e-01,
         -6.78264126e-02,  -2.44558501e+00],
       [ -2.52245534e-02,  -5.32278538e-01,   3.98352481e-02,
         -5.22629738e-01,  -4.72877882e-02,  -1.51968095e-02,
         -1.31821230e-01,   3.84308994e-02,  -1.10409491e-01,
          8.17613220e+00,   1.47919607e+00,   2.19124258e-01,
         -1.00322656e-01,   5.06082959e-02,   4.40762371e-01,
          4.74128649e-02,   4.68606921e-03,   1.47097483e-01,
          9.95204132e-03,  -1.02609026e+00],
       [  2.01907873e+00,  -5.50214909e-02,   9.22949519e-03,
         -6.97670579e-02,  -4.14458476e-02,   6.41316995e-02,
         -4.15731221e-02,  -1.58951152e-02,   8.10933784e-02,
         -2.91169500e+00,   1.50201094e+00,  -3.57963949e-01,
          4.83829761e-04,   4.70719673e-02,  -4.38056216e-02,
          5.09780785e-03,  -4.62968759e-02,   5.55398464e-02,
         -1.69075094e-02,  -8.64058316e-01],
       [  3.83436060e+00,  -5.44289827e-01,   3.30960117e-02,
         -1.16479620e-01,  -8.56759120e-03,  -1.34853944e-01,
         -7.45990351e-02,  -1.25086024e-01,   3.92441731e-03,
         -8.80023956e+00,  -9.30904031e-01,  -7.69666731e-01,
          3.92840914e-02,   2.55010929e-02,   5.91720998e-01,
         -1.48039393e-03,   3.05465888e-02,   6.41203597e-02,
         -2.10836548e-02,  -1.11351848e+00],
       [ -2.15944362e+00,  -3.08578670e-01,  -6.12169551e-03,
          3.19099501e-02,  -5.12223952e-02,  -2.37484532e-03,
          8.65028333e-03,  -2.65374053e-02,   1.56597979e-02,
          1.74466118e-01,  -1.45871007e+00,  -1.70730934e-01,
         -2.02648342e-02,   8.92947540e-02,  -8.13280419e-02,
          1.39389103e-02,   1.86416488e-02,   9.42993462e-02,
          7.70808160e-02,  -2.36326978e-01],
       [  2.24852741e-01,  -2.73744762e-01,   1.46396104e-02,
          3.14434409e-01,   1.94624513e-02,  -1.67591553e-02,
          1.55576291e-02,  -2.44333092e-02,  -3.39519590e-01,
         -1.17472916e+01,  -1.16636968e+00,  -2.61334151e-01,
          4.35022973e-02,  -1.03220614e-02,   1.54431224e-01,
         -5.85686341e-02,  -5.26014976e-02,  -4.92836386e-02,
          5.30790957e-03,   7.70252526e-01],
       [  4.85939217e+00,  -2.67565817e-01,  -9.07266960e-02,
         -2.13979818e-02,   3.87627296e-02,  -5.72948791e-02,
         -3.07097733e-02,   1.70386564e-02,   2.21143812e-01,
         -9.89017677e+00,  -1.28595757e+00,  -1.01479518e+00,
          7.32602403e-02,  -4.07313518e-02,   6.75391257e-02,
         -2.18591630e-03,  -4.89303432e-02,   9.57010966e-03,
         -3.64028364e-02,   1.45774138e+00],
       [  3.54543900e+00,  -2.30883256e-01,   1.05004810e-01,
         -3.40540946e-01,  -5.18391095e-02,   2.33133901e-02,
          1.25707937e-02,   7.90109485e-02,  -1.22072741e-01,
         -7.15918875e+00,  -1.51131332e+00,  -1.34441014e-02,
         -3.43341157e-02,  -3.31395939e-02,   2.92415291e-01,
         -2.56534461e-02,  -3.96817252e-02,   1.11643285e-01,
         -5.49077010e-03,  -5.13390563e-02],
       [  9.15458858e-01,   4.80445862e-01,   3.30338031e-02,
         -5.31166315e-01,  -1.12360474e-02,  -3.22339535e-02,
          2.33637746e-02,   1.39214098e-02,  -8.99564400e-02,
         -6.49586487e+00,  -2.09192061e+00,   9.26676333e-01,
         -1.28174499e-02,  -3.23459618e-02,   1.12164669e-01,
         -4.00139913e-02,  -5.27267270e-02,   2.06321016e-01,
          1.32625893e-01,   6.31422818e-01],
       [ -2.43678857e-02,  -5.00931799e-01,  -3.17435861e-02,
          1.85713127e-01,   7.06230178e-02,   1.43110484e-01,
         -6.14064150e-02,   4.67838496e-02,  -4.78415340e-01,
         -1.35285711e+00,   3.57672036e-01,  -8.34834576e-01,
         -1.43216193e-01,   3.85504924e-02,  -2.43293822e-01,
          1.44893667e-02,  -5.03131449e-02,  -6.75221113e-03,
          6.51871711e-02,  -8.48556459e-01],
       [ -2.66403341e+00,   3.76598597e-01,   2.86287605e-03,
          1.82685945e-02,  -1.14233993e-01,  -3.09958030e-02,
          1.36934211e-02,   6.79845884e-02,  -3.56900364e-01,
         -1.45478725e+00,   6.13102973e-01,  -5.77880405e-02,
         -2.02162832e-01,  -7.98363686e-02,  -3.58738787e-02,
          5.60000539e-02,   5.71228452e-02,  -2.47792639e-02,
         -1.36398093e-03,  -3.70485759e+00],
       [  7.57430851e-01,   2.65499931e-02,  -2.14477759e-02,
          2.38058656e-01,   2.10302714e-02,   5.70311956e-02,
          4.61880267e-02,   8.34884960e-03,   4.39912565e-02,
          4.58480310e+00,   2.18955374e+00,   1.50964081e-01,
          1.32886648e-01,   5.46228047e-03,   1.93169937e-01,
         -1.02495095e-02,   2.57528611e-02,  -1.98612601e-01,
         -3.31589058e-02,   3.21610427e+00],
       [ -4.78419924e+00,   3.18475336e-01,  -3.02520189e-02,
          7.15465724e-01,   2.22803969e-02,   1.10469066e-01,
         -2.37364061e-02,   4.82309721e-02,  -2.92859852e-01,
         -1.67156315e+00,   3.14457327e-01,   1.44051626e-01,
         -4.22734730e-02,   5.33969998e-02,   8.62323046e-02,
          2.96352655e-02,   2.18061712e-02,  -2.42017522e-01,
          1.99676845e-02,  -3.48313260e+00],
       [ -1.71559060e+00,   3.69566560e-01,   1.34944494e-04,
         -1.98927253e-01,  -5.13186213e-03,   2.88474783e-02,
          3.26194204e-02,  -4.94674966e-02,  -6.03492737e-01,
         -2.15031314e+00,   4.97282803e-01,  -1.80349216e-01,
          6.80476204e-02,   7.61126205e-02,  -2.19881848e-01,
         -7.56003037e-02,   2.98068654e-02,  -2.22245269e-02,
         -4.72858399e-02,  -1.28539205e+00],
       [  2.79862928e+00,   1.75377131e-01,  -2.33514663e-02,
         -4.08788115e-01,  -3.50530744e-02,  -1.48192108e-01,
         -3.16492096e-02,   1.70101933e-02,   1.33321941e-01,
         -2.15996981e-01,   2.14723662e-01,  -3.87671828e-01,
         -1.60892457e-01,  -1.70316491e-02,   1.17900573e-01,
         -2.12981496e-02,   5.04592955e-02,   1.83707684e-01,
          5.49962036e-02,   2.12576008e+00],
       [ -3.11389899e+00,   3.29113871e-01,   1.20823300e-02,
          4.65864480e-01,   5.98621629e-02,   9.97106172e-03,
          2.74423752e-02,   3.54040600e-02,   5.09736687e-02,
          8.48404646e-01,  -1.13901794e+00,  -4.20290641e-02,
          3.54180820e-02,   3.61249782e-02,   2.10419118e-01,
         -7.79085159e-02,   9.42035317e-02,  -2.48658210e-01,
          1.50465639e-02,   2.22782540e+00],
       [  1.08285202e-02,  -1.01958439e-01,  -1.01525366e-01,
         -5.20204842e-01,  -2.31978949e-02,   2.16251090e-02,
          8.11793432e-02,   1.81413684e-02,  -3.78126949e-01,
          1.00521612e+00,  -3.01011115e-01,   2.86887705e-01,
         -1.03436746e-02,  -1.90182254e-02,  -2.12680221e-01,
         -4.20045480e-02,  -2.97400802e-02,   2.56857067e-01,
         -4.87680547e-02,  -1.36076081e+00],
       [ -1.27792788e+00,   3.62864345e-01,  -3.60530019e-02,
          1.35798007e-01,  -4.44610324e-03,  -1.68711860e-02,
          3.63509953e-02,  -4.53219144e-03,  -5.60292125e-01,
          5.34124756e+00,  -1.78108081e-01,  -3.73657912e-01,
          2.28118300e-02,  -2.34765001e-03,   1.45641744e-01,
          6.43605813e-02,   1.18159214e-02,  -1.18284218e-01,
         -5.66334091e-02,   2.12007856e+00],
       [  3.93218279e-01,  -2.18250811e-01,   1.00601196e-01,
          4.94842641e-02,   2.73966249e-02,   4.79961224e-02,
         -5.68550602e-02,  -4.39001024e-02,   1.96499884e-01,
         -2.45827770e+00,   8.25219154e-01,   3.23296130e-01,
          9.98854358e-03,  -1.01670003e-05,  -5.57736531e-02,
          1.28458813e-01,  -1.01012327e-02,  -5.07537276e-02,
          3.23265120e-02,  -1.39148188e+00],
       [ -1.35711324e+00,  -4.69948888e-01,   8.44915491e-03,
          6.24888599e-01,   3.97858620e-02,   4.69470061e-02,
         -2.16291901e-02,   8.15839171e-02,  -2.78004080e-01,
          2.10170940e-01,   1.74484229e+00,   1.05513775e+00,
         -1.87543064e-01,  -1.12371042e-01,  -4.62453544e-01,
         -7.79121229e-03,  -8.80611036e-03,  -1.58292279e-01,
          3.97144519e-02,   1.61702323e+00],
       [ -1.58662081e+00,  -3.45733047e-01,  -4.20682691e-02,
          6.48158312e-01,   9.11981240e-02,   1.19587705e-01,
         -6.79005459e-02,   1.16435997e-01,   3.11512798e-01,
         -2.10557365e+00,  -5.55190742e-01,  -5.70329249e-01,
          1.35425225e-01,   5.74528389e-02,  -1.52375340e-01,
         -3.22386734e-02,   7.36204907e-02,  -3.27593923e-01,
          4.59021963e-02,   8.86726022e-01],
       [  8.11240554e-01,   5.11275530e-01,  -3.07519175e-02,
         -4.82611090e-01,  -3.93594317e-02,   4.92783189e-02,
         -1.42650483e-02,  -1.69718079e-02,   1.26846924e-01,
          7.44395494e+00,  -6.93050265e-01,  -5.24183929e-01,
         -2.28950232e-02,  -9.93679985e-02,   2.90937927e-02,
          3.39636952e-03,   7.12641999e-02,   2.44134575e-01,
          9.63283516e-03,  -8.39110494e-01],
       [  5.76889455e-01,   2.92079389e-01,  -1.65295284e-02,
         -6.74760282e-01,  -9.23418477e-02,   7.65719044e-04,
          1.54638384e-02,  -1.54011250e-01,   7.18861595e-02,
         -9.78997707e+00,  -1.70261824e+00,  -3.74548763e-01,
         -3.22254635e-02,   1.34854004e-01,  -2.61716872e-01,
          1.08127974e-01,  -1.04258452e-02,   2.77258784e-01,
          9.94652063e-02,  -5.67831695e-01],
       [  1.43391323e+00,   4.99871194e-01,   2.30266992e-02,
         -8.27607870e-01,   2.94654705e-02,  -4.73062391e-04,
          4.50847484e-02,   8.76931027e-02,  -2.05781832e-01,
          5.49867010e+00,  -4.86478776e-01,   8.39958370e-01,
          1.92568414e-02,  -4.93425578e-02,   7.38417590e-03,
          6.77609742e-02,  -2.83281337e-02,   4.20216411e-01,
         -6.88571259e-02,   4.74615961e-01],
       [ -2.69874430e+00,   9.37733650e-02,   9.46787186e-03,
         -5.70732713e-01,   1.33517953e-02,   4.04565558e-02,
          1.23781851e-02,   7.96799362e-02,  -3.08556110e-01,
          8.50600243e-01,  -3.16255838e-01,   2.84560114e-01,
         -8.48810300e-02,   3.16982903e-02,  -1.53612629e-01,
          5.04474668e-03,  -6.67457609e-03,   2.30941370e-01,
          5.01702121e-03,   5.23865342e-01],
       [ -2.29131818e+00,   1.82302684e-01,   8.79302695e-02,
          7.78466225e-01,   2.06242478e-03,  -1.37052640e-01,
          3.56492819e-03,   3.20155434e-02,  -8.72855335e-02,
         -6.75289202e+00,  -1.19870329e+00,   3.25298339e-01,
          3.59340496e-02,   3.46100293e-02,   6.93266280e-03,
         -1.36623546e-01,   8.23843479e-03,  -3.82824719e-01,
         -3.41462158e-02,  -1.23479855e+00],
       [  4.41027880e-01,  -2.75268108e-01,  -8.75679962e-03,
         -1.48926497e-01,   3.52482945e-02,   2.59602778e-02,
         -6.64578527e-02,   1.04680583e-01,  -4.59562317e-02,
          4.46101952e+00,   3.91124576e-01,   3.22293878e-01,
         -1.58947706e-02,   2.71567702e-02,  -3.28537077e-01,
          8.59393477e-02,  -8.00125822e-02,   5.49398847e-02,
          9.60823614e-03,  -9.68670726e-01],
       [ -1.50789535e+00,   2.57881820e-01,  -9.50652640e-03,
          5.31958520e-01,   3.00605036e-02,  -1.66952521e-01,
         -1.39342532e-01,   7.91616961e-02,  -1.28595516e-01,
         -1.84708996e+01,  -6.05979979e-01,   3.26993257e-01,
         -1.30720541e-01,   3.59390909e-03,   6.63326159e-02,
          6.39482364e-02,   6.28441051e-02,  -2.57986546e-01,
          9.71307755e-02,  -2.04128695e+00],
       [ -1.67792571e+00,  -3.53160888e-01,   7.03829899e-02,
         -4.68979120e-01,   8.52471516e-02,   2.32549999e-02,
         -1.74390376e-02,   7.09922686e-02,  -2.16387913e-01,
          1.12916470e+00,  -4.70285386e-01,   3.00354540e-01,
          1.04353935e-01,   1.17613494e-01,  -3.90719101e-02,
          1.20448563e-02,   4.57991138e-02,   2.98666149e-01,
          4.35128324e-02,   1.64023936e+00],
       [  2.70574045e+00,   6.92723811e-01,   3.48388008e-03,
         -1.38793975e-01,  -2.60702670e-02,  -1.79784670e-02,
          1.02892376e-01,   6.60308748e-02,   8.43926668e-02,
          6.37107730e-01,  -2.64422715e-01,  -1.26930487e+00,
         -4.61881347e-02,  -7.21418709e-02,  -6.17088750e-02,
          1.85399596e-02,   8.59452710e-02,   1.64043084e-01,
         -3.80475484e-02,  -1.10633826e+00],
       [ -6.05186403e-01,  -1.90716445e-01,   5.69985211e-02,
         -4.53276098e-01,   4.44781221e-02,  -7.70594180e-02,
          2.05779690e-02,   1.11818336e-01,   1.29783750e-01,
         -6.32671165e+00,   3.09712946e-01,  -5.88850081e-01,
          2.46817451e-02,   1.17416278e-01,  -2.07544222e-01,
         -3.58461142e-02,   4.15533744e-02,   1.93996385e-01,
          2.58168317e-02,   4.11018789e-01],
       [ -1.10484242e+00,   1.68512702e-01,  -6.52472675e-03,
         -8.57374609e-01,  -1.27629405e-02,  -3.05730309e-02,
          1.25986844e-01,  -5.32655753e-02,   1.72197580e-01,
          2.26226020e+00,   1.35197058e-01,   2.78662115e-01,
          2.95374632e-01,   1.30886780e-02,   3.41088265e-01,
         -2.32009664e-02,  -3.59045267e-02,   3.12218130e-01,
         -1.31445667e-02,   1.25891316e+00],
       [ -2.74421930e-01,  -3.02000970e-01,   5.85582806e-03,
          2.52313554e-01,   2.40925550e-02,  -1.32667974e-01,
         -4.19857129e-02,  -7.55747175e-03,  -3.14153172e-02,
         -1.84031337e-01,  -1.43081856e+00,   7.96166584e-02,
         -7.53190666e-02,   5.58220707e-02,   2.33756110e-01,
          3.51296924e-02,   6.01427853e-02,  -5.28479218e-02,
         -4.85239439e-02,  -1.54882288e+00],
       [  2.14669574e-02,  -9.35954630e-01,  -4.42928970e-02,
          2.02387333e-01,   4.97582741e-02,  -2.81777210e-03,
          8.67056549e-02,  -7.45767355e-03,  -5.49520195e-01,
         -4.98738146e+00,  -5.63841701e-01,  -7.19219958e-03,
         -7.10305274e-02,   3.74270082e-02,  -3.13958824e-01,
          4.96709608e-02,   2.03682799e-02,  -1.13642767e-01,
         -4.29997146e-02,   1.06836689e+00],
       [ -1.34042835e+00,   9.01240230e-01,  -3.37519832e-02,
          5.15604913e-01,   8.41328055e-02,  -4.85068634e-02,
          4.76648398e-02,  -4.31196764e-02,  -1.92540899e-01,
          1.05986023e+01,   1.55339205e+00,   5.00787497e-01,
         -1.75439775e-01,  -7.03383610e-02,  -1.96072832e-01,
         -3.73759419e-02,  -5.42747453e-02,  -2.60005146e-01,
          2.43580509e-02,  -1.42601264e+00],
       [ -2.57851410e+00,   4.37949300e-02,  -5.34685738e-02,
          1.63545585e+00,   4.33096662e-02,   4.60517779e-02,
         -3.02371662e-02,  -4.32907380e-02,  -2.47511849e-01,
         -5.89074039e+00,  -1.25932002e+00,   5.05708754e-01,
          6.71166852e-02,   2.63567958e-02,   4.51700598e-01,
         -2.62510758e-02,   9.68099609e-02,  -7.14263320e-01,
          1.32191246e-02,   4.54221368e-01],
       [ -3.33598971e+00,  -1.09248066e+00,   8.54079425e-02,
          7.05661118e-01,  -7.50978524e-03,   2.72893943e-02,
         -3.21729481e-03,   6.48566559e-02,   5.99777997e-02,
          2.33258247e+00,   7.48516768e-02,   1.65726081e-01,
         -4.06831503e-02,  -8.45786557e-03,   4.82969075e-01,
         -6.71296790e-02,  -1.72715785e-03,  -3.21065903e-01,
          1.12719491e-01,   2.07615948e+00],
       [  5.21703601e-01,   7.05456614e-01,   1.27247302e-02,
         -4.78048742e-01,   2.57766526e-02,  -5.83615154e-02,
         -8.98245871e-02,  -5.06161489e-02,  -5.44050276e-01,
          2.54619670e+00,  -1.21415842e+00,   1.59821346e-01,
          1.12468369e-01,  -3.03534009e-02,  -2.05095664e-01,
          2.31733713e-02,   4.75434288e-02,   1.77381456e-01,
         -2.19006762e-02,   2.37824678e+00],
       [  1.42680335e+00,   4.27720040e-01,  -6.65562302e-02,
         -6.92008436e-01,   2.49365028e-02,   8.14234689e-02,
          6.34055063e-02,  -2.14000698e-02,  -1.72610313e-01,
         -1.40072174e+01,  -1.66583347e+00,  -2.39440143e-01,
          3.45085561e-02,   2.84416582e-02,  -8.23972076e-02,
          5.01534455e-02,   6.73837960e-03,   2.80002713e-01,
          5.35319140e-03,   6.63086593e-01],
       [  7.22325027e-01,  -2.60342240e-01,   2.58067101e-02,
          1.42997935e-01,   5.09213470e-02,   6.71619624e-02,
          5.87233417e-02,   1.37769133e-01,  -3.38467932e-03,
          6.39601326e+00,   5.50439477e-01,   2.10544705e-01,
         -1.30715758e-01,   2.01158430e-02,   1.16809331e-01,
          7.19954818e-03,   1.11179939e-02,  -1.15863651e-01,
         -7.42047504e-02,   1.79542363e+00],
       [ -4.40754890e-01,   6.65901899e-01,   1.69232525e-02,
          2.33087048e-01,  -3.75182889e-02,   5.50884679e-02,
         -5.23070507e-02,  -1.56977661e-02,  -3.58494371e-01,
         -2.70596266e+00,  -9.59060073e-01,  -8.69515479e-01,
          2.41654906e-02,   3.02764121e-02,   5.20034015e-01,
          2.62728166e-02,   6.82031512e-02,  -1.17198542e-01,
         -2.70265825e-02,   2.00632977e+00],
       [  9.79139566e-01,  -6.77101135e-01,  -6.52278364e-02,
          4.56332862e-01,  -3.67336422e-02,  -5.83473267e-03,
          6.74010143e-02,  -6.43025041e-02,  -1.20254345e-01,
         -6.38481617e+00,  -1.59779513e+00,   2.26762906e-01,
         -4.28471388e-03,   3.45316418e-02,  -3.26335073e-01,
         -2.77883410e-02,   5.12840450e-02,  -1.63707152e-01,
         -8.16367567e-02,   2.90632516e-01],
       [  2.13188529e-01,   9.01941061e-02,   2.31754314e-02,
         -2.74918616e-01,   6.07309118e-02,  -5.72547130e-02,
         -1.49703743e-02,   1.19813308e-01,   6.28879607e-01,
          1.79856986e-01,  -7.25720108e-01,  -3.85803103e-01,
          2.70323511e-02,  -4.39869948e-02,  -2.95462787e-01,
          9.03896764e-02,  -9.14758891e-02,   1.43991932e-01,
          2.10975278e-02,   9.33512807e-01],
       [  1.43566751e+00,  -9.85893980e-02,   6.22748099e-02,
         -7.99656734e-02,  -3.62129509e-02,   8.13220220e-04,
          4.55429442e-02,  -7.22262859e-02,  -5.23740910e-02,
          9.50944901e-01,   3.58943969e-01,   2.79376030e-01,
         -1.48480743e-01,   1.52597390e-03,   2.28221565e-01,
          5.93996141e-03,   7.75128184e-03,   5.90921752e-02,
         -1.63810365e-02,   1.67319536e+00],
       [  4.49252903e-01,  -3.35164696e-01,  -2.93570142e-02,
          6.12780571e-01,   4.42539714e-02,   1.85642801e-02,
          7.58183300e-02,  -3.57145146e-02,   1.74146164e-02,
          1.97916627e+00,   7.60026634e-01,   1.60971880e-01,
         -5.08828200e-02,   2.75944900e-02,  -5.42833097e-02,
         -2.41978392e-02,  -7.65426159e-02,  -2.43471295e-01,
          3.12145837e-02,  -2.37855411e+00],
       [ -1.31774688e+00,  -2.87081361e-01,   3.90006714e-02,
         -5.79399467e-01,   6.46016328e-04,   1.11339986e-01,
         -1.64650269e-02,  -1.14209754e-02,   1.70729741e-01,
          2.81292343e+00,  -1.27486122e+00,  -1.58726558e-01,
          3.89224216e-02,  -4.26408313e-02,   2.12190539e-01,
         -2.72076707e-02,   3.10600046e-02,   2.44712576e-01,
          2.39607506e-02,   1.94952631e+00]], dtype=float32), array([ 0.,  0.,  0.,  0.,  0.,  0.,  0.,  0.,  0.,  0.,  0.,  0.,  0.,
        0.,  0.,  0.,  0.,  0.,  0.,  0.], dtype=float32)][array([[-1.05065584],
       [-7.23619986],
       [-5.89431238],
       [ 5.91164494],
       [-2.4347558 ],
       [ 5.91212606],
       [ 5.99803019],
       [ 4.75301313],
       [-4.25662851],
       [-1.63288271],
       [ 4.09419632],
       [ 7.82006264],
       [-6.35732937],
       [ 5.62999487],
       [ 3.39704704],
       [-4.29673719],
       [-5.14793158],
       [ 1.45459735],
       [ 3.51076674],
       [-4.43790627]], dtype=float32), array([ 0.], dtype=float32)]