[array([[ 0.01182263, -0.02721986,  0.04760546,  0.00588191, -0.04472662,
        -0.02813101, -0.01696127, -0.01707791, -0.04255706,  0.03769984,
         0.02626596,  0.08699941, -0.07750022, -0.01100903, -0.11369362,
         0.06584413, -0.02629836, -0.05500605, -0.02862087, -0.08511367,
        -0.05138416,  0.04122597, -0.05710925,  0.04006604,  0.04367969,
         0.0281628 ,  0.01142137,  0.02754339,  0.00513219, -0.05502832,
         0.01792921, -0.02599201, -0.01593073, -0.00614042, -0.04585034,
        -0.03638105,  0.05479941, -0.02687144, -0.03086803,  0.05612303,
         0.00802982, -0.05695348,  0.03322755,  0.0332168 , -0.01676287,
         0.02674927, -0.08346374,  0.01525104, -0.10579522,  0.01332396],
       [ 0.01140487, -0.00178439,  0.02553223,  0.01207305, -0.04372405,
         0.02694741,  0.03355962,  0.04229471, -0.03067433, -0.01276673,
        -0.08291283, -0.10328348,  0.00324656,  0.01137273, -0.04824331,
        -0.00028134, -0.03825022,  0.05866898, -0.03118453, -0.05981878,
        -0.0314706 ,  0.03792191,  0.01314853,  0.04969602, -0.07699334,
        -0.02743245, -0.08382063, -0.01469578,  0.02770977,  0.07662915,
        -0.08901497, -0.01966046, -0.06563006, -0.07014491,  0.0524715 ,
        -0.08345447,  0.10349783, -0.03225511,  0.14906745,  0.01801174,
        -0.04356441, -0.03271104,  0.00993954, -0.00351875, -0.01984676,
         0.03819866, -0.05287743,  0.01515722, -0.07814279, -0.00363435]], dtype=float32), array([ 0.,  0.,  0.,  0.,  0.,  0.,  0.,  0.,  0.,  0.,  0.,  0.,  0.,
        0.,  0.,  0.,  0.,  0.,  0.,  0.,  0.,  0.,  0.,  0.,  0.,  0.,
        0.,  0.,  0.,  0.,  0.,  0.,  0.,  0.,  0.,  0.,  0.,  0.,  0.,
        0.,  0.,  0.,  0.,  0.,  0.,  0.,  0.,  0.,  0.,  0.], dtype=float32)][array([[  7.15436265e-02,  -2.62725856e-02,  -2.91839484e-02,
         -4.43510525e-02,  -5.25343195e-02,  -3.48632447e-02,
          6.82342350e-02,  -2.05553137e-02,  -2.51829717e-02,
         -5.80429696e-02,   7.98614249e-02,   1.28552038e-02,
          3.52326520e-02,   5.88488244e-02,  -3.88245471e-02,
         -2.91679651e-02,  -3.22728418e-02,   2.44743880e-02,
         -6.97880313e-02,  -6.65347383e-04],
       [ -1.13472395e-01,   8.48408490e-02,   4.99301730e-03,
         -3.01316027e-02,   8.08857903e-02,  -5.63294394e-03,
         -3.06984279e-02,   7.08070695e-02,  -2.63652597e-02,
          3.67228426e-02,  -3.11425570e-02,   1.55314803e-02,
         -2.12795772e-02,   1.83676295e-02,   3.18346396e-02,
          2.74309851e-02,  -1.94216222e-02,   3.48498188e-02,
         -4.23878022e-02,   4.52706143e-02],
       [ -2.54464634e-02,  -2.38313694e-02,   2.61783991e-02,
         -5.14144674e-02,  -4.16626669e-02,   2.06102785e-02,
         -7.34843388e-02,  -1.91118475e-02,   3.54959667e-02,
         -5.60530983e-02,   2.25094371e-02,  -1.44746780e-04,
          6.02405928e-02,   1.21801220e-01,  -4.21234630e-02,
         -2.16277689e-02,   5.61418794e-02,   6.34404942e-02,
         -1.30211398e-01,   3.73258479e-02],
       [  6.18515862e-03,  -1.79188664e-03,  -2.84243505e-02,
         -4.98595461e-02,   6.00272371e-03,  -3.01628113e-02,
         -7.67871970e-03,   1.89293157e-02,   6.15747385e-02,
         -7.76974261e-02,  -1.02341380e-02,  -6.47033975e-02,
         -4.02337648e-02,  -2.94480864e-02,   4.48907763e-02,
          9.67835635e-03,   5.58082294e-03,  -4.22210954e-02,
         -6.40987307e-02,  -7.43186241e-03],
       [  9.94970556e-03,  -3.64403762e-02,   7.58711845e-02,
          6.10833010e-03,  -7.80002726e-03,  -4.40127142e-02,
          2.59302687e-02,  -8.99778213e-03,   9.29096565e-02,
          4.51226234e-02,   3.45082246e-02,   3.55334068e-03,
          3.48212919e-03,  -8.00101459e-02,  -1.35616427e-02,
          2.49747373e-02,   6.47574365e-02,   6.97134361e-02,
          5.90643547e-02,  -3.98427546e-02],
       [  2.65395711e-03,  -2.56445687e-02,  -8.59538838e-03,
         -3.08362991e-02,   6.71152398e-02,  -6.37131557e-02,
          1.76448766e-02,  -6.32026792e-03,  -9.87733528e-03,
          6.46593282e-03,  -2.48000827e-02,   1.30646199e-01,
          3.03230225e-03,   1.35778706e-03,  -5.03896410e-03,
          3.65795903e-02,   2.52527874e-02,  -6.71037138e-02,
         -6.06261054e-03,   5.17588370e-02],
       [  3.75332013e-02,  -1.34898229e-02,  -1.27678066e-02,
         -5.48766926e-02,  -8.63540359e-03,   4.04269360e-02,
         -8.60836431e-02,  -2.79860897e-03,  -1.52568910e-02,
          3.77592668e-02,  -6.79515526e-02,   2.97929198e-02,
         -1.41782612e-02,  -1.16443194e-01,   9.35520828e-02,
         -3.76193561e-02,   2.13110652e-02,   1.23057244e-02,
         -1.67448204e-02,   6.97238296e-02],
       [ -3.57820988e-02,  -1.30437603e-02,   6.18703440e-02,
         -8.49739239e-02,   2.10169200e-02,   3.12731117e-02,
         -4.04311605e-02,  -1.20075658e-01,  -5.10524027e-02,
         -6.05933927e-02,  -3.45706977e-02,  -2.29969081e-02,
         -8.49551521e-03,   8.99977982e-03,  -4.63554859e-02,
         -6.61997572e-02,  -5.34704514e-02,   2.04119794e-02,
          8.68822709e-02,  -4.69870828e-02],
       [ -3.01427450e-02,  -2.70795226e-02,   3.04712094e-02,
         -1.12192348e-01,  -7.55820516e-03,   3.74963246e-02,
         -5.98056242e-03,  -2.09375899e-02,   1.94980148e-02,
         -2.71007307e-02,  -3.45523693e-02,  -3.90788727e-02,
         -2.71757692e-02,   8.45497325e-02,  -4.31040078e-02,
          6.13891743e-02,  -1.00194588e-01,   2.77681593e-02,
          4.00418006e-02,   7.47297332e-02],
       [  3.60382870e-02,   7.50657395e-02,  -5.72700985e-02,
         -3.34371030e-02,   1.79849025e-02,  -5.05771721e-03,
         -3.40343416e-02,   2.38144528e-02,  -2.61069532e-03,
          8.65184739e-02,   7.25320056e-02,   7.86755700e-03,
          2.34029423e-02,  -4.20820341e-02,   8.52264743e-03,
          4.92482074e-02,   1.08842075e-01,  -6.62324503e-02,
         -1.88696142e-02,  -7.53476173e-02],
       [  3.06097567e-02,  -7.67778307e-02,  -6.34615198e-02,
         -5.88224828e-02,  -6.62310887e-03,   6.25892431e-02,
          7.76817873e-02,  -6.15534894e-02,  -3.89208645e-02,
         -4.10251096e-02,   1.38330981e-02,  -1.60883889e-02,
         -2.90707443e-02,   5.61631732e-02,   8.84385873e-03,
         -1.08146612e-02,   3.72142307e-02,   2.73409672e-02,
          3.15845869e-02,  -5.75602837e-02],
       [  7.13478699e-02,   6.19554892e-02,   6.37163445e-02,
         -5.36033511e-02,   7.08824918e-02,   7.74904266e-02,
          5.16037755e-02,   5.93191348e-02,   2.31795572e-02,
          5.43308631e-02,   1.40874675e-02,  -1.28306851e-01,
         -1.19039221e-02,  -8.25197324e-02,  -6.22810377e-03,
         -3.04119717e-02,   5.93954585e-02,   3.28144245e-02,
         -6.81253374e-02,   2.34796610e-02],
       [  6.53129742e-02,   2.49473266e-02,  -2.85722371e-02,
         -8.84503052e-02,  -4.62417975e-02,  -5.54442517e-02,
         -1.79063994e-02,  -1.92451365e-02,   8.04351792e-02,
          8.34282264e-02,  -3.16540785e-02,  -4.83298190e-02,
          9.30839032e-03,  -1.36009073e-02,   7.52801215e-03,
         -1.44423759e-02,  -2.12047016e-03,   2.72769481e-02,
          4.92957570e-02,   4.69892025e-02],
       [ -1.87936183e-02,   1.82238277e-02,   2.29953770e-02,
          8.92623737e-02,  -2.45685373e-02,   7.62541145e-02,
         -2.40409765e-02,  -8.56523141e-02,   8.74499604e-02,
         -9.93635431e-02,  -1.06531261e-02,   2.33222055e-03,
          4.02819999e-02,   7.22383559e-02,   6.03101812e-02,
         -7.38334507e-02,  -2.08815169e-02,  -5.48086762e-02,
         -1.43620027e-02,  -1.25650242e-02],
       [ -8.59894529e-02,  -7.13159814e-02,  -5.92626929e-02,
         -5.94983343e-03,  -1.17446501e-02,  -2.02396028e-02,
         -7.82416482e-03,   2.04498675e-02,  -1.38631212e-02,
         -6.99960366e-02,  -9.58295912e-02,   5.17219082e-02,
         -7.87778422e-02,  -3.62613425e-02,  -1.10746697e-02,
          2.11660657e-02,   1.80002977e-03,  -9.34519246e-02,
         -9.57399383e-02,   1.14199474e-01],
       [ -1.00722164e-02,   4.69346084e-02,  -3.98954414e-02,
         -8.95517506e-03,  -3.87460105e-02,  -3.38133462e-02,
         -1.60123482e-02,  -7.22024590e-02,   3.72052155e-02,
         -1.29511049e-02,   8.49370956e-02,  -4.18243520e-02,
          6.99552745e-02,  -2.09502201e-03,  -2.95623462e-03,
         -7.80800432e-02,  -4.74401526e-02,  -4.05957876e-03,
         -1.68234191e-03,  -1.34801362e-02],
       [  3.93398367e-02,  -1.35658188e-02,  -4.45179082e-02,
         -3.42125818e-03,   5.46210781e-02,   4.76487428e-02,
          4.40893881e-02,   1.19202912e-01,  -2.76399981e-02,
         -2.99217105e-02,   3.68612222e-02,  -2.28428654e-02,
          3.50126550e-02,  -9.87410396e-02,   1.39905809e-04,
          9.62706935e-03,   5.30196205e-02,  -3.00862137e-02,
         -3.71689908e-02,   2.91067362e-03],
       [ -1.04471594e-02,  -1.58260744e-02,  -1.46305738e-02,
         -1.86429005e-02,   2.36056764e-02,   4.56819758e-02,
          5.85768707e-02,  -1.04930833e-01,   7.14555457e-02,
         -4.33806377e-03,   2.49291454e-02,   2.26732041e-03,
         -4.16257977e-02,  -1.20121716e-02,   6.86418191e-02,
          2.85541061e-02,   5.85717633e-02,   2.61884015e-02,
          3.28697562e-02,   4.71616909e-02],
       [  4.91224043e-02,   1.62393525e-02,  -3.33898030e-02,
         -3.46889943e-02,  -3.08655947e-02,   8.38789642e-02,
          5.05384319e-02,   1.57281011e-02,  -1.71875190e-02,
          3.67093123e-02,   2.45480984e-02,  -3.92824374e-02,
         -3.42976265e-02,   1.02319382e-01,   7.64867738e-02,
          2.22466383e-02,  -2.59470493e-02,  -2.08262112e-02,
         -1.04545191e-01,   5.30858934e-02],
       [  4.17011837e-03,   4.94009815e-02,  -4.37477902e-02,
         -2.71722712e-02,  -4.09790166e-02,  -1.04948049e-02,
          3.84480096e-02,  -1.29964845e-02,  -7.34926015e-03,
         -3.66225205e-02,  -4.16403562e-02,  -3.61526497e-02,
         -5.58025911e-02,   3.40425074e-02,  -1.82688273e-02,
          1.20603619e-02,   9.06614028e-03,   8.20161849e-02,
          3.23899649e-02,  -3.17723937e-02],
       [  1.94892269e-02,  -1.37248999e-02,  -8.33612867e-03,
         -1.25145605e-02,  -1.69682335e-02,   4.20398079e-02,
          2.60716733e-02,  -1.11918584e-01,   1.80504601e-02,
          5.63419349e-02,  -7.46754035e-02,   5.85493557e-02,
          1.17774187e-02,  -3.31983529e-02,  -6.81397691e-03,
          7.73328310e-03,   2.08451748e-02,  -7.66378501e-03,
          1.12214098e-02,   6.17655031e-02],
       [  4.53211702e-02,  -3.05253603e-02,  -3.16873081e-02,
         -4.28513661e-02,  -5.23493104e-02,   7.32735172e-03,
          2.46508280e-03,   1.61057319e-02,   7.22896829e-02,
         -5.43814264e-02,  -1.99591508e-03,  -6.37548342e-02,
         -1.03008784e-01,  -2.19952827e-03,  -5.97367287e-02,
          2.73926109e-02,   2.05922057e-03,   7.87850916e-02,
          5.34575470e-02,   4.28161882e-02],
       [ -2.98156738e-02,  -7.23633096e-02,   7.86678772e-03,
          8.34526680e-03,   5.78201190e-03,   1.23550640e-02,
          5.92454383e-03,   4.05151676e-03,  -3.88261804e-04,
         -4.92180698e-02,  -4.10347572e-03,   2.56888662e-02,
          5.54947257e-02,   2.45003421e-02,  -2.42602895e-03,
         -3.78901698e-02,   6.52117133e-02,   4.92326729e-02,
          1.66233983e-02,   5.83701208e-02],
       [ -4.20513470e-03,  -9.41988975e-02,  -8.10287148e-02,
          2.22823154e-02,   6.83011264e-02,   9.35492367e-02,
          7.40268314e-03,  -4.75562625e-02,   3.55297141e-02,
         -5.85562997e-02,  -8.46693143e-02,   2.41663512e-02,
         -7.48695955e-02,   4.06792909e-02,   1.13120256e-02,
         -5.30033233e-03,  -2.43988121e-03,   1.33876307e-02,
          9.91060957e-02,   2.72013303e-02],
       [ -2.28842739e-02,  -9.89749935e-03,   8.79190862e-03,
         -1.16058461e-01,   5.92286419e-03,   3.19115594e-02,
         -3.36035602e-02,  -1.08172735e-02,  -5.94752096e-02,
          2.64756586e-02,   1.09943643e-01,   5.31069376e-03,
         -1.90574012e-03,  -5.38355373e-02,   1.89337637e-02,
         -2.96158139e-02,  -1.01107359e-02,   4.60198112e-02,
          3.19112986e-02,   2.68293116e-02],
       [ -2.26286780e-02,   4.09533381e-02,   2.60977056e-02,
         -1.63845308e-02,   8.46763328e-02,   1.59879904e-02,
         -4.70325314e-02,   1.56477865e-04,  -4.59777750e-02,
         -3.20056379e-02,   1.03240013e-01,   1.00351118e-01,
          3.12701729e-03,   6.25884756e-02,   3.45903561e-02,
          7.08332732e-02,  -1.44116748e-02,   1.28733320e-03,
         -2.28781532e-02,   5.82490526e-02],
       [ -5.37169690e-04,   2.75076274e-02,  -5.88266216e-02,
          4.57855128e-02,   1.56229539e-02,  -4.04677838e-02,
          2.95428131e-02,  -8.57989565e-02,   9.65984073e-03,
          8.33869204e-02,   9.74145811e-03,  -5.85602224e-02,
          6.17264472e-02,   1.31383573e-03,  -3.60054970e-02,
          9.97203775e-03,   6.87247068e-02,  -1.16766058e-01,
          3.83004397e-02,   4.90379147e-02],
       [  6.61609089e-03,   5.41839004e-02,  -8.98372754e-02,
          5.14587350e-02,   4.81131487e-02,   7.02743456e-02,
         -6.01984374e-02,   2.91834213e-02,  -1.79770980e-02,
          4.25490029e-02,  -5.26784323e-02,   5.03484085e-02,
         -1.12572275e-02,   5.79278031e-03,   1.26854647e-02,
         -5.01735695e-02,  -5.43166511e-03,   1.18828453e-02,
          5.91837130e-02,  -2.10013911e-02],
       [  7.99576566e-02,   9.08173323e-02,  -6.07196167e-02,
          3.74754332e-02,   4.52916734e-02,   4.33798768e-02,
          1.11688850e-02,  -3.55248526e-02,  -6.45274520e-02,
          2.89817043e-02,   6.29591867e-02,  -2.81485599e-02,
          6.39902502e-02,  -1.65933073e-02,  -3.75296995e-02,
          1.58552080e-03,   1.74974613e-02,  -2.55620871e-02,
          3.74997221e-02,  -3.48305777e-02],
       [ -3.79280448e-02,  -1.41184870e-02,  -4.54508476e-02,
          1.46734864e-02,  -3.42134647e-02,  -1.58492606e-02,
          3.19135375e-02,   5.14790229e-02,  -5.21212444e-03,
         -5.55696478e-03,  -2.62821466e-02,   1.88577995e-02,
          1.53327528e-02,  -4.81357835e-02,   5.00377789e-02,
         -5.87186404e-03,  -3.25493142e-02,   3.31739485e-02,
         -4.27483134e-02,   8.80064294e-02],
       [ -3.11151501e-02,   9.49325599e-03,  -3.15588829e-03,
         -1.04749754e-01,   1.88212527e-03,  -1.91731546e-02,
          1.39719015e-02,  -8.31445083e-02,   6.33070022e-02,
          5.89604862e-02,  -6.60755252e-03,  -3.00785936e-02,
          3.00129335e-02,   6.95639476e-02,   6.16341606e-02,
          4.91057299e-02,  -1.25313355e-02,  -4.07862291e-02,
         -5.71082197e-02,   3.42566706e-03],
       [ -5.12307175e-02,  -6.87987581e-02,   3.13011967e-02,
         -6.56046495e-02,  -2.00515874e-02,   7.37899616e-02,
          4.03075758e-03,   3.62476148e-03,   6.58402815e-02,
         -1.72734372e-02,   1.35976840e-02,   5.90772219e-02,
          3.59344631e-02,   1.10297212e-02,  -1.58796627e-02,
         -4.91242409e-02,  -2.74660508e-03,  -8.35186914e-02,
         -6.77468553e-02,  -6.10281304e-02],
       [ -1.31375253e-01,  -1.95486471e-02,  -3.94838452e-02,
         -4.69534621e-02,  -1.67302769e-02,   2.90801711e-02,
          8.15053135e-02,   8.73487964e-02,   1.32408682e-02,
          5.15239052e-02,   2.46610790e-02,   7.52833560e-02,
          3.13309729e-02,   3.96814346e-02,  -4.96255141e-03,
          3.72914523e-02,  -4.46672784e-03,   9.30637401e-03,
          1.16423644e-01,  -3.76527570e-02],
       [  3.84746306e-03,  -6.25472739e-02,  -2.00933926e-02,
          3.42566869e-03,   1.49393259e-02,   1.89285986e-02,
         -1.28447130e-01,  -3.82248685e-02,   1.25170425e-02,
          3.84349264e-02,   6.85954327e-03,   1.46125434e-02,
          1.65055748e-02,  -2.50696521e-02,   1.76968426e-02,
          3.60750593e-02,  -2.24233270e-02,   2.22118478e-02,
          4.10846956e-02,  -4.37395796e-02],
       [ -1.69660747e-02,  -1.28202159e-02,   4.51445356e-02,
          3.37135941e-02,   5.85635975e-02,   2.00494584e-02,
          8.61202702e-02,  -5.20649366e-02,  -8.13185796e-02,
          5.90470545e-02,   1.09464161e-01,  -1.70653779e-02,
         -6.68531144e-03,  -8.42268616e-02,  -1.93567981e-03,
          2.05867719e-02,   3.94627675e-02,  -8.30708593e-02,
         -1.95467826e-02,  -5.52953258e-02],
       [  3.03967576e-02,   5.91758266e-02,  -3.78647149e-02,
          3.07663623e-02,   2.23924201e-02,  -5.39697073e-02,
          7.42945075e-02,  -6.82628900e-02,   1.38071939e-01,
         -5.66280372e-02,   6.86487108e-02,   4.93502021e-02,
          6.52541891e-02,  -5.27139902e-02,  -3.10412180e-02,
          1.72978844e-02,  -8.03571343e-02,  -9.20616984e-02,
         -3.66578740e-03,  -2.91023590e-02],
       [  1.78474393e-02,   2.21565291e-02,  -3.85945439e-02,
          6.88344166e-02,   6.60854355e-02,   5.93373366e-02,
         -4.61609066e-02,  -1.53958648e-02,  -1.20526506e-02,
          5.59563413e-02,  -7.83564895e-02,   7.20760552e-03,
          3.54585163e-02,  -1.08054891e-01,  -2.01407950e-02,
          4.63351682e-02,  -5.39234579e-02,  -2.79431953e-03,
          5.14399074e-02,  -6.50862306e-02],
       [  1.48462681e-02,  -6.61820173e-02,  -7.28086382e-02,
          2.59711947e-02,   7.43998364e-02,   2.22704839e-02,
          3.29641514e-02,  -5.05321883e-02,  -8.55711102e-02,
          3.33448946e-02,  -1.81649700e-02,   1.71388891e-02,
         -2.02561449e-02,   1.11176341e-03,  -2.09252816e-02,
         -1.98956262e-02,   3.35989855e-02,  -5.79343028e-02,
          2.45819204e-02,   6.26525283e-02],
       [  6.59474591e-03,  -1.44394413e-02,  -2.79032718e-02,
         -2.43769661e-02,   7.76766092e-02,  -1.89264826e-02,
          2.10710894e-02,  -1.06926374e-02,   5.69480956e-02,
         -1.89086702e-02,   4.85977344e-02,   1.49437580e-02,
          8.30959454e-02,   1.21741863e-02,   4.56793085e-02,
         -6.71265041e-03,   1.87625289e-02,   1.02733903e-01,
         -1.04651460e-02,   7.70731196e-02],
       [ -5.74112907e-02,  -8.87995772e-03,   2.63767969e-02,
         -3.92793678e-02,  -2.42019873e-02,   3.30991857e-02,
          6.88899262e-03,   3.38465832e-02,   2.38052774e-02,
         -5.24767907e-03,   3.55599378e-03,  -6.61879405e-02,
         -8.43862221e-02,   5.68900676e-03,  -1.57657843e-02,
          5.17541431e-02,  -4.01615016e-02,  -3.99485677e-02,
         -6.23274930e-02,  -8.94498155e-02],
       [ -1.63868517e-01,   1.17872329e-02,  -6.72525465e-02,
         -3.66222225e-02,   5.34642711e-02,  -2.93097142e-02,
          2.00789981e-02,  -5.10801151e-02,   3.39001566e-02,
         -8.67409855e-02,  -1.21528385e-02,   3.01233809e-02,
         -7.14053959e-03,   2.00929847e-02,   6.57868478e-03,
         -6.92181364e-02,  -4.69870828e-02,   6.00449704e-02,
          3.14182416e-02,  -8.57762154e-03],
       [ -1.02344207e-01,  -4.15955158e-03,   6.16777223e-03,
          8.63706693e-02,  -9.18227136e-02,   2.01248582e-02,
          5.01994789e-02,   5.21418564e-02,   2.45868810e-03,
          1.75106060e-02,   2.71406230e-02,  -4.54812832e-02,
         -1.12353740e-02,   4.50158454e-02,   4.70053181e-02,
          1.03107765e-02,   1.12510674e-01,   2.98621859e-02,
         -4.48739864e-02,  -1.98618472e-02],
       [  5.20128272e-02,  -7.79141709e-02,   3.24836932e-02,
          4.63799052e-02,   6.50367066e-02,   1.38072986e-02,
         -1.70640796e-02,  -4.92092930e-02,  -2.89048404e-02,
          1.94592436e-03,  -2.46259328e-02,   5.40920794e-02,
         -6.45077750e-02,  -4.28275950e-02,  -3.69789861e-02,
          6.09717779e-02,   2.18468644e-02,   2.74997745e-02,
          4.29538451e-02,   9.68217552e-02],
       [ -3.22620980e-02,   1.28275976e-02,  -6.45219162e-03,
         -4.46060598e-02,  -4.49385494e-02,   2.47427877e-02,
          2.17451155e-02,   2.38167718e-02,   2.28617918e-02,
          7.88833424e-02,  -1.20727187e-02,  -4.86799292e-02,
          6.34656772e-02,  -1.68257933e-02,  -6.42220005e-02,
         -1.65381096e-02,   3.81169319e-02,   5.70497625e-02,
          6.15662448e-02,  -6.27695844e-02],
       [  4.59975265e-02,   2.12218072e-02,  -5.43658026e-02,
          5.42397015e-02,  -3.80637422e-02,  -1.08226277e-01,
         -1.20652877e-01,   8.54588449e-02,  -3.65151390e-02,
          9.18936953e-02,  -4.85780761e-02,   7.93091115e-03,
          1.39640421e-02,   7.00078830e-02,   6.44130707e-02,
         -4.34829555e-02,   3.83762717e-02,   2.69728545e-02,
         -4.24084105e-02,  -8.59535113e-02],
       [ -1.70535166e-02,   2.32948344e-02,   1.53106600e-01,
          3.18372659e-02,   1.08566701e-01,  -4.29371335e-02,
          1.50259910e-02,  -1.29868537e-02,  -3.49177010e-02,
         -6.52260706e-03,  -2.14816034e-02,   8.40259492e-02,
         -5.06181903e-02,  -4.99006733e-02,  -9.04473588e-02,
         -2.10770126e-03,  -1.17432531e-02,  -9.33697727e-03,
         -9.07578766e-02,   3.12144938e-03],
       [  2.86445208e-02,   5.37850074e-02,   4.72650044e-02,
         -2.44519431e-02,   1.39391897e-02,   1.27287328e-01,
          1.10183135e-01,   1.91378559e-03,   6.25198847e-03,
         -3.24499756e-02,   2.65594553e-02,   5.91287911e-02,
         -1.19978040e-02,   9.45416018e-02,  -2.86954623e-02,
          2.23525777e-03,   8.14738944e-02,  -1.01349344e-02,
         -1.02991052e-03,  -8.47827643e-03],
       [ -1.07934251e-02,  -1.25672342e-02,  -2.54759528e-02,
          1.97223923e-03,  -7.26462379e-02,   4.40658303e-03,
         -6.59658536e-02,   4.98266928e-02,   3.72103648e-03,
         -2.74613388e-02,  -3.30729447e-02,  -1.32785067e-02,
          3.02065145e-02,  -8.82447511e-02,  -3.84354442e-02,
          6.99021742e-02,  -7.15123340e-02,   1.81230661e-02,
         -6.74092993e-02,  -4.55489755e-02],
       [ -3.20881861e-03,  -5.77689819e-02,  -1.12997651e-01,
         -2.22488679e-03,   4.06563058e-02,  -9.75983217e-03,
         -2.08787750e-02,  -8.78441241e-03,   2.79465858e-02,
          3.19665186e-02,  -7.89448339e-03,  -4.32104170e-02,
          8.77938792e-02,   5.61604984e-02,  -2.10354608e-02,
         -1.14969097e-01,  -8.81974585e-03,   1.27726039e-02,
          1.30980555e-02,   4.34463238e-03],
       [ -3.46267573e-03,  -4.47679274e-02,  -7.72925019e-02,
         -1.37061672e-02,  -2.81079467e-02,   7.27364123e-02,
          5.49215637e-02,   1.72509644e-02,   4.32135761e-02,
         -1.84413623e-02,   6.81316629e-02,  -1.21168112e-02,
         -2.91996240e-03,   9.74099562e-02,   1.11921869e-01,
          4.79663201e-02,  -6.57587722e-02,   9.31873545e-02,
         -1.73781905e-02,  -8.56845174e-03]], dtype=float32), array([ 0.,  0.,  0.,  0.,  0.,  0.,  0.,  0.,  0.,  0.,  0.,  0.,  0.,
        0.,  0.,  0.,  0.,  0.,  0.,  0.], dtype=float32)][array([[-0.11992524],
       [ 0.05323787],
       [-0.0768117 ],
       [-0.12188742],
       [ 0.02157998],
       [ 0.00469208],
       [ 0.07471047],
       [ 0.02118901],
       [ 0.03910987],
       [ 0.01141718],
       [ 0.03509602],
       [-0.01867226],
       [-0.0503629 ],
       [-0.03617952],
       [-0.01815675],
       [-0.0512681 ],
       [-0.02461443],
       [ 0.03576281],
       [-0.02609668],
       [-0.02434696]], dtype=float32), array([ 0.], dtype=float32)]