[array([[ 0.0021916 ,  0.08632536, -0.03297137,  0.01036782, -0.01699134,
        -0.02417866,  0.08078583,  0.01460777,  0.00773481,  0.02757689,
         0.01510371, -0.03051522, -0.0300205 , -0.02541243, -0.0003894 ,
         0.03624963,  0.01020089, -0.05949969,  0.01905145,  0.11455657,
        -0.03701539, -0.03145593,  0.01081374,  0.06662573,  0.02171171,
        -0.04813698,  0.07040165, -0.04484497,  0.02887209,  0.1077009 ,
        -0.06935681,  0.00092498,  0.05036123,  0.04262265, -0.02183517,
        -0.05289532,  0.0354405 , -0.00838529, -0.05335301, -0.00655444,
        -0.04534701,  0.00960205,  0.00265456, -0.01853669, -0.02499021,
         0.03214724, -0.01412889, -0.04438699,  0.02276751, -0.03346399],
       [ 0.00764666, -0.04791796,  0.01052622,  0.04517524, -0.06799278,
         0.0937252 , -0.09207939, -0.01476327, -0.00034887, -0.04078375,
         0.06464752,  0.09248976, -0.12484188,  0.00569965,  0.0436795 ,
         0.08649974,  0.00320547, -0.08221025, -0.03206553,  0.00818248,
         0.06919689,  0.06582253, -0.02986005, -0.0152276 ,  0.08518042,
        -0.04545713,  0.07221178,  0.01070947, -0.02937583, -0.01973578,
         0.03054654, -0.01090435, -0.03177978, -0.04414905,  0.03456872,
        -0.03630511, -0.04126074,  0.01911788,  0.05097009, -0.06551802,
         0.057877  , -0.07040218,  0.02511864,  0.02674136, -0.01735422,
        -0.02816009,  0.05762985, -0.07049658,  0.08883672,  0.02995625],
       [ 0.05628764,  0.02182658, -0.04020149, -0.00317891, -0.09969795,
        -0.04321942, -0.00235181, -0.06149143, -0.02267399,  0.0045744 ,
        -0.0125902 , -0.0476038 , -0.01795991,  0.0256877 , -0.02591933,
         0.04655636, -0.00850159,  0.03931346, -0.05235342, -0.08779785,
        -0.13488515, -0.00561205,  0.08579268,  0.11931609, -0.06622414,
        -0.03167086,  0.01720149,  0.00300389, -0.02891523, -0.01860164,
        -0.02518293,  0.07522631, -0.03416656,  0.07456528,  0.07456502,
        -0.03011624, -0.02583975,  0.06469484,  0.05250282,  0.03932713,
        -0.08696687, -0.0096817 ,  0.08140147,  0.07421426,  0.10960628,
         0.10828236, -0.02150392,  0.01120563, -0.01786174,  0.05495336],
       [-0.0072544 , -0.08687389,  0.02082072, -0.01203646,  0.07821672,
        -0.03082482,  0.01940626, -0.02517853, -0.04926041, -0.05004931,
         0.04455308,  0.02984174, -0.00516637, -0.01651093,  0.01048063,
        -0.03669995, -0.0635829 ,  0.02754721,  0.07877724, -0.04699403,
         0.06127454, -0.06658065,  0.01348011, -0.0152352 , -0.04068323,
         0.03391935, -0.06123775, -0.01533617, -0.01016933,  0.07907539,
         0.02429742,  0.05307529,  0.08308486, -0.00570196, -0.05392318,
        -0.02581984,  0.04179394,  0.03340017, -0.00957549,  0.0522762 ,
        -0.04987187, -0.05839461,  0.01859263, -0.03513727,  0.05869733,
         0.00371021, -0.0279696 , -0.06713741,  0.02921136,  0.07861187],
       [-0.00371279,  0.00926327,  0.08914822, -0.01281343,  0.04706122,
         0.01179855,  0.07342473, -0.03432597,  0.08066147, -0.13147126,
         0.04150176,  0.01155594, -0.00731113, -0.04976886,  0.04537681,
         0.03454163, -0.0050361 , -0.01374619,  0.01221197,  0.00528086,
        -0.01098579,  0.0010543 , -0.04410557,  0.09100442, -0.01980982,
        -0.01832922,  0.13440974,  0.02794926,  0.07261618,  0.02337712,
         0.03986991,  0.07050487, -0.01413665,  0.00518   ,  0.01689673,
         0.06941759,  0.01789916,  0.01328886, -0.07737664,  0.10241282,
        -0.01769851, -0.15048449,  0.03637864, -0.03794049, -0.08134147,
        -0.12109514, -0.04138851, -0.00582514,  0.00796695, -0.00196012],
       [-0.03482344,  0.07235584,  0.00058226, -0.02674804,  0.00284586,
         0.01394028, -0.01377713, -0.04420232, -0.04727209, -0.04169478,
         0.01879332,  0.04882428, -0.02819665,  0.08029459, -0.01252154,
         0.07113003,  0.0700215 ,  0.01132326,  0.0116179 ,  0.00807761,
         0.04414885,  0.05558969, -0.03314342, -0.02844664, -0.062699  ,
         0.03990637, -0.00419664, -0.09526428,  0.02393751,  0.0228254 ,
         0.03999936, -0.09959274, -0.04015663, -0.03901375,  0.01426182,
         0.00446567,  0.06093008, -0.01407689, -0.04113317, -0.05408115,
        -0.01206114,  0.0085852 ,  0.03105091,  0.0382634 ,  0.00123814,
         0.02664778,  0.0035698 ,  0.02534241,  0.00824444, -0.02088971],
       [ 0.04377264,  0.08669131, -0.04006055,  0.00878389,  0.11274244,
         0.00622498,  0.04053611,  0.07455517,  0.06962577,  0.00482777,
        -0.09612921, -0.00962391, -0.01426495, -0.11449382,  0.05380566,
         0.05158692,  0.01978762,  0.021094  , -0.02725878, -0.00247788,
         0.09351587,  0.08305658,  0.02713031,  0.03349668, -0.00653758,
        -0.01955017,  0.01645319, -0.02581698,  0.02266667, -0.00053807,
        -0.00454155, -0.02098837,  0.01024413, -0.00099596,  0.04851495,
         0.00814951, -0.03713728, -0.01912702,  0.03081844,  0.0198463 ,
        -0.01203309,  0.01051911, -0.03672212,  0.02831284,  0.02611596,
         0.01359576,  0.03161045, -0.03894164, -0.06610058, -0.01564933],
       [-0.0243742 , -0.03412244, -0.05418841, -0.05482689, -0.04690045,
         0.00410321,  0.03523293,  0.00679395,  0.02570279,  0.0570446 ,
        -0.09812193, -0.01091538,  0.04464152, -0.00393822,  0.00899138,
         0.02741365,  0.06126998,  0.03230488,  0.00291334, -0.00250574,
        -0.00072027, -0.00247197, -0.06694769,  0.09633946, -0.02926589,
         0.01642929,  0.06216747, -0.00836131,  0.05993562,  0.05642837,
         0.05528967, -0.09320424, -0.00071336, -0.00902045,  0.00204882,
        -0.00304698,  0.03537789,  0.07661834, -0.00519633, -0.04331337,
        -0.01005474,  0.00982832, -0.03857466,  0.00061826,  0.03294934,
         0.05786154, -0.01546341,  0.06983285, -0.07770392,  0.00782915]], dtype=float32), array([ 0.,  0.,  0.,  0.,  0.,  0.,  0.,  0.,  0.,  0.,  0.,  0.,  0.,
        0.,  0.,  0.,  0.,  0.,  0.,  0.,  0.,  0.,  0.,  0.,  0.,  0.,
        0.,  0.,  0.,  0.,  0.,  0.,  0.,  0.,  0.,  0.,  0.,  0.,  0.,
        0.,  0.,  0.,  0.,  0.,  0.,  0.,  0.,  0.,  0.,  0.], dtype=float32)][array([[  2.38745138e-02,  -6.22749841e-03,  -1.03083579e-02,
         -2.66753640e-02,  -6.54113591e-02,  -1.61213987e-02,
          4.18209694e-02,  -9.71077662e-03,   1.82575621e-02,
          4.87291552e-02,  -2.50882357e-02,   2.87249195e-03,
          7.55262673e-02,  -1.62544362e-02,   3.48031558e-02,
         -3.21446173e-02,  -5.70226870e-02,  -3.55248824e-02,
         -3.45680229e-02,   2.83723809e-02],
       [  4.82847132e-02,  -7.17679560e-02,   9.34092514e-03,
         -6.42059743e-02,   2.82759126e-02,   1.68195851e-02,
         -7.39399493e-02,   2.92106178e-02,  -2.07691249e-02,
         -6.28341734e-02,   8.33899081e-02,  -1.03333250e-01,
         -7.46921673e-02,  -1.30919278e-01,  -9.12098307e-03,
          3.41182086e-03,   2.61846762e-02,   4.88247573e-02,
         -1.39746936e-02,  -4.83634733e-02],
       [  1.78219806e-02,   5.11058047e-02,  -5.05672693e-02,
         -6.46962225e-02,   4.37977016e-02,  -4.94031943e-02,
         -4.97019887e-02,  -4.08877209e-02,  -8.45219288e-03,
          2.99862456e-02,   7.27245072e-03,   5.16776517e-02,
          3.60736474e-02,  -1.97983272e-02,   5.95041998e-02,
          1.69687029e-02,   1.29816784e-02,  -6.91512600e-02,
          6.36809543e-02,   3.37545536e-02],
       [ -9.67863202e-03,   4.38485406e-02,   9.86741632e-02,
         -3.35170031e-02,  -1.12136593e-02,   3.27585009e-03,
          8.62787068e-02,  -4.99087684e-02,  -1.00236379e-01,
         -1.52237881e-02,  -3.29291672e-02,  -2.71223113e-03,
         -9.00068227e-03,  -3.99953406e-03,   1.57760251e-02,
         -3.03863939e-02,   1.09071352e-01,  -7.36772418e-02,
         -2.28735339e-02,   6.35670945e-02],
       [  5.82257695e-02,   6.89848289e-02,   2.75309980e-02,
          7.80031160e-02,   5.16584292e-02,  -6.13163710e-02,
          2.76921522e-02,  -5.48514798e-02,   6.98282942e-03,
         -4.77708271e-03,   9.87085477e-02,  -2.43207328e-02,
          2.53681280e-02,   8.02041404e-03,  -1.33394077e-02,
          2.06351769e-03,  -4.13423292e-02,   2.14871000e-02,
         -3.00580468e-02,  -1.70896947e-02],
       [  7.53253326e-02,  -1.46075711e-02,   4.66329092e-03,
          6.65500090e-02,   5.00837229e-02,   5.59070595e-02,
         -5.54265641e-02,   1.44949824e-01,  -1.31084695e-02,
         -7.10533652e-03,   8.93100202e-02,   1.24293879e-01,
          1.08068613e-02,  -4.28853892e-02,   2.07006782e-02,
          7.04260368e-04,   1.95539370e-02,  -4.56381170e-03,
         -3.08038238e-02,   7.87922964e-02],
       [ -1.28893882e-01,   6.93829507e-02,   4.50426564e-02,
         -2.32394673e-02,  -5.88031299e-03,  -1.30217388e-01,
          1.58042200e-02,   2.00251453e-02,   3.96179408e-02,
         -9.92643908e-02,   3.10632493e-02,   4.09286246e-02,
         -2.51266640e-02,  -3.00822258e-02,  -1.02350794e-01,
         -4.10754457e-02,  -5.04518021e-03,  -2.93550491e-02,
          2.59771128e-03,  -7.72392079e-02],
       [ -6.33834815e-03,  -9.26585123e-03,   5.18188253e-02,
          4.31707948e-02,   2.65242215e-02,   1.95192453e-02,
         -2.69375332e-02,  -5.16928807e-02,   2.66613942e-02,
          3.38444561e-02,  -1.22356135e-02,  -2.32002717e-02,
         -5.96452653e-02,   2.68190391e-02,   3.87745053e-02,
         -3.91461998e-02,  -8.11484531e-02,  -3.92559171e-02,
          5.76457791e-02,   3.76957692e-02],
       [  9.24086496e-02,  -5.98104894e-02,   2.42691115e-02,
          5.32048754e-02,  -2.65167840e-02,   6.69533685e-02,
          8.99710953e-02,  -6.43507093e-02,   3.86038795e-02,
          4.63122986e-02,  -1.02423824e-01,  -3.08988225e-02,
         -1.72750896e-03,   6.30002934e-03,  -1.08521752e-01,
          3.16678584e-02,   8.08525011e-02,   5.07773459e-02,
          2.77738157e-03,  -7.84638375e-02],
       [  6.93156347e-02,  -3.52767967e-02,  -4.55347560e-02,
         -5.18100858e-02,   3.88167463e-02,  -5.45572154e-02,
          3.34867649e-02,   8.64612311e-02,  -9.39064566e-03,
          2.81095896e-02,   1.99868418e-02,  -3.74390036e-02,
         -5.17006889e-02,   6.75521195e-02,   2.23982520e-02,
         -6.69359788e-02,   2.21532509e-02,  -6.67018397e-03,
         -8.73535573e-02,  -9.36349109e-02],
       [  6.87234774e-02,  -2.08254419e-02,  -6.68212622e-02,
          3.82163040e-02,  -2.98699364e-03,   3.38627361e-02,
         -2.15835106e-02,   6.74744993e-02,   4.70607951e-02,
          3.36968713e-02,  -4.68885489e-02,   2.93960012e-02,
         -5.13115786e-02,  -1.08620012e-02,   1.19967751e-01,
         -7.64954044e-03,   6.79444475e-03,  -7.59603456e-02,
          4.59003681e-03,  -5.11566587e-02],
       [  1.36518423e-02,  -2.55155843e-02,  -4.24254909e-02,
          7.99703412e-03,   1.05251491e-01,   8.10905471e-02,
         -6.27261063e-04,  -6.55261287e-03,  -7.71040320e-02,
          5.83764501e-02,   4.67256568e-02,  -2.78467517e-02,
          2.34295614e-02,   4.13816469e-03,   7.74113461e-02,
          1.90348979e-02,  -5.48765250e-02,   5.72601659e-03,
         -8.54330957e-02,   2.90524662e-02],
       [ -8.84957518e-03,   7.77239725e-02,  -1.47176823e-02,
         -4.21852283e-02,   1.74388976e-03,  -1.47547740e-02,
         -3.49869095e-02,   2.67618801e-02,  -5.44230752e-02,
          8.23034439e-03,   2.21478157e-02,   2.31824871e-02,
          1.96628012e-02,   2.81962305e-02,  -8.45981538e-02,
          1.31140752e-02,   5.95143028e-02,  -1.34968106e-02,
          3.34758987e-03,   1.14493752e-02],
       [ -1.04509257e-01,  -3.65754068e-02,   4.46399823e-02,
         -5.31261750e-02,   5.54228127e-02,   5.46853840e-02,
          1.62777305e-02,  -3.96221876e-02,   3.59509401e-02,
          2.02420540e-03,  -1.10558828e-03,  -2.23453064e-03,
          9.22531355e-03,   4.65415902e-02,   3.37093920e-02,
          3.89573700e-03,  -7.53205223e-03,  -1.06205955e-01,
         -1.63849052e-02,   2.00199541e-02],
       [ -6.95853755e-02,   6.98563596e-03,   2.47569364e-02,
          8.87475461e-02,   1.80240143e-02,  -1.21589052e-03,
          1.06335320e-02,   1.51651481e-03,   4.12201844e-02,
          3.47110666e-02,  -6.27934933e-03,  -2.19425354e-02,
         -4.08605300e-02,   3.63826416e-02,  -5.56025580e-02,
          2.80734282e-02,  -1.31157516e-02,  -2.60571372e-02,
          3.32213682e-03,  -5.22039905e-02],
       [ -3.87645327e-02,  -8.26533660e-02,   4.93395291e-02,
          3.59127559e-02,   3.34951766e-02,   9.08367038e-02,
          1.52269227e-03,   1.40131101e-01,   2.47499589e-02,
          7.44078830e-02,  -1.00545779e-01,  -2.04882193e-02,
          6.28823265e-02,   2.31353622e-02,  -6.04646280e-02,
         -8.24917480e-02,   9.64790583e-02,   3.67042087e-02,
          5.08892611e-02,  -6.11931644e-02],
       [  8.78208354e-02,  -4.96253483e-02,  -1.95858739e-02,
         -1.74440145e-02,   5.19009195e-02,  -3.54781598e-02,
         -1.67706057e-01,   2.75901798e-02,  -4.51707188e-03,
         -3.86850536e-02,  -6.70694420e-03,   2.21703593e-02,
         -2.41942536e-02,   9.97673371e-04,   4.60852534e-02,
          7.18837231e-03,  -7.52322599e-02,   7.54823908e-02,
          6.48204014e-02,   2.12440509e-02],
       [  5.70179038e-02,   2.72407066e-02,   3.97932529e-02,
          9.75404773e-03,  -8.49351883e-02,  -2.60063652e-02,
         -5.74057363e-02,  -4.07111682e-02,   5.04457131e-02,
          9.28155705e-03,   2.99494322e-02,  -5.51562496e-02,
         -5.34371510e-02,   4.53640185e-02,  -2.17883494e-02,
         -4.84493040e-02,   4.47560698e-02,  -3.55488397e-02,
         -6.09533079e-02,   4.33277478e-03],
       [ -4.31474447e-02,  -2.01038178e-02,   7.05952570e-02,
          3.47186183e-03,   4.26509492e-02,   9.43014491e-03,
         -1.93530899e-02,  -7.34828338e-02,   8.03341195e-02,
          1.81338191e-02,   2.65118964e-02,  -4.20611463e-02,
          3.92753147e-02,  -2.21994729e-03,   2.09770147e-02,
         -4.59846221e-02,   2.09032297e-02,   1.11389030e-02,
         -4.84029613e-02,   7.52599835e-02],
       [ -7.03606606e-02,  -1.26563823e-02,   7.76037155e-03,
          3.68797369e-02,  -2.21998449e-02,  -5.37257306e-02,
          1.29343480e-01,  -4.12595496e-02,   1.21027313e-01,
         -4.89037819e-02,   3.02503798e-02,  -9.73445401e-02,
          2.04738486e-03,   6.36172891e-02,   2.14770492e-02,
         -2.12616380e-02,   1.12895137e-02,   2.24593207e-02,
         -2.82886960e-02,   6.75187865e-03],
       [ -1.24539426e-02,   2.79918220e-02,  -4.15666550e-02,
          2.13288497e-02,  -1.47955287e-02,  -7.60489563e-03,
         -1.17332771e-01,  -3.86876985e-02,   8.69612023e-03,
          5.86918257e-02,   9.27296095e-03,   7.80580640e-02,
          7.59330615e-02,   6.81806132e-02,  -4.31746319e-02,
         -1.89052429e-02,  -2.60320306e-02,   3.76060866e-02,
          6.36914372e-02,   6.45449683e-02],
       [ -1.65663101e-02,  -3.07518728e-02,  -2.71438360e-02,
          8.53296369e-02,   9.33569297e-02,   2.85957288e-02,
          8.56666565e-02,   2.67305113e-02,   8.83523375e-04,
          2.11614743e-02,  -5.69152599e-03,  -7.50838825e-03,
         -2.07854733e-02,  -3.39490287e-02,   3.88642922e-02,
          9.45759118e-02,   5.90476394e-02,   5.40433414e-02,
          1.53020248e-02,   2.54438259e-02],
       [  4.41681128e-03,  -2.63704304e-02,  -4.72220443e-02,
         -1.11507494e-02,   1.49352672e-02,  -3.43050919e-02,
          2.94624157e-02,   3.55266519e-02,   2.49128416e-02,
          1.75113585e-02,  -8.16547498e-03,   7.24999458e-02,
          5.23368083e-02,  -1.03239261e-01,   6.70383349e-02,
         -1.52855134e-02,  -8.90628546e-02,  -2.91279145e-02,
          1.89140569e-02,  -1.10097891e-02],
       [  1.47160264e-02,   3.63141559e-02,   3.07167768e-02,
         -2.22142003e-02,   1.77384969e-02,  -2.58901864e-02,
         -9.35394783e-04,  -4.47485857e-02,   1.00061751e-03,
          4.04724777e-02,  -2.96293776e-02,   2.06879210e-02,
         -3.50057706e-02,  -2.71535228e-05,  -1.86069068e-02,
         -2.61494964e-02,  -4.49591912e-02,  -2.54648775e-02,
         -2.61369478e-02,   1.83540117e-02],
       [ -4.69958596e-02,  -1.35872783e-02,   5.40821739e-02,
         -3.53636849e-03,  -6.24898635e-02,  -4.64382134e-02,
          1.08386753e-02,  -4.59993258e-02,  -3.86326425e-02,
         -2.73333341e-02,  -1.98655687e-02,   2.42817383e-02,
         -2.55276617e-02,  -1.08485892e-01,  -4.17841896e-02,
         -4.39251326e-02,   3.86070088e-02,   1.16638420e-02,
          6.97228638e-03,   1.08811416e-01],
       [ -5.82610741e-02,  -2.46886052e-02,  -5.64879775e-02,
          2.82529090e-02,  -7.96736702e-02,   9.12522674e-02,
          2.14845091e-02,  -8.54249969e-02,   3.66017409e-02,
         -1.16303526e-01,   5.60820363e-02,   4.96383421e-02,
          1.03730541e-02,  -2.46917028e-02,  -3.90798375e-02,
         -1.30860014e-02,  -5.41414395e-02,   2.58664619e-02,
          2.69907550e-03,  -9.33830962e-02],
       [  2.86882073e-02,   4.70824018e-02,  -2.05603577e-02,
         -4.16775560e-03,  -4.20399643e-02,  -2.07502004e-02,
          4.11164807e-03,  -1.10250667e-01,  -3.67639773e-02,
          2.70950738e-02,  -3.16186622e-02,  -4.78341989e-02,
         -9.86237302e-02,  -7.19780847e-02,   4.31567989e-02,
         -5.75463548e-02,   3.81654538e-02,   1.23988595e-02,
          3.31544480e-03,  -2.66849082e-02],
       [ -9.69590023e-02,  -1.83996595e-02,  -2.28620656e-02,
         -5.20011075e-02,  -6.41348287e-02,  -5.02064638e-02,
         -3.28271799e-02,  -3.87940034e-02,  -2.24558841e-02,
         -9.33071300e-02,  -3.95682454e-02,  -6.14571869e-02,
          9.63494405e-02,  -1.19323218e-02,  -7.44124874e-02,
          1.75685424e-03,  -2.65668631e-02,  -1.69413106e-03,
          8.90740380e-03,  -1.80031471e-02],
       [  9.68362018e-02,   9.30339620e-02,  -9.18458402e-02,
          5.21820597e-02,   2.22922675e-02,   3.04938853e-02,
         -3.48286219e-02,  -6.26702830e-02,   3.98121253e-02,
         -1.00634374e-01,  -8.94673392e-02,   7.45260790e-02,
          6.65750180e-04,  -2.21757814e-02,  -6.94683716e-02,
          3.07619814e-02,  -1.33463591e-02,  -8.55489075e-03,
          1.46024868e-01,  -1.51423765e-02],
       [  2.03425474e-02,   1.58777051e-02,   2.12587845e-02,
         -6.72788769e-02,   4.56415191e-02,  -1.81007944e-02,
          5.50900474e-02,   7.30285123e-02,  -8.01265463e-02,
         -5.04302382e-02,  -8.92788619e-02,  -1.46309705e-02,
         -7.70784542e-02,  -5.06723411e-02,   2.61895936e-02,
          3.09997331e-02,  -7.54403099e-02,  -3.94521058e-02,
          1.04148187e-01,   6.54717302e-03],
       [  5.24848104e-02,   6.36066571e-02,  -1.30525036e-02,
         -3.49362753e-02,   1.31367957e-02,   3.38393860e-02,
         -1.32600218e-02,   4.92807291e-03,   1.54822820e-03,
         -4.01240587e-02,  -3.05045433e-02,  -2.92033609e-02,
          5.75547516e-02,   2.43328679e-02,  -2.87689958e-02,
          5.47402501e-02,  -2.41962038e-02,   7.74466479e-03,
          5.15470468e-02,   5.08269062e-03],
       [ -2.61178315e-02,  -5.71036227e-02,  -6.42466471e-02,
         -5.72413264e-04,   4.68998104e-02,   1.90452691e-02,
          6.62676990e-02,   7.50752613e-02,  -1.50402857e-03,
          4.36556190e-02,   6.04457818e-02,  -5.35143018e-02,
         -6.55401647e-02,  -5.56251779e-02,  -1.61375068e-02,
          4.29421738e-02,  -6.70553446e-02,   4.81134914e-02,
          4.28047515e-02,   1.33091463e-02],
       [  5.26608936e-02,   9.03336406e-02,   2.61586974e-03,
          3.21006998e-02,  -3.86664905e-02,   3.66378427e-02,
          2.12820317e-03,  -2.75169145e-02,  -2.03936677e-02,
          4.89390746e-04,  -4.02545705e-02,  -4.82302420e-02,
          4.53531221e-02,  -3.09013631e-02,  -6.18055724e-02,
         -3.44735123e-02,  -2.97936630e-02,   3.00225448e-02,
          2.39787344e-02,  -2.69870069e-02],
       [  3.39710489e-02,   9.16762948e-02,  -3.50387744e-03,
          1.33488991e-03,  -6.99789599e-02,  -7.18206540e-02,
          1.98436659e-02,   2.58995127e-02,   1.69487633e-02,
          1.46405268e-02,  -2.73315050e-02,   7.82444328e-02,
         -7.04501644e-02,   5.93136810e-02,  -3.10892588e-03,
          3.07269786e-02,  -6.34132475e-02,   1.77718401e-02,
          6.66112751e-02,   3.94053869e-02],
       [  4.63948399e-02,  -4.31653708e-02,   4.94640283e-02,
         -6.80092797e-02,   4.09361161e-02,  -3.84627432e-02,
         -2.25319173e-02,   5.47896288e-02,   3.60277630e-02,
         -4.78289388e-02,  -5.05759977e-02,  -4.42868769e-02,
          1.03398502e-01,  -1.46215605e-02,   6.21007681e-02,
          2.25095414e-02,   3.84012125e-02,   1.01183197e-02,
         -9.04049352e-02,  -5.63982427e-02],
       [  6.95509166e-02,  -5.80393197e-03,  -6.36428967e-02,
          6.51864661e-03,   4.26061498e-03,  -4.05773669e-02,
         -3.35592474e-03,   5.31530753e-02,  -3.59702180e-03,
          1.06444880e-02,   1.09384367e-02,  -7.28375986e-02,
         -4.93290275e-02,  -2.85409507e-03,   1.85440090e-02,
         -7.39522875e-05,  -5.46871722e-02,   3.93695571e-03,
         -1.12418868e-02,  -6.54630363e-03],
       [  3.39700393e-02,   3.21711563e-02,  -7.95536209e-03,
          4.56454307e-02,  -5.87385905e-04,  -7.52857774e-02,
         -7.53527731e-02,  -5.30506149e-02,   6.24729767e-02,
          8.39204490e-02,   4.92218472e-02,   3.90883759e-02,
          4.54277992e-02,   1.80699828e-03,   4.27345149e-02,
          4.96420963e-03,  -4.06354778e-02,   4.57588322e-02,
          2.25497633e-02,  -3.91303152e-02],
       [ -3.09841186e-02,  -1.63058043e-02,  -1.14704229e-01,
          3.06955706e-02,   1.07484241e-03,   1.22937688e-03,
         -6.53318390e-02,  -1.16392270e-01,   1.44571194e-03,
          1.03588942e-02,  -2.03206632e-02,   2.88968384e-02,
          2.92694219e-03,   3.90988700e-02,  -2.88722012e-03,
          3.87596525e-02,   4.40551080e-02,   1.04257904e-01,
         -1.71228517e-02,  -1.16376244e-01],
       [  2.86832396e-02,   2.51913164e-02,   2.94491537e-02,
          3.64039354e-02,   3.91262062e-02,  -1.22759044e-01,
          4.89997044e-02,  -2.27974150e-02,  -4.77191433e-02,
         -1.91488098e-02,   2.93898322e-02,  -4.31860872e-02,
         -6.12559393e-02,   7.16790184e-02,  -4.98474389e-02,
          1.72327399e-01,  -3.72376107e-02,   8.23165327e-02,
         -3.69401500e-02,   2.89331730e-02],
       [  1.34229407e-01,   8.30606148e-02,  -5.74277667e-03,
         -6.75255526e-03,  -3.80113348e-02,  -9.52615738e-02,
          5.06401770e-02,  -4.02779840e-02,  -6.43964577e-03,
         -1.10111333e-01,  -8.05378407e-02,  -3.69402654e-02,
          4.17149812e-02,   1.36454096e-02,   2.99134981e-02,
          8.47753584e-02,   3.10687125e-02,  -1.86385084e-02,
          1.19231977e-01,  -1.50693804e-02],
       [ -5.43246828e-02,   1.83522701e-02,  -7.49159232e-03,
         -9.83205251e-03,  -1.92641858e-02,   3.71750109e-02,
         -2.85252143e-04,   1.81744602e-02,   1.35819195e-02,
          9.96188745e-02,  -4.11195643e-02,   4.31462713e-02,
         -1.45797571e-02,  -2.68426072e-02,  -7.73581788e-02,
          1.14491537e-01,  -2.18629744e-02,   2.98260283e-02,
          6.24916218e-02,  -1.28733084e-01],
       [ -5.47653399e-02,   6.24968000e-02,  -3.10413428e-02,
         -3.74025814e-02,   1.97344050e-02,   3.83112095e-02,
         -2.70710718e-02,  -6.21696177e-04,   1.30266594e-02,
         -2.53470577e-02,  -3.68309282e-02,  -1.21284306e-01,
          6.64461330e-02,   2.97013707e-02,  -5.03916405e-02,
          5.58284186e-02,  -8.86423327e-03,   4.69928794e-02,
          2.63733026e-02,   7.39611909e-02],
       [ -7.22355247e-02,  -1.21798879e-03,   6.25702217e-02,
          3.35922502e-02,   5.60384691e-02,   1.67702958e-02,
         -2.50616670e-02,  -4.16136486e-03,  -1.24139026e-01,
         -9.18534398e-02,  -6.43675923e-02,  -1.68164577e-02,
         -6.08215034e-02,  -5.02787493e-02,  -1.49976825e-02,
          2.77480693e-03,  -1.41085312e-02,   1.36960326e-02,
         -1.68466605e-02,  -4.17345092e-02],
       [  3.40998992e-02,  -7.60437474e-02,  -2.74751913e-02,
          1.07737653e-01,  -1.11345969e-01,  -2.85212137e-02,
          3.39725614e-02,   2.95743681e-02,   1.28827412e-02,
         -2.55937073e-02,  -6.91492483e-02,  -1.41236873e-03,
          1.72925424e-02,  -1.37231741e-02,   2.18070298e-02,
          6.23939224e-02,  -2.85019632e-02,  -6.70375898e-02,
         -7.14516267e-02,   4.44938801e-02],
       [ -1.66925904e-03,  -4.64708917e-02,  -8.55815709e-02,
         -2.76859980e-02,   4.75780331e-02,   5.98065332e-02,
         -4.13588062e-02,  -8.77105966e-02,   3.08537073e-02,
          8.14571604e-03,   1.03576839e-01,   7.01493397e-02,
         -3.74686457e-02,   2.94569787e-02,  -7.70969018e-02,
          9.75104515e-03,   1.67536307e-02,   6.05993532e-02,
         -2.33971551e-02,   1.72136147e-02],
       [  6.71599135e-02,  -1.09236529e-02,   9.52474996e-02,
          9.83885024e-03,  -5.15175946e-02,   9.35875326e-02,
         -3.31041254e-02,  -8.71141329e-02,   3.67665179e-02,
         -3.70346978e-02,   7.25224754e-03,  -9.91627052e-02,
          4.90693860e-02,  -9.00092572e-02,   2.02744687e-03,
          2.08277684e-02,  -2.18856037e-02,  -9.07278880e-02,
          1.97154935e-02,  -7.27353990e-02],
       [ -3.26844268e-02,  -1.89456437e-02,  -4.98018824e-02,
          1.94580238e-02,   4.09475677e-02,   1.86391715e-02,
          3.40317860e-02,  -2.76580006e-02,  -1.30014289e-02,
          2.43858714e-03,  -4.98520844e-02,   7.78277451e-03,
          7.20982030e-02,   3.61996107e-02,   1.83989368e-02,
          4.31958120e-03,   4.95566204e-02,  -7.94223174e-02,
          6.73013255e-02,   4.13636118e-02],
       [ -1.00411713e-01,   1.25758424e-02,  -1.59978196e-02,
          3.41141559e-02,   1.69026535e-02,   5.50944023e-02,
         -7.08209574e-02,  -9.65594407e-03,  -4.74152789e-02,
          5.93150817e-02,  -6.57300279e-02,  -8.23988914e-02,
          5.56378365e-02,  -3.30329756e-03,   8.55198130e-02,
         -4.57550548e-02,  -8.67317244e-02,  -2.78556086e-02,
         -2.33557336e-02,  -9.84960794e-03],
       [ -6.49469730e-04,  -5.74369403e-03,  -5.74611202e-02,
         -1.08808421e-01,   4.91050594e-02,  -5.19986711e-02,
          1.05411571e-03,   9.07992721e-02,   4.36246321e-02,
         -6.77452758e-02,  -4.60417941e-02,  -5.76535277e-02,
          2.74823662e-02,   5.73123358e-02,  -8.45818722e-04,
         -1.25400973e-02,   9.45437402e-02,   5.15341479e-03,
         -5.87990656e-02,   2.29468271e-02],
       [  1.00546507e-02,   1.15667596e-01,  -5.13726845e-03,
         -2.61343364e-02,  -9.32456553e-02,   4.29874659e-02,
         -5.79250120e-02,  -5.08977985e-03,  -2.16844473e-02,
         -3.55053172e-02,   4.01622131e-02,  -5.47214551e-03,
         -4.20580246e-02,   2.11205147e-02,  -6.13713684e-03,
         -5.72381280e-02,   6.24607280e-02,   2.41808128e-02,
          7.40009695e-02,  -2.40723453e-02]], dtype=float32), array([ 0.,  0.,  0.,  0.,  0.,  0.,  0.,  0.,  0.,  0.,  0.,  0.,  0.,
        0.,  0.,  0.,  0.,  0.,  0.,  0.], dtype=float32)][array([[-0.12875357],
       [ 0.04704662],
       [ 0.02245061],
       [-0.06889397],
       [-0.12932807],
       [ 0.00993079],
       [-0.09009523],
       [ 0.08860426],
       [-0.01126407],
       [ 0.10151785],
       [ 0.03091373],
       [ 0.01886602],
       [-0.08127052],
       [-0.11544102],
       [ 0.0230551 ],
       [-0.0296516 ],
       [ 0.02713535],
       [ 0.01403908],
       [ 0.00259183],
       [ 0.03237603]], dtype=float32), array([ 0.], dtype=float32)]