[array([[ -4.24837036e+01,   3.64989502e+02,  -1.49531299e+03,
          1.84303224e+00,   1.36541541e+03,   5.31735291e+02,
          3.62168203e+04,   5.34430618e+01,   8.20868790e-01,
          9.70855000e+04,  -6.89305847e+02,   1.03807771e+00,
          4.43739166e+02,   4.85157422e+04,  -4.85420625e+04,
         -1.45233860e-02,  -6.94712354e+03,   2.12696251e-02,
         -7.92403259e+02,  -6.01731586e+00,   1.20266191e+04,
         -5.25760559e+02,  -1.01540387e+03,   1.58090967e+04,
         -2.63441742e+02,   2.26534786e+01,  -3.68678925e+02,
         -5.84112930e+04,   3.62604403e+00,  -3.31480765e+00,
         -1.02734509e+01,   6.39361084e+03,   8.04229150e+03,
          1.14290453e-02,  -1.40546069e+03,  -1.26198828e+04,
         -1.51326172e+03,   1.23028442e+03,   3.42868896e+02,
          4.95153564e+02,   1.46426819e+03,  -5.94341993e+00,
         -1.81774375e+05,  -6.99532776e+01,   2.61827972e+02,
          1.14493909e+03,  -5.75412875e+05,  -6.18770874e+02,
         -4.88213272e+01,   1.88193731e-02],
       [  1.07710481e+00,  -2.18829971e+02,   2.21542187e+01,
          4.62140530e-01,   3.71903247e+03,   3.72149887e+01,
         -1.70841777e+04,   2.42223034e+01,   3.40458870e-01,
         -3.35028711e+03,  -1.43021729e+02,  -6.68549538e-01,
         -1.45376158e+01,  -2.50578223e+04,   2.77610312e+04,
          1.26272738e-02,  -1.02342653e+01,   3.89499366e-02,
         -1.34841812e+02,   8.42315376e-01,  -6.67589160e+03,
          1.07388573e+01,  -6.25319910e+00,   6.29500580e+01,
          3.66951919e+00,   6.10354500e+01,   5.55910444e+00,
         -2.47850357e+02,  -5.05024254e-01,  -2.87902832e+00,
          8.03486538e+00,  -3.20431023e+01,  -4.59144434e+03,
         -2.57826447e-02,  -1.31805527e+02,  -1.65120581e+03,
          7.52933550e+00,   3.34052197e+03,   9.30210037e+01,
         -7.50417419e+02,  -9.83560608e+02,  -1.24287348e+01,
          9.38881094e+04,  -4.78839207e+00,  -2.56840790e+02,
          1.38008499e+01,   4.28242383e+03,   7.89287376e+00,
         -1.40098448e+01,   2.98258960e-02],
       [ -2.07137623e+01,   6.48212524e+02,  -1.56362109e+03,
          1.91391468e+00,   5.22014014e+03,   4.12522461e+02,
          3.13437539e+04,   6.27236481e+01,  -1.35022497e+00,
          4.42010742e+04,  -3.00953217e+02,  -1.64368585e-01,
          4.65711761e+02,   4.50796172e+04,  -3.75599219e+04,
         -4.38053198e-02,  -7.30278564e+03,  -7.92786572e-03,
         -3.27018036e+02,  -5.31629086e+00,   9.54633008e+03,
         -5.47512634e+02,  -1.07363135e+03,   1.64605449e+04,
         -2.59411743e+02,   8.63650665e+01,  -3.84920746e+02,
         -6.08309062e+04,   7.45146535e-03,  -5.00074911e+00,
         -6.48197508e+00,   6.39743701e+03,   6.23021387e+03,
          8.92331079e-02,  -8.43691162e+02,  -1.91616357e+03,
         -1.51277100e+03,   4.69115723e+03,  -1.28484848e+02,
          6.88745544e+02,   2.59651880e+03,  -1.13046112e+01,
         -1.68900859e+05,  -5.40948334e+01,   3.08998444e+02,
          4.54153839e+02,  -2.51258438e+05,  -6.52220337e+02,
          9.66796684e+00,  -9.31779668e-03],
       [  9.70079231e+00,   1.49016479e+02,  -2.44108594e+03,
         -2.97999573e+00,  -3.74159668e+03,   4.97874969e+02,
          7.67132031e+03,  -2.84305859e+01,   5.35577595e-01,
          1.17103926e+04,   5.39456406e+01,   1.19626248e+00,
          7.19197266e+02,   1.23710146e+04,  -1.47536846e+04,
         -1.02462664e-01,  -1.16829355e+04,  -1.97667386e-02,
         -2.53107132e+02,  -7.82117319e+00,   3.43484058e+03,
         -8.64087830e+02,  -1.70444507e+03,   2.59900605e+04,
         -3.82119324e+02,  -6.03965073e+01,  -6.01050232e+02,
         -9.60368594e+04,  -4.18844748e+00,   2.14708757e+00,
         -6.85251808e+00,   9.98434668e+03,   2.46062988e+03,
          9.43433121e-02,   6.88128891e+01,  -2.99395447e+02,
         -2.36091309e+03,  -3.34165820e+03,  -5.54007683e+01,
          6.16003540e+02,   6.75544617e+02,  -6.46678734e+00,
         -4.63407148e+04,   7.52259016e+00,   2.23909821e+02,
          1.03965469e+02,  -5.71451992e+04,  -1.04115015e+03,
          1.69026833e+01,   2.10808814e-02],
       [  2.57068372e+00,  -2.42306503e+02,   2.11418848e+03,
         -8.36842954e-01,  -2.08384961e+03,  -4.92361237e+02,
         -3.90753555e+04,  -2.89338684e+01,   1.67872190e-01,
         -4.16889492e+04,   1.29336136e+02,  -1.97348222e-01,
         -6.29798828e+02,  -5.38573984e+04,   5.20976836e+04,
          2.83263135e-03,   9.96855957e+03,   7.97993690e-02,
          3.41603333e+02,   5.99058723e+00,  -1.29374326e+04,
          7.33746338e+02,   1.45103418e+03,  -2.22225859e+04,
          3.32942322e+02,  -3.45119438e+01,   5.19449158e+02,
          8.21288359e+04,   4.37527388e-01,   2.18767285e+00,
         -2.36133289e+00,  -8.61700977e+03,  -8.59620605e+03,
         -8.88569504e-02,   2.05921082e+02,   4.94910449e+03,
          2.03699561e+03,  -1.88579675e+03,  -2.64662598e+02,
         -2.04655273e+02,  -8.90725220e+02,   2.86016159e+01,
          2.01786641e+05,   4.12297020e+01,  -1.24182198e+02,
         -4.87511108e+02,   2.48388281e+05,   8.84889404e+02,
          3.27247429e+01,  -3.28568704e-02],
       [ -3.62893448e+01,   6.19657593e+02,  -2.01723059e+03,
         -1.24941993e+00,  -3.79949463e+03,   2.31719467e+02,
          5.89130908e+03,  -1.53043547e+01,   1.33988440e-01,
          1.05250641e+05,  -6.27785217e+02,   4.19526935e-01,
          5.84329346e+02,   6.07733252e+03,  -1.11087822e+04,
         -1.32899359e-01,  -9.68314453e+03,   7.73153231e-02,
         -8.62121460e+02,  -7.97883940e+00,   2.58297510e+03,
         -7.14761047e+02,  -1.42941467e+03,   2.18345957e+04,
         -3.45896912e+02,  -6.22561111e+01,  -4.98017639e+02,
         -8.06831406e+04,  -3.53892469e+00,   3.83872700e+00,
         -1.72926388e+01,   8.42599023e+03,   1.86329102e+03,
         -7.80595187e-03,  -1.16150781e+03,  -1.15218604e+04,
         -1.99270215e+03,  -3.42430298e+03,   1.94079010e+02,
          1.41830273e+03,   2.49514746e+03,  -1.90357018e+01,
         -2.27610898e+04,  -4.00975723e+01,   5.78524475e+02,
          1.18091809e+03,  -6.05492875e+05,  -8.51067078e+02,
         -2.97999687e+01,  -7.94387073e-04],
       [ -1.69207516e+01,   3.96356873e+02,   1.81955383e+03,
         -5.59178352e-01,   6.87308411e+02,  -3.17487168e+00,
         -1.31711270e+04,  -6.75785828e+01,   3.83789808e-01,
         -1.53939189e+04,  -1.53471024e+02,  -6.71603024e-01,
         -5.37992554e+02,  -1.71289492e+04,   1.95920879e+04,
         -3.54084484e-02,   8.73445312e+03,   5.33090718e-02,
          8.23489227e+01,   4.19740868e+00,  -4.77920654e+03,
          6.36351807e+02,   1.24273535e+03,  -1.93108574e+04,
          2.74841705e+02,   1.10603104e+01,   4.48744293e+02,
          7.13314141e+04,  -4.53649092e+00,  -2.55713511e+00,
         -1.17447844e+01,  -7.75021875e+03,  -3.21959009e+03,
          1.36183202e-01,  -5.25180481e+02,   5.89797510e+03,
          1.83264551e+03,   6.18601440e+02,  -2.53755325e+02,
          6.77016113e+02,   1.68620325e+03,   3.20290184e+01,
          6.41748438e+04,   3.23657112e+01,   2.39574768e+02,
         -2.63206543e+02,   1.07382258e+05,   7.69747498e+02,
          2.90791740e+01,   6.33735210e-02],
       [  4.10793266e+01,   8.98232971e+02,  -3.39494287e+03,
          9.80818033e-01,   5.27973828e+03,   4.92848938e+02,
          2.50319492e+04,  -7.37843704e+00,   1.84096634e-01,
          7.20952422e+04,   5.50913086e+02,   1.93487406e-02,
          9.98053467e+02,   3.53073242e+04,  -2.79904023e+04,
          1.37771489e-02,  -1.63907441e+04,  -1.80227496e-02,
         -5.98883850e+02,  -1.26611853e+01,   7.23519531e+03,
         -1.18412244e+03,  -2.36327075e+03,   3.62199414e+04,
         -5.10204651e+02,   8.57459793e+01,  -8.35893372e+02,
         -1.33795469e+05,  -1.58062375e+00,  -5.79860544e+00,
         -5.71176386e+00,   1.40720283e+04,   4.65075146e+03,
          7.42199048e-02,   1.18695422e+03,  -4.07265161e+03,
         -3.32802148e+03,   4.72797900e+03,   2.17939682e+02,
          1.18862097e+03,   3.75178931e+03,   8.61309242e+00,
         -1.32277312e+05,  -3.19740257e+01,   4.88416504e+02,
          7.49218750e+02,  -4.09856312e+05,  -1.44664282e+03,
         -3.69841981e+00,   3.47557627e-02]], dtype=float32), array([ 0.,  0.,  0.,  0.,  0.,  0.,  0.,  0.,  0.,  0.,  0.,  0.,  0.,
        0.,  0.,  0.,  0.,  0.,  0.,  0.,  0.,  0.,  0.,  0.,  0.,  0.,
        0.,  0.,  0.,  0.,  0.,  0.,  0.,  0.,  0.,  0.,  0.,  0.,  0.,
        0.,  0.,  0.,  0.,  0.,  0.,  0.,  0.,  0.,  0.,  0.], dtype=float32)][array([[ -7.65103462e+09,   9.52047411e+09,  -1.56241818e+09,
          5.05296691e+09,   1.97642035e+09,   9.30845360e+07,
          4.36202035e+09,   9.92996016e+04,   2.44156979e+09,
          1.20175680e+09,   3.23825152e+08,  -1.42495536e+08,
          6.92976108e+10,   1.66952256e+09,  -2.98060467e+09,
          3.84486560e+08,   1.22430292e+11,   1.84951112e+10,
         -5.34158541e+10,  -2.98117263e+10],
       [ -2.31173939e+09,   2.40118758e+09,  -4.05896704e+08,
          1.27444723e+09,   4.84183808e+08,   2.26007940e+07,
          1.10234176e+09,   5.23433105e+02,   6.21768320e+08,
          3.12008832e+08,   8.67878560e+07,  -2.88777320e+07,
          1.79982418e+10,   4.58038016e+08,  -7.62333440e+08,
          1.09258272e+08,   3.17878292e+10,   4.80322253e+09,
         -1.38957804e+10,  -7.51896525e+09],
       [  2.56046643e+09,  -2.88768538e+09,   4.77419968e+08,
         -1.53329229e+09,  -5.91544128e+08,  -2.75839140e+07,
         -1.32389875e+09,   5.08625439e+03,  -7.42659584e+08,
         -3.67360992e+08,  -1.00722080e+08,   3.93893400e+07,
         -2.11729981e+10,  -5.29069216e+08,   9.08870976e+08,
         -1.24185672e+08,  -3.74080020e+10,  -5.65110426e+09,
          1.63192699e+10,   9.04428954e+09],
       [ -1.49087969e+10,   1.83249654e+10,  -3.02791706e+09,
          9.72744806e+09,   3.81375104e+09,   1.79276736e+08,
          8.40046438e+09,   1.18263328e+05,   4.71105280e+09,
          2.32936166e+09,   6.34191552e+08,  -2.71735072e+08,
          1.34292562e+11,   3.23479680e+09,  -5.75337984e+09,
          7.46728128e+08,   2.37249102e+11,   3.58414459e+10,
         -1.03536058e+11,  -5.73860618e+10],
       [  2.58123392e+09,  -3.02198170e+09,   4.90518592e+08,
         -1.60331046e+09,  -6.13408704e+08,  -2.89029020e+07,
         -1.38333517e+09,  -4.82984297e+04,  -7.71764352e+08,
         -3.77011584e+08,  -9.97220880e+07,   4.21576600e+07,
         -2.17545216e+10,  -5.42844928e+08,   9.43112960e+08,
         -1.26032120e+08,  -3.84358113e+10,  -5.80631194e+09,
          1.67654984e+10,   9.46100531e+09],
       [  7.65479680e+09,  -9.56472013e+09,   1.57068518e+09,
         -5.07688448e+09,  -1.98892595e+09,  -9.36754720e+07,
         -4.38260019e+09,  -9.49624766e+04,  -2.45357542e+09,
         -1.20816230e+09,  -3.25999136e+08,   1.44194656e+08,
         -6.96641454e+10,  -1.67484595e+09,   2.99507456e+09,
         -3.85235488e+08,  -1.23079303e+11,  -1.85929359e+10,
          5.36950333e+10,   2.99515802e+10],
       [ -1.27764454e+09,   1.44714445e+09,  -2.40677568e+08,
          7.68043648e+08,   2.90174944e+08,   1.38795850e+07,
          6.63276224e+08,   5.28982930e+04,   3.72064480e+08,
          1.84557872e+08,   4.88783920e+07,  -2.03232220e+07,
          1.06721577e+10,   2.64761568e+08,  -4.54525952e+08,
          6.15172720e+07,   1.88513485e+10,   2.84781184e+09,
         -8.23256218e+09,  -4.53140685e+09],
       [  6.45899930e+09,  -7.48148992e+09,   1.23194880e+09,
         -3.97099674e+09,  -1.53112768e+09,  -7.18611680e+07,
         -3.42852480e+09,  -5.03897148e+04,  -1.92053299e+09,
         -9.47367296e+08,  -2.56356320e+08,   1.04238560e+08,
         -5.46365194e+10,  -1.35361139e+09,   2.34873395e+09,
         -3.15899648e+08,  -9.65260083e+10,  -1.45821512e+10,
          4.21201633e+10,   2.34276454e+10],
       [  4.42856960e+09,  -5.62033766e+09,   9.17150464e+08,
         -2.98310298e+09,  -1.16949440e+09,  -5.50768360e+07,
         -2.57421773e+09,  -5.27145234e+04,  -1.43880026e+09,
         -7.05579904e+08,  -1.89306656e+08,   8.58285440e+07,
         -4.06803661e+10,  -9.76589696e+08,   1.75620749e+09,
         -2.24314080e+08,  -7.18768947e+10,  -1.08576420e+10,
          3.13459036e+10,   1.75994798e+10],
       [  9.12279347e+09,  -1.06258985e+10,   1.74787597e+09,
         -5.63958067e+09,  -2.17090278e+09,  -1.02175248e+08,
         -4.86879181e+09,  -1.21061070e+05,  -2.72612429e+09,
         -1.34364800e+09,  -3.61573120e+08,   1.49229424e+08,
         -7.75167590e+10,  -1.91749184e+09,   3.33270195e+09,
         -4.46374496e+08,  -1.36947171e+11,  -2.06884250e+10,
          5.97599109e+10,   3.32729057e+10],
       [ -1.03742556e+10,   1.25957069e+10,  -2.07318797e+09,
          6.68578816e+09,   2.60148992e+09,   1.22515864e+08,
          5.77201766e+09,   1.31677812e+05,   3.23295386e+09,
          1.59427098e+09,   4.30334208e+08,  -1.85145088e+08,
          9.19494164e+10,   2.23275699e+09,  -3.94903834e+09,
          5.16701088e+08,   1.62448359e+11,   2.45403853e+10,
         -7.08802724e+10,  -3.94432389e+10],
       [  6.10100800e+08,  -7.52121472e+08,   1.20324424e+08,
         -3.98743456e+08,  -1.52840864e+08,  -7.24988800e+06,
         -3.43881568e+08,  -1.82110352e+04,  -1.91060256e+08,
         -9.24476480e+07,  -2.38404480e+07,   1.08381790e+07,
         -5.33668506e+09,  -1.31870344e+08,   2.33255024e+08,
         -3.02372860e+07,  -9.42865715e+09,  -1.42436851e+09,
          4.11296691e+09,   2.35379917e+09],
       [ -4.12723661e+09,   4.77751808e+09,  -7.92044736e+08,
          2.53647002e+09,   9.84442240e+08,   4.60114200e+07,
          2.19070746e+09,  -4.31068695e+02,   1.22978163e+09,
          6.09435584e+08,   1.67290208e+08,  -6.67296840e+07,
          3.51275622e+10,   8.65420608e+08,  -1.50419827e+09,
          2.02623808e+08,   6.20591350e+10,   9.37538970e+09,
         -2.70826332e+10,  -1.49624320e+10],
       [ -3.25592928e+08,   2.43345728e+08,  -3.62374160e+07,
          1.29302200e+08,   4.16788000e+07,   1.84979250e+06,
          1.10746592e+08,  -1.40782495e+03,   6.04410400e+07,
          2.78668840e+07,   6.80937300e+06,  -1.56430025e+06,
          1.60663872e+09,   5.38025680e+07,  -7.47134160e+07,
          1.34919180e+07,   2.84285619e+09,   4.29071808e+08,
         -1.22952000e+09,  -7.62443904e+08],
       [ -4.45597850e+09,   5.21223680e+09,  -8.47875072e+08,
          2.76622566e+09,   1.05971725e+09,   4.97976000e+07,
          2.38650624e+09,   5.46850820e+04,   1.33239718e+09,
          6.51942592e+08,   1.73693216e+08,  -7.34657840e+07,
          3.76067236e+10,   9.36131776e+08,  -1.62923584e+09,
          2.18932192e+08,   6.64478433e+10,   1.00373770e+10,
         -2.89759109e+10,  -1.63207434e+10],
       [ -2.61479885e+09,   3.02151782e+09,  -4.93689152e+08,
          1.60370074e+09,   6.19902400e+08,   2.88737520e+07,
          1.38418394e+09,  -1.27450146e+04,   7.74119232e+08,
          3.80040864e+08,   1.03218520e+08,  -4.14169000e+07,
          2.18967204e+10,   5.46451456e+08,  -9.47367040e+08,
          1.28121888e+08,   3.86885673e+10,   5.84459571e+09,
         -1.68739236e+10,  -9.46147635e+09],
       [ -6.54791872e+08,   1.03027334e+09,  -1.73518624e+08,
          5.47909504e+08,   2.26617216e+08,   1.07514370e+07,
          4.73014848e+08,   1.15498721e+04,   2.66766672e+08,
          1.33596936e+08,   3.71347880e+07,  -1.98034800e+07,
          7.69738854e+09,   1.65670448e+08,  -3.24194400e+08,
          3.67336760e+07,   1.36013578e+10,   2.05414899e+09,
         -5.92866560e+09,  -3.22943514e+09],
       [ -6.02789581e+09,   6.82172211e+09,  -1.13051789e+09,
          3.62093286e+09,   1.39218061e+09,   6.52981840e+07,
          3.12751590e+09,   4.20217578e+04,   1.75484429e+09,
          8.69234048e+08,   2.36695600e+08,  -9.26351520e+07,
          5.01356421e+10,   1.24822426e+09,  -2.14698509e+09,
          2.92462752e+08,   8.85684797e+10,   1.33805885e+10,
         -3.86625577e+10,  -2.13620142e+10],
       [ -4.05218483e+09,   5.00832205e+09,  -8.32128576e+08,
          2.65904819e+09,   1.04282701e+09,   4.92082680e+07,
          2.29664461e+09,   5.46484258e+04,   1.28960269e+09,
          6.39847744e+08,   1.74317184e+08,  -7.56346320e+07,
          3.69053286e+10,   8.82888640e+08,  -1.57453786e+09,
          2.03420912e+08,   6.51973919e+10,   9.84924672e+09,
         -2.84560302e+10,  -1.56853914e+10],
       [  9.64669747e+09,  -1.17930086e+10,   1.95594304e+09,
         -6.26074522e+09,  -2.45690701e+09,  -1.15452840e+08,
         -5.40756275e+09,  -6.74363047e+04,  -3.03571558e+09,
         -1.50470221e+09,  -4.11457280e+08,   1.74594144e+08,
         -8.67469640e+10,  -2.08815834e+09,   3.70758451e+09,
         -4.82257120e+08,  -1.53249219e+11,  -2.31516918e+10,
          6.68854968e+10,   3.69327268e+10],
       [  6.05673779e+09,  -7.40471347e+09,   1.21618253e+09,
         -3.93042995e+09,  -1.52442995e+09,  -7.20374480e+07,
         -3.39238118e+09,  -1.23842695e+05,  -1.89866253e+09,
         -9.34841920e+08,  -2.50314096e+08,   1.10429920e+08,
         -5.39401052e+10,  -1.30777395e+09,   2.31808205e+09,
         -3.02112192e+08,  -9.52989532e+10,  -1.43958026e+10,
          4.15752233e+10,   2.31877878e+10],
       [ -1.66005235e+09,   2.25513242e+09,  -3.78062400e+08,
          1.19691366e+09,   4.87381472e+08,   2.28684620e+07,
          1.03510208e+09,  -6.04883887e+03,   5.83155648e+08,
          2.91194080e+08,   8.14037040e+07,  -3.56374560e+07,
          1.67665449e+10,   3.84044864e+08,  -7.10634944e+08,
          8.63845520e+07,   2.96142172e+10,   4.47475302e+09,
         -1.29386977e+10,  -7.06158336e+09],
       [ -5.08286925e+09,   5.86692608e+09,  -9.76235904e+08,
          3.11460582e+09,   1.20239462e+09,   5.65823360e+07,
          2.69038182e+09,   6.20652930e+04,   1.51108211e+09,
          7.50432320e+08,   2.04435328e+08,  -8.24256160e+07,
          4.32936509e+10,   1.06481498e+09,  -1.84738266e+09,
          2.48494336e+08,   7.64804137e+10,   1.15541146e+10,
         -3.33880627e+10,  -1.83735378e+10],
       [  4.91718272e+08,  -1.97896464e+08,   3.19867480e+07,
         -1.05136584e+08,  -3.12318880e+07,  -8.69127062e+05,
         -9.09708880e+07,   7.52398984e+04,  -5.12801520e+07,
         -2.51999280e+07,  -9.09095700e+06,  -3.94414175e+06,
         -1.41732058e+09,  -6.51628200e+07,   6.61161920e+07,
         -1.85648100e+07,  -2.50598630e+09,  -3.79034240e+08,
          1.09034573e+09,   6.19986880e+08],
       [ -6.73835264e+09,   7.84873062e+09,  -1.30159398e+09,
          4.16636109e+09,   1.60601165e+09,   7.56952160e+07,
          3.59824000e+09,   1.00010836e+05,   2.01896998e+09,
          1.00039693e+09,   2.70992672e+08,  -1.11236248e+08,
          5.77249853e+10,   1.41741901e+09,  -2.46804480e+09,
          3.30889184e+08,   1.01976515e+11,   1.54055711e+10,
         -4.45134971e+10,  -2.45789716e+10],
       [ -5.62893363e+09,   6.48297574e+09,  -1.08287962e+09,
          3.44218112e+09,   1.32945101e+09,   6.26417320e+07,
          2.97364250e+09,   7.17019297e+04,   1.67171776e+09,
          8.32257536e+08,   2.27249296e+08,  -9.15997440e+07,
          4.80219628e+10,   1.17885107e+09,  -2.04402714e+09,
          2.74943008e+08,   8.48322806e+10,   1.28157266e+10,
         -3.70359009e+10,  -2.03044270e+10],
       [  1.23428157e+10,  -1.50526546e+10,   2.48928128e+09,
         -7.99064013e+09,  -3.12532557e+09,  -1.47022608e+08,
         -6.90049997e+09,  -1.17652633e+05,  -3.87037594e+09,
         -1.91465907e+09,  -5.20763424e+08,   2.22287728e+08,
         -1.10401577e+11,  -2.66633421e+09,   4.72720845e+09,
         -6.16063488e+08,  -1.95041133e+11,  -2.94648361e+10,
          8.51178127e+10,   4.71392666e+10],
       [ -5.63268864e+09,   7.08316058e+09,  -1.16397606e+09,
          3.75978906e+09,   1.47588403e+09,   6.95535600e+07,
          3.24567757e+09,   6.96493125e+04,   1.81737254e+09,
          8.95317952e+08,   2.41680128e+08,  -1.07590008e+08,
          5.16249395e+10,   1.23758682e+09,  -2.21828173e+09,
          2.83943680e+08,   9.12080323e+10,   1.37782968e+10,
         -3.97911163e+10,  -2.21809725e+10],
       [  5.30373581e+09,  -6.01016064e+09,   1.00117421e+09,
         -3.19010099e+09,  -1.23879104e+09,  -5.77611120e+07,
         -2.75686605e+09,   1.93520527e+04,  -1.54971392e+09,
         -7.70438016e+08,  -2.13011744e+08,   8.05190000e+07,
         -4.43985469e+10,  -1.10067213e+09,   1.89617267e+09,
         -2.57737520e+08,  -7.84285696e+10,  -1.18497055e+10,
          3.42485381e+10,   1.88204667e+10],
       [ -5.24242074e+09,   6.13517158e+09,  -1.01707328e+09,
          3.25674957e+09,   1.26392282e+09,   5.93318360e+07,
          2.81289498e+09,   3.93985273e+04,   1.57865920e+09,
          7.82198144e+08,   2.13300704e+08,  -8.66568320e+07,
          4.51054469e+10,   1.10660941e+09,  -1.92972134e+09,
          2.57422128e+08,   7.96829204e+10,   1.20380682e+10,
         -3.47811512e+10,  -1.92128082e+10],
       [ -1.23418081e+10,   1.46509240e+10,  -2.42518656e+09,
          7.77662925e+09,   3.02172442e+09,   1.42126272e+08,
          6.71651277e+09,   1.23319312e+05,   3.76767770e+09,
          1.86488755e+09,   5.06860192e+08,  -2.09815168e+08,
          1.07555111e+11,   2.62555878e+09,  -4.60435968e+09,
          6.09359616e+08,   1.90006002e+11,   2.87049605e+10,
         -8.29366272e+10,  -4.58789192e+10],
       [ -4.20805376e+09,   5.11096525e+09,  -8.37996992e+08,
          2.71209600e+09,   1.05236602e+09,   4.96720200e+07,
          2.34131661e+09,   7.37971094e+04,   1.30984115e+09,
          6.44205376e+08,   1.72507200e+08,  -7.44612640e+07,
          3.71650847e+10,   9.05680448e+08,  -1.59956877e+09,
          2.08747168e+08,   6.56578724e+10,   9.91896576e+09,
         -2.86522409e+10,  -1.60024863e+10],
       [ -8.74958848e+09,   1.06491638e+10,  -1.75915558e+09,
          5.65257779e+09,   2.20731238e+09,   1.03859424e+08,
          4.88145920e+09,   8.78085156e+04,   2.73704192e+09,
          1.35299251e+09,   3.67403936e+08,  -1.56383008e+08,
          7.80208701e+10,   1.88716352e+09,  -3.34328704e+09,
          4.36625440e+08,   1.37834955e+11,   2.08228864e+10,
         -6.01551790e+10,  -3.33477212e+10],
       [ -7.95746765e+09,   1.00182528e+10,  -1.65054477e+09,
          5.31841485e+09,   2.08913062e+09,   9.84815680e+07,
          4.59152384e+09,   9.69160547e+04,   2.57271270e+09,
          1.26954304e+09,   3.43654976e+08,  -1.53120992e+08,
          7.32064154e+10,   1.74989824e+09,  -3.14040448e+09,
          4.02078944e+08,   1.29337246e+11,   1.95380367e+10,
         -5.64260413e+10,  -3.13742213e+10],
       [ -1.86273370e+09,   1.84985741e+09,  -3.06053312e+08,
          9.82066624e+08,   3.57189632e+08,   1.68606180e+07,
          8.47580416e+08,   4.34358984e+04,   4.74770144e+08,
          2.34760528e+08,   6.22980560e+07,  -2.20805620e+07,
          1.35725363e+10,   3.58133120e+08,  -5.82611712e+08,
          8.66320960e+07,   2.39789302e+10,   3.62207642e+09,
         -1.04639130e+10,  -5.79329536e+09],
       [ -2.40344832e+09,   2.77450752e+09,  -4.67788096e+08,
          1.47293760e+09,   5.73363584e+08,   2.69271580e+07,
          1.27361882e+09,   1.15452529e+04,   7.18018112e+08,
          3.59706208e+08,   9.98145760e+07,  -3.86352040e+07,
          2.07452795e+10,   5.04565568e+08,  -8.78145792e+08,
          1.18204056e+08,   3.66424433e+10,   5.53627750e+09,
         -1.60102369e+10,  -8.68902707e+09],
       [  3.03711680e+08,  -4.20269088e+08,   7.20101840e+07,
         -2.23607184e+08,  -9.35568400e+07,  -4.30973400e+06,
         -1.93368656e+08,   1.93126973e+04,  -1.09726424e+08,
         -5.56272600e+07,  -1.64476980e+07,   7.18576300e+06,
         -3.19460966e+09,  -7.12282720e+07,   1.34128128e+08,
         -1.64421490e+07,  -5.64465152e+09,  -8.52672192e+08,
          2.46178534e+09,   1.31765760e+09],
       [ -2.86698829e+09,   2.79465037e+09,  -4.67581632e+08,
          1.48345293e+09,   5.50585216e+08,   2.55219380e+07,
          1.28203597e+09,  -8.84066504e+03,   7.21130112e+08,
          3.59453824e+08,   9.92267840e+07,  -3.07144900e+07,
          2.07344886e+10,   5.47568576e+08,  -8.85766848e+08,
          1.32874472e+08,   3.66265549e+10,   5.53382707e+09,
         -1.59974851e+10,  -8.75157914e+09],
       [ -2.22426340e+07,   2.14938864e+08,  -4.75479040e+07,
          1.16316176e+08,   6.38493720e+07,   2.90557300e+06,
          1.01218416e+08,  -3.41286250e+04,   6.22220520e+07,
          3.70255000e+07,   1.39234370e+07,  -8.05257150e+06,
          2.11111757e+09,   2.59650260e+07,  -7.53042480e+07,
          5.66362950e+06,   3.73196083e+09,   5.63121792e+08,
         -1.62417485e+09,  -6.79811008e+08],
       [ -5.12265984e+09,   5.91619994e+09,  -9.77669760e+08,
          3.14083661e+09,   1.21028275e+09,   5.67867000e+07,
          2.71185280e+09,   4.01143164e+04,   1.52054144e+09,
          7.51835264e+08,   2.04164736e+08,  -8.30069280e+07,
          4.33609974e+10,   1.07152077e+09,  -1.85973222e+09,
          2.51228928e+08,   7.66069064e+10,   1.15726244e+10,
         -3.34267249e+10,  -1.85280799e+10],
       [ -7.64662528e+09,   9.48918272e+09,  -1.57647424e+09,
          5.03720858e+09,   1.98821030e+09,   9.34353360e+07,
          4.35186688e+09,   3.88020000e+04,   2.44432947e+09,
          1.21295386e+09,   3.32788192e+08,  -1.41510224e+08,
          6.99163279e+10,   1.67106573e+09,  -2.98461696e+09,
          3.84221312e+08,   1.23510260e+11,   1.86597724e+10,
         -5.39187282e+10,  -2.97163100e+10],
       [  5.66826445e+09,  -6.81198029e+09,   1.13220774e+09,
         -3.61562035e+09,  -1.41550042e+09,  -6.64557560e+07,
         -3.12405094e+09,  -2.75676523e+04,  -1.75474381e+09,
         -8.70970496e+08,  -2.38843376e+08,   9.79486480e+07,
         -5.02128640e+10,  -1.21540224e+09,   2.14419046e+09,
         -2.81722784e+08,  -8.87008543e+10,  -1.34011443e+10,
          3.87300024e+10,   2.13310874e+10],
       [ -6.35146445e+09,   7.54107136e+09,  -1.24275456e+09,
          4.00315674e+09,   1.55056141e+09,   7.29227120e+07,
          3.45602048e+09,   6.92823594e+04,   1.93635738e+09,
          9.55641280e+08,   2.58450144e+08,  -1.08769728e+08,
          5.51177216e+10,   1.34961114e+09,  -2.36650778e+09,
          3.13913248e+08,   9.73783286e+10,   1.47103939e+10,
         -4.24867717e+10,  -2.36158382e+10],
       [  5.51988173e+09,  -6.54664602e+09,   1.08308838e+09,
         -3.47593984e+09,  -1.35097894e+09,  -6.34239720e+07,
         -3.00122035e+09,  -4.07307695e+04,  -1.68353370e+09,
         -8.33077824e+08,  -2.26901728e+08,   9.48529120e+07,
         -4.80359547e+10,  -1.17312038e+09,   2.05760717e+09,
         -2.72976256e+08,  -8.48667689e+10,  -1.28202895e+10,
          3.70278605e+10,   2.05036913e+10],
       [  1.72076196e+10,  -2.07295590e+10,   3.42833690e+09,
         -1.10033951e+10,  -4.29937818e+09,  -2.01830320e+08,
         -9.50337946e+09,  -1.03109555e+05,  -5.33084774e+09,
         -2.63738368e+09,  -7.19310656e+08,   3.00314112e+08,
         -1.52048091e+11,  -3.69137843e+09,   6.51335270e+09,
         -8.55108800e+08,  -2.68611813e+11,  -4.05803581e+10,
          1.17236630e+11,   6.49147802e+10],
       [ -3.49145600e+09,   3.94316621e+09,  -6.54079104e+08,
          2.09341696e+09,   8.11756160e+08,   3.77604040e+07,
          1.80828352e+09,  -2.37708340e+04,   1.01544083e+09,
          5.03482656e+08,   1.39021520e+08,  -5.30822440e+07,
          2.90073068e+10,   7.22566912e+08,  -1.24285197e+09,
          1.69611504e+08,   5.12457933e+10,   7.74212198e+09,
         -2.23654625e+10,  -1.23491348e+10],
       [  7.27650112e+08,  -9.63920320e+08,   1.56370832e+08,
         -5.12728960e+08,  -1.99221760e+08,  -9.41266600e+06,
         -4.41298304e+08,  -1.44079541e+04,  -2.46227984e+08,
         -1.20296336e+08,  -3.18890240e+07,   1.69251320e+07,
         -6.93921024e+09,  -1.63393408e+08,   3.00575104e+08,
         -3.84225920e+07,  -1.22686075e+10,  -1.85207373e+09,
          5.33237402e+09,   3.02176230e+09],
       [ -4.72401203e+09,   5.84474675e+09,  -9.63272896e+08,
          3.10294784e+09,   1.21791680e+09,   5.71872000e+07,
          2.67897856e+09,   2.74862754e+04,   1.50150029e+09,
          7.41202496e+08,   2.01702128e+08,  -8.75640480e+07,
          4.27241103e+10,   1.02828486e+09,  -1.83372493e+09,
          2.37432896e+08,   7.54836357e+10,   1.14029025e+10,
         -3.29300132e+10,  -1.83044301e+10],
       [ -1.22711206e+09,   1.58213491e+09,  -2.59290448e+08,
          8.39536000e+08,   3.38503072e+08,   1.56400690e+07,
          7.25303360e+08,  -3.58542695e+04,   4.06455008e+08,
          2.00058688e+08,   5.58392880e+07,  -2.32274460e+07,
          1.15009628e+10,   2.73809920e+08,  -4.96408352e+08,
          6.28035400e+07,   2.03186995e+10,   3.07005056e+09,
         -8.86651904e+09,  -4.95364762e+09],
       [  1.37332500e+10,  -1.64298895e+10,   2.70409549e+09,
         -8.72017306e+09,  -3.39522406e+09,  -1.59256544e+08,
         -7.52962970e+09,  -7.93947734e+04,  -4.21820160e+09,
         -2.08029709e+09,  -5.64667840e+08,   2.35278992e+08,
         -1.19928996e+11,  -2.93174221e+09,   5.15489690e+09,
         -6.80080640e+08,  -2.11876332e+11,  -3.20087532e+10,
          9.24574597e+10,   5.14475213e+10]], dtype=float32), array([ 0.,  0.,  0.,  0.,  0.,  0.,  0.,  0.,  0.,  0.,  0.,  0.,  0.,
        0.,  0.,  0.,  0.,  0.,  0.,  0.], dtype=float32)][array([[ -1.62037098e+33],
       [ -2.28613250e+33],
       [ -2.09090131e+33],
       [ -1.81206104e+33],
       [ -1.47726619e+33],
       [ -4.91826179e+31],
       [  1.33711776e+33],
       [ -2.37488692e+33],
       [ -5.50849390e+32],
       [ -8.59955165e+32],
       [  1.88184093e+33],
       [ -1.94252491e+33],
       [ -4.79138812e+33],
       [ -7.11791073e+32],
       [ -1.25000446e+33],
       [ -2.44922723e+33],
       [ -2.25940615e+33],
       [  3.95578788e+33],
       [ -3.12841781e+32],
       [ -6.87040164e+32]], dtype=float32), array([ 0.], dtype=float32)]