[array([[-0.04267203, -0.00814088, -0.02617458,  0.03361779, -0.05842287,
        -0.05961896,  0.04565182,  0.00609461,  0.0796247 ,  0.0182263 ,
         0.07705324, -0.02539369,  0.04814856,  0.0239217 , -0.03288267,
         0.03215567,  0.02420429,  0.00510484,  0.12813123,  0.0049548 ,
         0.0472574 ,  0.04955941, -0.03398538,  0.03345926,  0.02539362,
        -0.08178195, -0.07296905,  0.07489108,  0.02466711,  0.12833953,
         0.00815585, -0.03058839,  0.07196399, -0.09736275, -0.07302673,
        -0.04443189, -0.03255562,  0.03031528, -0.05975532,  0.04644151,
         0.05008797, -0.01690635,  0.04829785,  0.06739818,  0.02026719,
        -0.06915952, -0.0224329 , -0.00771033, -0.04941324,  0.02854577],
       [-0.07930866,  0.10087379,  0.02508679, -0.08947223,  0.02264325,
        -0.07508915,  0.01333901,  0.01599686, -0.04466918,  0.01208658,
        -0.04795552, -0.04143699,  0.06848041,  0.06320634,  0.07704877,
         0.01762467, -0.00939095, -0.05259433, -0.04915592,  0.0126951 ,
         0.03218528, -0.03575237, -0.09826723, -0.04571335, -0.03060769,
        -0.01785125,  0.00221502, -0.03124389, -0.0322881 , -0.00833844,
         0.01989309,  0.06110675, -0.04603237,  0.03716921, -0.01226387,
         0.01374005, -0.03920649, -0.03420031, -0.07295444, -0.12556432,
        -0.02522117, -0.05175776, -0.00347766, -0.0060442 ,  0.00647441,
        -0.01301122, -0.03748476, -0.00624515,  0.00900806, -0.00834654],
       [ 0.04081205,  0.03316399, -0.08454352,  0.00506538,  0.03968968,
        -0.0064804 ,  0.01409122,  0.03013743,  0.059506  ,  0.03971144,
         0.0611384 , -0.03624593, -0.00640526,  0.02217269,  0.00946702,
         0.00462096,  0.00378385,  0.04172039, -0.09049737,  0.00486273,
         0.10574466, -0.01711447, -0.04073413,  0.03065331, -0.03378918,
        -0.00581719,  0.05263791, -0.02462539,  0.00311631, -0.04485504,
         0.06523933,  0.0354926 , -0.15121429,  0.09702802,  0.02205602,
         0.0041324 ,  0.09642921, -0.0271231 ,  0.00826978,  0.00628837,
        -0.04587051,  0.02162501,  0.06403591,  0.00621137, -0.00027818,
        -0.01149388, -0.03222071,  0.09045836, -0.0320864 , -0.11247634],
       [ 0.05838566, -0.04583374,  0.00045699,  0.05091695,  0.01056284,
         0.04714681,  0.04720004,  0.04184015,  0.03976556,  0.02860999,
         0.01285849, -0.02128722, -0.04720173,  0.04235877,  0.02793124,
         0.00782037, -0.07382961, -0.01949962, -0.00565414, -0.03242318,
        -0.02022114, -0.03409264, -0.02648769, -0.02715909, -0.05143121,
         0.04877762, -0.01297342,  0.01066958,  0.04092693, -0.07843641,
         0.05834631, -0.05564335, -0.00293438, -0.05459452, -0.09222292,
        -0.02172906, -0.07916488, -0.01443432, -0.03283115, -0.07816385,
         0.04069538, -0.01009166,  0.01163805,  0.03998974,  0.00991452,
         0.00414096, -0.05635525,  0.06807335, -0.15291189,  0.01369037],
       [-0.12383189, -0.03233524, -0.00572348, -0.00743619, -0.02510039,
         0.00486331,  0.03927105, -0.02116562,  0.03314974,  0.03613563,
         0.04301956, -0.03827735,  0.02580794, -0.00855601, -0.0207656 ,
        -0.08638871, -0.02095574,  0.00116407,  0.01164225, -0.00092871,
        -0.01539603, -0.12683694, -0.03520045,  0.06272505,  0.09816293,
         0.00651144,  0.05219456, -0.01660992, -0.04280885,  0.02526582,
        -0.02538289, -0.05974594, -0.02321456, -0.05137021, -0.02071925,
         0.04872244,  0.10117155,  0.01287944, -0.05024381, -0.06067941,
         0.02734266,  0.00367307, -0.03612014, -0.02611892,  0.03061051,
        -0.01443137,  0.00034199, -0.03784679,  0.0135499 ,  0.01734472],
       [-0.00059369, -0.03700193,  0.02895714, -0.03664983, -0.03273059,
         0.05913686,  0.02279543,  0.0230359 , -0.06261045,  0.04428429,
        -0.03939303,  0.04285589,  0.02144526, -0.04232872, -0.03367948,
        -0.01168922,  0.10364194, -0.02260926,  0.04284705, -0.01629021,
         0.01564664,  0.08873191,  0.06993837,  0.00510187, -0.06917593,
         0.01798504, -0.07535859, -0.07113882,  0.0496495 , -0.02751168,
         0.02347448, -0.02642136,  0.01257943,  0.03799223, -0.01218025,
         0.05577902,  0.00149583, -0.00441625,  0.01647604,  0.06709611,
        -0.05656165, -0.01373073, -0.00484843, -0.00568507, -0.0768979 ,
        -0.02182381,  0.02468467,  0.0433332 , -0.05167334,  0.0245351 ],
       [-0.02036048,  0.06225836, -0.02733725,  0.01601548,  0.02402592,
        -0.0095192 ,  0.05995836, -0.00970657, -0.07261375,  0.01279692,
        -0.00623053, -0.08499806,  0.05475863, -0.05985327, -0.05593124,
         0.06408732,  0.01082469,  0.00235898,  0.01173396,  0.05761571,
         0.0104039 , -0.02940543, -0.06473028,  0.12956649, -0.0086721 ,
        -0.03071777,  0.05030395, -0.04716848, -0.03331175, -0.0351777 ,
        -0.05743135,  0.01251191, -0.06844825, -0.04698235, -0.04126117,
        -0.00930524,  0.00229482,  0.01652131, -0.00818287,  0.00442852,
        -0.02947319, -0.0175469 ,  0.00521697, -0.01440672,  0.01023659,
         0.01635075,  0.10201676,  0.0215776 , -0.00583333,  0.01101651],
       [ 0.02254584, -0.00192177,  0.04994233, -0.01633898,  0.01179069,
         0.00216431,  0.02481014, -0.04366541, -0.02189443,  0.00187556,
        -0.0021361 , -0.00542965, -0.10542208,  0.05176219,  0.00667589,
        -0.02162921, -0.04053799,  0.11321004, -0.02285526, -0.08709317,
         0.0497353 , -0.08047422,  0.0608738 , -0.09397217,  0.0242631 ,
         0.01054186,  0.02286602, -0.04353441,  0.00466618,  0.0712682 ,
         0.02533015, -0.01739614,  0.06351423,  0.03346922, -0.10393687,
        -0.06279453, -0.08970313, -0.03512052, -0.01699029,  0.03134448,
        -0.02540926,  0.00136557, -0.00398011, -0.00333587,  0.05921478,
        -0.004585  ,  0.02430785, -0.01907587,  0.0406885 , -0.03373018]], dtype=float32), array([ 0.,  0.,  0.,  0.,  0.,  0.,  0.,  0.,  0.,  0.,  0.,  0.,  0.,
        0.,  0.,  0.,  0.,  0.,  0.,  0.,  0.,  0.,  0.,  0.,  0.,  0.,
        0.,  0.,  0.,  0.,  0.,  0.,  0.,  0.,  0.,  0.,  0.,  0.,  0.,
        0.,  0.,  0.,  0.,  0.,  0.,  0.,  0.,  0.,  0.,  0.], dtype=float32)][array([[  7.26618990e-02,  -5.62372878e-02,  -2.18018517e-02,
          4.31755297e-02,   4.95256409e-02,  -2.22923625e-02,
          1.87033322e-02,   9.01576132e-02,   2.28080826e-04,
         -5.12227528e-02,  -6.72010779e-02,   7.64738768e-03,
         -6.19248115e-02,   7.11825211e-03,  -5.40318750e-02,
         -1.01970926e-01,   3.41891535e-02,   1.25563992e-02,
          6.80422783e-02,   8.61046985e-02],
       [  5.98350875e-02,  -1.65664759e-02,  -7.39782900e-02,
         -1.09683551e-01,   9.02850274e-03,   1.56349745e-02,
         -7.17936680e-02,   1.23805683e-02,  -6.87667504e-02,
          5.95328882e-02,   3.61142457e-02,  -8.83922726e-03,
         -5.69488183e-02,  -3.66298519e-02,   8.31639096e-02,
          2.05342155e-02,  -3.02781053e-02,   1.42389508e-02,
          3.48793343e-02,  -2.33623609e-02],
       [ -6.27527982e-02,  -2.14260202e-02,  -5.44019276e-03,
         -1.43961038e-03,  -8.82541537e-02,   2.30499338e-02,
         -4.20478322e-02,  -4.20378149e-02,  -5.52175827e-02,
         -6.66359812e-02,  -1.34477064e-01,   3.73990797e-02,
         -2.69479840e-03,   1.86738595e-02,   1.14622571e-01,
         -2.53614783e-02,  -1.58235002e-02,   2.15315130e-02,
          3.49684362e-03,  -7.98716769e-02],
       [  1.27371237e-01,  -2.85902526e-02,  -4.06607352e-02,
         -1.39288250e-02,  -5.33215813e-02,  -1.59740578e-02,
         -1.58432464e-04,  -1.10388426e-02,   3.73965055e-02,
         -5.87657392e-02,  -7.63753837e-04,  -3.27744298e-02,
          9.27130051e-04,   1.90434735e-02,   4.84373122e-02,
         -3.11572570e-03,   1.31504387e-02,  -1.50205884e-02,
         -8.94637331e-02,   1.35483546e-02],
       [  3.40716988e-02,  -7.09138736e-02,  -1.11069176e-02,
         -7.33180791e-02,  -7.01682493e-02,   6.17594970e-03,
          6.52391836e-02,  -2.40533892e-02,  -5.29457927e-02,
         -5.41992150e-02,   1.74880661e-02,  -2.10033767e-02,
         -2.84264423e-02,   9.48841274e-02,  -3.86648066e-02,
         -2.31771301e-02,   3.37017551e-02,  -5.49315996e-02,
         -4.91959378e-02,  -2.86695790e-02],
       [ -5.71721559e-03,  -3.07015027e-03,  -4.33351547e-02,
         -9.80642959e-02,   2.30118092e-02,   1.15548139e-02,
         -1.82519667e-02,   3.91966552e-02,  -2.53152400e-02,
          6.89328536e-02,   4.82046306e-02,   1.64135862e-02,
         -1.88093986e-02,  -5.00915907e-02,   1.12852119e-01,
          5.98585196e-02,   6.86445758e-02,   1.04772642e-01,
         -1.19144684e-02,   4.73547690e-02],
       [  5.10706194e-02,  -9.02331397e-02,   6.78383885e-03,
         -8.80613998e-02,   3.28352116e-02,  -1.69469547e-02,
          6.96166679e-02,   5.72358780e-02,  -1.34673705e-02,
         -3.97693478e-02,  -5.79601713e-02,   5.53092957e-02,
          5.23954295e-02,  -1.80996377e-02,  -2.00924277e-02,
         -1.57251377e-02,   3.33923586e-02,  -2.97156721e-02,
          1.04148865e-01,   9.57349762e-02],
       [ -6.40368983e-02,   1.44916130e-02,  -8.12988207e-02,
          6.42968044e-02,  -1.51896318e-02,   1.35371042e-02,
          9.31225345e-02,   1.64437853e-03,   5.85626364e-02,
          4.70518209e-02,   1.99195053e-02,   2.22786814e-02,
         -6.74822927e-02,   1.25497552e-02,  -4.52639423e-02,
         -6.06409227e-03,  -9.63724777e-02,   2.74758935e-02,
          2.96964832e-02,   3.29085924e-02],
       [ -6.65523037e-02,   6.07551634e-02,   4.56716940e-02,
         -3.47205102e-02,   8.99637584e-03,  -4.39602770e-02,
          8.34892690e-02,  -4.15074453e-02,   2.27492265e-02,
         -2.06332915e-02,  -3.08271591e-03,   1.02975434e-02,
          3.64923826e-03,   5.96009381e-02,   6.29023686e-02,
         -3.77351115e-03,  -5.71818464e-02,  -1.83988791e-02,
         -3.54685597e-02,  -2.07703635e-02],
       [  1.24369048e-01,   2.18215697e-02,  -3.21837030e-02,
         -1.10578397e-02,   3.17848884e-02,  -1.10437572e-01,
         -7.79272690e-02,  -4.42150198e-02,  -3.46579440e-02,
         -5.13413921e-02,   3.90501022e-02,   3.42004088e-04,
          1.33522376e-02,   5.48881106e-02,  -1.88313723e-02,
          5.22977188e-02,  -4.68978994e-02,   5.03650727e-03,
          2.85379887e-02,   1.02413632e-01],
       [ -5.21909185e-02,   3.00658736e-02,  -2.82086618e-02,
          2.90743262e-02,  -4.25642915e-02,   1.52708441e-02,
          4.96795168e-04,   5.52009456e-02,  -6.79179654e-02,
         -1.89924687e-02,  -5.29880710e-02,   1.16244135e-02,
         -4.82345670e-02,   8.77449140e-02,   1.66450776e-02,
          2.49057412e-02,  -2.20132526e-02,   4.74732183e-02,
         -4.17198576e-02,  -6.22267313e-02],
       [ -8.02589115e-03,  -2.35667899e-02,  -2.27226522e-02,
         -5.54525468e-04,  -6.28707334e-02,  -2.15353575e-02,
          3.71447988e-02,  -9.94481593e-02,  -2.76328959e-02,
          2.17278060e-02,  -6.03867844e-02,   2.12541651e-02,
         -5.22582047e-02,   8.47452506e-02,  -4.50516343e-02,
         -1.30620571e-02,  -7.00852368e-03,  -2.88519617e-02,
          6.49005268e-03,   2.29950808e-03],
       [ -9.14337710e-02,   6.95941970e-03,  -6.58447370e-02,
         -2.13702973e-02,   1.97065249e-02,   2.46511307e-02,
         -6.43023178e-02,  -8.32965691e-03,   2.90311431e-03,
         -5.73202930e-02,  -3.38922106e-02,   9.84273031e-02,
          4.45973724e-02,  -3.78505699e-02,  -1.04298042e-02,
          8.22023582e-03,   2.84964480e-02,  -1.10436557e-02,
          7.35180825e-02,   2.97774747e-03],
       [ -1.82556249e-02,  -7.19224066e-02,  -2.01126989e-02,
         -1.98851153e-02,  -3.62788253e-02,   3.73130105e-02,
          1.79558471e-02,  -8.39184821e-02,  -4.08210196e-02,
         -8.06432366e-02,  -3.73259261e-02,   1.37154311e-02,
         -7.93434009e-02,   7.70294741e-02,  -7.70776719e-03,
         -2.07206197e-02,   1.14211964e-03,  -3.43362242e-02,
         -9.46770087e-02,   7.42690489e-02],
       [ -2.72213668e-02,  -5.45859002e-02,   5.08183427e-02,
          5.65308705e-02,   1.32329366e-03,  -7.87267014e-02,
         -2.06652749e-02,  -8.63696486e-02,   3.00834812e-02,
         -5.18334024e-02,  -3.61491591e-02,   2.32386719e-02,
         -9.88029223e-03,   3.28490734e-02,  -2.61284653e-02,
          5.25918268e-02,   3.77694122e-03,  -4.06265669e-02,
         -3.15269344e-02,  -4.39141095e-02],
       [ -5.77003025e-02,  -2.72924155e-02,   5.36505654e-02,
         -2.51890104e-02,   2.72311401e-02,  -9.10942629e-02,
         -1.01363115e-01,  -5.11513427e-02,   3.73441838e-02,
         -7.55012780e-02,   4.10298212e-03,   5.58389015e-02,
         -1.74640678e-02,   1.74733289e-02,  -4.42006718e-03,
          2.92838998e-02,   7.03091398e-02,  -1.37183964e-01,
          2.14425148e-03,   1.69028137e-02],
       [  1.86653100e-02,   7.82542676e-02,   8.92377179e-03,
         -1.62429940e-02,   1.99051071e-02,  -1.15986422e-01,
          4.07101354e-03,   9.21482444e-02,  -2.87299138e-02,
         -3.12658213e-02,   8.72245152e-03,   2.24814154e-02,
         -6.33130968e-02,  -6.79802075e-02,   3.32741402e-02,
         -4.81788553e-02,   7.99276382e-02,  -3.03215114e-03,
         -5.11656962e-02,  -7.70889223e-03],
       [ -9.02590808e-03,  -8.38012621e-03,  -4.20284532e-02,
          4.34896052e-02,  -4.38220017e-02,  -7.60810403e-03,
         -3.35008907e-03,  -2.68498864e-02,  -2.38278173e-02,
         -1.18607245e-01,   2.13057976e-02,  -3.46816634e-03,
         -2.64094155e-02,  -8.42510983e-02,   2.61053722e-02,
         -1.83592718e-02,  -2.22128015e-02,   9.32880386e-04,
          4.66270559e-02,  -1.11612789e-01],
       [ -2.45004632e-02,   3.78509276e-02,   6.02294207e-02,
         -3.16216722e-02,  -5.34917489e-02,  -5.51632121e-02,
         -2.05762740e-02,  -1.68691333e-02,   2.11683530e-02,
         -4.91620563e-02,  -6.78470880e-02,   2.33450513e-02,
          2.94992365e-02,  -3.00503224e-02,   6.37374669e-02,
          2.42884438e-02,  -1.01204574e-01,   7.02791438e-02,
         -5.85283004e-02,  -1.18900193e-02],
       [ -7.93735683e-02,   3.92240733e-02,  -4.01983224e-02,
         -6.26820847e-02,  -1.02227714e-05,  -3.05268820e-03,
         -3.04684527e-02,  -6.23531528e-02,   5.62973833e-03,
          7.36053148e-03,  -1.28010530e-02,  -1.08970655e-03,
         -7.69793764e-02,   5.78934653e-03,  -1.21592842e-02,
         -2.14409810e-02,   5.56655042e-02,  -6.99302927e-03,
         -3.26760649e-03,  -5.94927333e-02],
       [ -9.31299180e-02,   6.11545742e-02,  -1.02090603e-02,
         -4.87892814e-02,   5.12026213e-02,   4.53215800e-02,
         -4.73959148e-02,   3.12600732e-02,  -1.40531140e-03,
         -1.43076747e-03,  -4.46466506e-02,   4.84113209e-03,
          1.01596592e-02,  -1.84626207e-02,   9.55741853e-02,
          2.14382540e-02,  -6.33161664e-02,  -6.93767378e-03,
          3.37020420e-02,   8.59509781e-02],
       [  1.95902307e-02,  -2.50488166e-02,   3.42419222e-02,
          5.82021615e-03,  -5.86528555e-02,   8.38581249e-02,
          1.38789909e-02,  -5.24092503e-02,   1.20868340e-01,
         -4.48777229e-02,   9.54154357e-02,   2.35981354e-03,
         -7.23802373e-02,   7.03534037e-02,  -6.16230443e-02,
         -7.65498504e-02,   7.71446973e-02,   1.21556595e-01,
          1.15970895e-02,  -1.03876792e-01],
       [  4.56753261e-02,   4.90456820e-02,   4.76817414e-02,
          9.60342810e-02,   7.63232112e-02,   9.73984525e-02,
          2.14456413e-02,   5.24824075e-02,  -2.04450451e-02,
          7.50213936e-02,  -1.18590191e-01,   8.72039869e-02,
         -6.45177066e-02,   7.89043121e-03,  -4.21070345e-02,
          1.39355874e-02,   2.48089992e-02,   1.93322245e-02,
          9.38831195e-02,   4.17547971e-02],
       [ -1.14306681e-01,  -6.88081905e-02,   2.01750128e-03,
          5.97182624e-02,   6.24340847e-02,  -3.69330458e-02,
          6.53597414e-02,   6.19546957e-02,   9.93787274e-02,
         -8.47989321e-02,   5.15450537e-02,   5.78137115e-02,
         -1.60387270e-02,   2.91589294e-02,   5.90192787e-02,
          1.00597620e-01,   9.77768283e-03,  -5.20837419e-02,
         -3.93559001e-02,   1.00693917e-02],
       [  4.04832028e-02,   5.86262578e-03,  -1.61680542e-02,
          1.53592080e-02,  -2.07828172e-02,  -5.22148889e-03,
         -1.80717587e-01,   1.75796244e-02,   2.06593163e-02,
         -2.64206957e-02,  -2.26052497e-02,   5.16565628e-02,
          3.72057483e-02,   4.86559346e-02,  -6.55999184e-02,
         -8.23776796e-02,   2.00647512e-03,   9.46973637e-02,
          2.22807424e-03,  -1.14568742e-02],
       [  1.11567535e-01,   2.88941003e-02,   1.64490877e-04,
         -4.89478149e-02,  -6.29865453e-02,  -5.29495962e-02,
          3.74526754e-02,   4.21626791e-02,  -1.01366965e-02,
          8.37493539e-02,  -4.57610562e-02,  -1.20981885e-02,
          7.66550303e-02,  -2.42936215e-03,  -4.99517955e-02,
          1.39251892e-02,  -1.18577266e-02,   7.89399818e-02,
          1.55998264e-02,   1.00273779e-02],
       [ -3.26186940e-02,   4.12241593e-02,  -3.15875444e-03,
          6.57835305e-02,   3.10365260e-02,   5.38266487e-02,
         -4.47479151e-02,   7.04312995e-02,  -1.39211332e-02,
         -1.46869346e-02,  -4.94469283e-03,   3.25189866e-02,
          3.23589556e-02,   2.62641460e-02,   9.49991718e-02,
          3.05371191e-02,  -1.27528748e-02,  -1.64900385e-02,
         -4.25446294e-02,  -1.35217803e-02],
       [  2.83832755e-02,  -1.98673103e-02,   4.08098958e-02,
         -3.89391817e-02,   4.17382233e-02,  -8.74358520e-04,
         -8.26296136e-02,   1.44248381e-01,  -5.02064712e-02,
          5.98680563e-02,   4.41893749e-02,  -9.12498869e-03,
          3.96695100e-02,   6.93553090e-02,   5.89079671e-02,
         -2.05961661e-03,  -7.44959665e-03,  -1.09782360e-01,
          1.90253649e-02,   1.10511603e-02],
       [  8.88956338e-02,   3.08840140e-03,  -9.75020751e-02,
          1.49583654e-03,   2.70777047e-02,   4.57289368e-02,
          7.84995407e-02,  -4.90748547e-02,   1.91069972e-02,
         -5.62917208e-03,   1.23951972e-01,  -3.95108499e-02,
         -3.24269719e-02,   1.08153619e-01,   2.93953326e-02,
         -6.23344071e-02,  -3.22777443e-02,  -1.84267201e-02,
         -9.84094366e-02,  -1.47399725e-02],
       [  2.73414385e-02,  -5.12551777e-02,  -3.80329154e-02,
         -7.53575042e-02,  -6.36653304e-02,  -4.00009379e-03,
          4.05781567e-02,  -3.98862585e-02,   5.65442629e-03,
          4.71506380e-02,  -6.18491136e-02,   1.14645243e-01,
         -1.03642354e-02,  -6.11342564e-02,   1.05083082e-02,
          5.64792231e-02,   2.64246445e-02,   1.46622984e-02,
          2.53859162e-02,  -4.92627313e-03],
       [ -9.23744962e-02,   3.57332639e-02,  -6.02475666e-02,
          5.10551445e-02,   8.76814313e-03,   2.90045924e-02,
          2.62086336e-02,  -1.48911392e-02,   5.90095995e-03,
         -2.64792945e-02,  -1.93539716e-03,   1.89386066e-02,
         -8.97134654e-03,   8.51284191e-02,  -6.83058724e-02,
         -4.44138162e-02,   3.32484953e-02,  -4.85731103e-02,
          1.82425920e-02,  -9.82281566e-02],
       [  5.96996062e-02,   8.77344143e-03,   3.51864658e-02,
         -3.66293127e-03,   5.66900931e-02,  -5.05515821e-02,
         -2.90828925e-02,  -2.41102930e-02,  -5.51208016e-03,
          1.83740072e-02,   3.30636054e-02,  -6.12211004e-02,
          2.18949746e-02,   4.48580869e-02,  -4.94186543e-02,
         -5.59736378e-02,  -2.73354501e-02,  -5.17921746e-02,
          2.32656039e-02,   1.23062328e-01],
       [  1.57048311e-02,  -4.60059149e-03,  -5.77810518e-02,
          3.71912383e-02,   2.22508553e-02,  -4.77550440e-02,
          6.76353425e-02,  -6.61067814e-02,  -4.39427905e-02,
         -2.45768949e-02,  -2.24298406e-02,   8.95690452e-03,
          4.55161519e-02,  -3.13500538e-02,   2.73146331e-02,
         -6.06669160e-03,  -7.07792565e-02,  -6.50557652e-02,
          7.87372962e-02,   4.12027873e-02],
       [  1.86628681e-02,   2.92248558e-02,  -4.55691628e-02,
         -2.32011583e-02,   9.54028312e-03,  -2.30704788e-02,
          5.57895601e-02,   3.34188379e-02,   3.12922783e-02,
          1.72356274e-02,  -1.09950736e-01,   1.67761948e-02,
         -6.97114989e-02,  -2.05047289e-03,  -3.65405791e-02,
         -7.56409764e-03,   1.31392822e-01,   2.14331187e-02,
         -1.23824691e-03,  -2.50171665e-02],
       [ -4.55065072e-02,  -5.19222282e-02,  -1.60405822e-02,
         -4.53800075e-02,  -9.58665833e-03,   1.72368046e-02,
          3.30029614e-02,   5.49634499e-03,  -1.19790845e-01,
         -1.35892630e-02,  -2.17989869e-02,   4.24059778e-02,
         -4.53685448e-02,   9.45077986e-02,   3.24554294e-02,
         -4.13022935e-02,   1.79076960e-04,   3.72543000e-02,
         -8.62752553e-03,   9.84263700e-03],
       [ -3.40123735e-02,   5.79926483e-02,  -2.87014898e-02,
         -3.10988333e-02,   1.84674207e-02,  -5.58555201e-02,
         -4.94479425e-02,   2.29073577e-02,   7.37285018e-02,
          4.16456303e-03,  -3.43837077e-03,   7.64943892e-03,
         -6.78908750e-02,   1.55482115e-02,  -1.40220886e-02,
          8.94571915e-02,  -3.13748159e-02,  -3.17658000e-02,
          8.85372460e-02,  -8.97011682e-02],
       [  9.78217348e-02,  -1.80202127e-02,   3.56097035e-02,
         -6.34491518e-02,   4.86212745e-02,  -1.82092898e-02,
          2.07782816e-02,  -2.80390382e-02,   3.76554839e-02,
         -3.15091796e-02,  -4.34665047e-02,  -1.03527322e-01,
         -1.04326248e-01,  -1.69600383e-03,  -3.27947028e-02,
         -6.49372116e-02,  -1.62025169e-02,   3.81409116e-02,
          2.85148919e-02,  -7.91167617e-02],
       [  5.90810589e-02,   6.11848123e-02,  -5.14853373e-02,
         -1.67795699e-02,  -4.38407511e-02,   7.55000263e-02,
         -7.74662197e-03,  -1.40237557e-02,  -3.23194005e-02,
          4.32186536e-02,  -8.44990462e-02,  -5.26777022e-02,
          2.60983203e-02,   3.13440226e-02,   1.51469365e-01,
         -5.01672504e-03,  -1.15357963e-02,  -3.99439409e-02,
         -3.17759556e-03,  -2.41747480e-02],
       [ -2.94572059e-02,  -8.59348550e-02,  -9.15983971e-03,
          3.14164236e-02,  -8.04037452e-02,   1.24248629e-02,
         -2.59249993e-02,   3.93728092e-02,  -1.90819036e-02,
          5.58585823e-02,  -4.62005213e-02,  -5.85204847e-02,
         -9.47027132e-02,  -3.40352319e-02,  -3.61318402e-02,
          3.04696988e-02,   3.76537646e-04,   4.19601165e-02,
          8.74221623e-02,  -2.26910766e-02],
       [  4.06482555e-02,  -2.70071756e-02,  -1.27394404e-03,
         -1.37964608e-02,  -2.78528929e-02,   1.13302730e-01,
          4.61367071e-02,   3.09212245e-02,   2.71445494e-02,
         -1.67538431e-02,   4.71469164e-02,  -1.94751080e-02,
          7.28451787e-03,  -7.19685992e-03,   1.60178822e-02,
         -5.68997376e-02,  -4.66419570e-02,  -1.15448646e-01,
         -2.76490487e-02,  -5.41809388e-03],
       [  9.83155891e-02,   3.81973060e-03,  -5.81731414e-03,
         -2.01117303e-02,  -9.18386951e-02,   5.51150739e-02,
          6.76198155e-02,   5.02716862e-02,   4.28847931e-02,
          7.90036544e-02,   4.19901647e-02,  -1.10829631e-02,
         -1.10055162e-02,   7.21876919e-02,  -9.57294777e-02,
         -6.46535605e-02,   4.14849408e-02,   6.60321414e-02,
         -3.33504602e-02,   8.84337537e-03],
       [  6.48476407e-02,  -4.38115560e-02,  -1.01112299e-01,
         -5.40916026e-02,  -1.22729599e-01,  -8.83412489e-04,
          2.06362363e-02,  -8.03217515e-02,   2.41874368e-03,
         -5.02074473e-02,   2.27939431e-02,   4.62028161e-02,
         -3.01504638e-02,  -1.48410844e-02,  -3.40229683e-02,
          1.51817976e-02,   2.20154431e-02,  -1.69479791e-02,
          3.48744430e-02,   4.75931838e-02],
       [ -3.84964533e-02,   4.24305387e-02,   2.46269163e-02,
          4.98060659e-02,  -5.62874973e-02,   1.66617204e-02,
          1.07591888e-02,  -3.08772419e-02,  -4.56225909e-02,
          3.12716067e-02,   1.14664491e-02,   4.33916487e-02,
         -3.50129008e-02,  -6.37599379e-02,  -3.83554399e-02,
         -1.55803440e-02,  -1.06594833e-02,  -3.86930704e-02,
          4.05897275e-02,  -1.93122460e-03],
       [  3.41272843e-03,  -5.66992117e-03,  -1.72189362e-02,
          1.07437801e-02,  -3.01063545e-02,   4.08910997e-02,
          5.68742752e-02,   7.84060825e-03,   8.66810083e-02,
         -5.80131821e-02,  -3.95163260e-02,  -5.29758446e-02,
         -7.76982233e-02,  -1.11954967e-02,   2.60060616e-02,
         -3.39621864e-02,   6.73281252e-02,   1.03873812e-01,
          2.83690840e-02,  -1.33257303e-02],
       [  3.80143113e-02,  -3.26157026e-02,  -4.42276301e-04,
         -7.61919767e-02,  -4.29654941e-02,  -7.30366483e-02,
         -2.79690442e-03,  -5.68128796e-03,  -8.15289766e-02,
         -1.88622531e-02,  -3.31407115e-02,  -2.99149496e-03,
          7.77848065e-02,  -5.87220602e-02,  -1.43395094e-02,
         -4.87874858e-02,   5.30595072e-02,  -1.91259738e-02,
          3.14309746e-02,   3.55681889e-02],
       [ -3.24612111e-02,   1.16122495e-02,  -1.41399717e-02,
          2.06851177e-02,   2.44028997e-02,   2.05573197e-02,
          1.16420083e-01,   5.26156500e-02,  -1.53017109e-02,
         -6.39421567e-02,  -4.86125462e-02,  -3.55424248e-02,
          3.24234217e-02,  -4.11988655e-03,   7.92568848e-02,
          5.52435732e-03,  -2.19619144e-02,   5.31016290e-02,
          2.73761991e-02,   7.03287944e-02],
       [ -5.87676838e-02,  -4.98287044e-02,   7.48556852e-02,
          1.39772147e-02,   2.90877011e-04,   7.34669436e-03,
          3.02585512e-02,  -2.78752726e-02,  -8.17235000e-03,
          8.20576772e-02,   5.94551936e-02,  -9.16943979e-03,
         -9.22919139e-02,  -1.40875623e-01,   2.83232983e-02,
          3.18935770e-03,  -4.60501425e-02,  -2.23993752e-02,
          5.94463013e-02,   4.55409028e-02],
       [ -2.95808055e-02,   3.54550742e-02,   3.52719054e-02,
          5.77502660e-02,  -5.52809909e-02,   5.31875156e-02,
          1.17578901e-01,  -4.40538526e-02,   2.30789930e-02,
          7.72693136e-04,   7.43138045e-02,   3.43954153e-02,
          2.59811673e-02,   7.24115083e-03,   1.36129260e-02,
         -4.24459763e-02,  -2.31099781e-02,  -9.25405417e-03,
          2.05562916e-02,  -7.83310179e-03],
       [  1.49992052e-02,   2.04567034e-02,   3.28728743e-02,
          2.09313948e-02,   2.30703708e-02,  -1.65982805e-02,
         -8.98553580e-02,  -9.42693651e-03,   8.65631457e-03,
         -8.01632032e-02,  -6.52586892e-02,  -7.12112114e-02,
          4.11141431e-03,  -2.56525222e-02,  -2.94326786e-02,
         -3.27545665e-02,  -7.10788891e-02,   1.00283265e-01,
          2.00853660e-03,   5.37750721e-02],
       [ -6.42802566e-02,  -1.77102946e-02,   1.59839299e-02,
          3.81790660e-02,  -8.50486979e-02,   3.44027244e-02,
          1.24259926e-01,   1.21503265e-03,   1.05932308e-03,
         -1.16591929e-02,  -6.20256066e-02,   5.01827970e-02,
         -6.22954443e-02,   6.07133694e-02,  -4.72625485e-03,
          7.04270825e-02,   3.22774425e-03,  -9.74232480e-02,
         -2.34903302e-02,  -8.28599334e-02]], dtype=float32), array([ 0.,  0.,  0.,  0.,  0.,  0.,  0.,  0.,  0.,  0.,  0.,  0.,  0.,
        0.,  0.,  0.,  0.,  0.,  0.,  0.], dtype=float32)][array([[-0.00740235],
       [ 0.02280198],
       [-0.03603619],
       [-0.03772914],
       [ 0.06326752],
       [ 0.05140242],
       [-0.00097293],
       [ 0.00885009],
       [-0.01968456],
       [ 0.00328771],
       [ 0.03775255],
       [-0.08263477],
       [ 0.11783659],
       [-0.01284216],
       [ 0.01850169],
       [-0.10565647],
       [ 0.02483583],
       [-0.01839297],
       [ 0.03791037],
       [-0.01115943]], dtype=float32), array([ 0.], dtype=float32)]