[array([[  9.96093079e-03,   4.68694925e-01,   7.83676431e-02,
         -2.34602462e-03,   2.63729431e-02,   1.33748308e-01,
          5.04713617e-02,  -8.39435518e-01,   3.18576545e-02,
         -2.54401360e-02,  -1.51954014e-02,   6.35655550e-03,
          7.46239498e-02,  -2.73815659e-03,  -3.95888686e-01,
          5.58655746e-02,  -2.25242719e-01,   6.65153787e-02,
         -1.62462946e-02,  -5.57315350e-02,  -2.13915445e-02,
         -5.10300584e-02,  -8.44674092e-03,   8.25351477e-02,
         -1.18781185e+00,  -9.62471366e-01,   5.14142103e-02,
         -6.64179623e-02,  -5.09097278e-02,  -3.16943288e-01,
         -1.42548335e+00,  -1.83711454e-01,  -6.48119254e-03,
         -1.39088733e-02,   3.80413868e-02,  -5.19499965e-02,
          5.01592383e-02,   4.93958965e-02,   1.03887928e+00,
         -6.41885176e-02,   1.38458638e-02,   7.31565237e-01,
         -2.27681594e-03,   5.46003342e+00,  -1.07959557e+01,
          1.45853655e-02,  -3.86405885e-02,   1.40753046e-01,
         -4.96924631e-02,  -4.92184162e-02],
       [ -6.59003407e-02,   4.99791712e-01,   6.19193423e-04,
         -3.03652771e-02,  -6.00317819e-03,   2.57384013e-02,
          2.72488594e-02,   1.50115579e-01,  -4.07886393e-02,
          4.87814099e-02,  -5.83979450e-02,   8.14436674e-02,
         -8.99950787e-02,  -7.71765038e-02,   2.65349895e-01,
         -8.15674197e-03,   6.67762291e-03,  -3.20341885e-02,
          8.63855530e-04,  -3.71524319e-02,   4.35581058e-02,
          1.03458865e-02,  -9.12677869e-02,   7.96628743e-02,
          2.34176755e-01,   9.42204475e-01,  -6.95044128e-03,
          5.78346252e-02,   2.23549753e-02,   1.58386394e-01,
         -2.56602138e-01,   1.14606492e-01,   7.46418117e-03,
         -1.06537510e-02,  -2.52260175e-02,  -7.41567016e-02,
          1.25034954e-02,  -2.79471818e-02,  -3.71989369e-01,
         -7.18990294e-03,   2.81885304e-02,   2.35340297e-01,
         -7.84197673e-02,  -5.40994549e+00,   1.08041821e+01,
          7.01813623e-02,  -5.43457568e-02,   4.25252989e-02,
         -7.16140196e-02,   8.17288980e-02]], dtype=float32), array([ 0.,  0.,  0.,  0.,  0.,  0.,  0.,  0.,  0.,  0.,  0.,  0.,  0.,
        0.,  0.,  0.,  0.,  0.,  0.,  0.,  0.,  0.,  0.,  0.,  0.,  0.,
        0.,  0.,  0.,  0.,  0.,  0.,  0.,  0.,  0.,  0.,  0.,  0.,  0.,
        0.,  0.,  0.,  0.,  0.,  0.,  0.,  0.,  0.,  0.,  0.], dtype=float32)][array([[ -2.00156611e-03,   1.20269857e-01,   2.33785599e-01,
          2.26804659e-01,  -8.32979918e-01,   5.38806736e-01,
          9.64506328e-01,   4.09350432e-02,   1.80396903e-02,
         -1.10075437e-01,   1.13233519e+00,  -5.28553188e-01,
          1.06853554e-02,  -2.67880112e-02,  -5.94391371e-04,
          3.27253863e-02,  -6.11131477e+00,   1.63329542e+00,
          2.58753109e+00,  -2.07998919e+00],
       [ -4.52754498e-02,  -1.92990545e-02,   1.57198489e-01,
          7.95396268e-01,   1.01782605e-01,   3.75701606e-01,
          1.27727687e+00,   1.33151323e-01,  -6.66127503e-02,
          2.10153595e-01,  -1.63097930e+00,  -1.38625488e-01,
          1.21506257e-02,   6.19216934e-02,   4.67980020e-02,
         -5.11127353e-01,   7.46896553e+00,  -2.71154785e+00,
         -2.85011649e+00,  -1.15418804e+00],
       [  7.53022209e-02,  -2.20867679e-01,   9.48273204e-03,
         -9.49711323e-01,  -4.58894670e-01,  -5.14731765e-01,
         -5.86241305e-01,   1.00884281e-01,   2.38912236e-02,
          3.24891806e-01,  -1.76693869e+00,  -5.27571829e-04,
         -7.65250996e-03,  -8.04570392e-02,  -1.57503188e-01,
         -3.20900857e-01,   3.74307680e+00,  -3.09210706e+00,
          2.33718967e+00,   3.03908795e-01],
       [  1.27974106e-02,  -1.78410532e-03,  -2.61547267e-01,
         -4.38770801e-01,   8.12411487e-01,  -6.84762359e-01,
         -3.31194192e-01,   1.04488380e-01,  -2.50713527e-02,
         -5.44860177e-02,   6.94021642e-01,   2.51271784e-01,
         -5.45317167e-03,   2.32069492e-02,   7.47781768e-02,
          1.52769089e-01,   5.48095286e-01,   1.13773024e+00,
         -1.74141169e+00,   1.13648474e+00],
       [  5.35342703e-03,  -3.73041965e-02,  -2.11483732e-01,
          6.36187494e-01,   9.67238903e-01,   7.10231006e-01,
         -6.61853850e-02,  -1.16657987e-01,   4.13863128e-03,
          4.05738614e-02,   1.54879594e+00,  -1.02984250e+00,
         -2.57732756e-02,  -2.50403173e-02,  -1.06611565e-01,
         -3.40671062e-01,  -1.38198805e+00,   2.12474251e+00,
         -2.01540160e+00,   2.34553874e-01],
       [  4.00585979e-02,  -9.62704327e-03,   5.95416538e-02,
         -2.16330186e-01,   1.97707847e-01,  -7.35005677e-01,
         -1.67108670e-01,   8.88884515e-02,   3.22428159e-02,
         -1.25919851e-02,   1.33855700e+00,  -5.73492169e-01,
          7.62819275e-02,  -1.63363162e-02,   1.25522781e-02,
         -3.90821129e-01,  -1.86181200e+00,   2.11832595e+00,
          4.85885918e-01,  -2.39458323e-01],
       [ -1.85851865e-02,   2.49380693e-01,   2.18752295e-01,
          6.29690528e-01,  -8.17340314e-01,  -1.85815299e+00,
          9.37139273e-01,   1.05666257e-02,   8.68861079e-02,
         -2.44447193e-03,  -2.82436204e+00,   7.32741177e-01,
          2.34629735e-02,  -7.30565330e-03,  -3.49291936e-02,
          1.82343870e-01,   3.62637401e+00,  -5.20404959e+00,
          5.26768267e-01,   7.13762164e-01],
       [ -2.96767689e-02,  -1.44495144e-01,   4.13374156e-01,
          1.00846410e-01,  -4.33895558e-01,  -1.67658246e+00,
          6.75326228e-01,   9.99243557e-03,   5.89315966e-02,
          1.05553448e-01,   5.08034706e-01,   2.58771360e-01,
         -6.68191537e-02,   6.46650419e-02,  -5.65011203e-02,
         -1.20878518e-01,  -2.96866345e+00,   3.44449222e-01,
          1.85006976e+00,  -1.00122869e+00],
       [  8.76729470e-03,  -1.05806291e-01,   2.64958143e-01,
          4.81986344e-01,   3.21840823e-01,  -8.70472908e-01,
          2.31984228e-01,   5.89825064e-02,  -1.25132650e-01,
         -3.30320746e-02,   9.37222779e-01,  -1.00278687e+00,
         -3.10913902e-02,   5.14446460e-02,  -4.08782177e-02,
          3.55361015e-01,   4.33218569e-01,   8.57761204e-01,
         -4.27754521e-02,  -8.79858851e-01],
       [  8.87122564e-03,  -1.19826734e-01,  -1.35513350e-01,
         -2.03077435e-01,   5.74724734e-01,   9.37660873e-01,
          1.96455583e-01,   1.81512043e-01,  -1.05167367e-01,
         -2.18886897e-01,  -1.98283458e+00,  -6.67193055e-01,
          1.95229647e-03,  -4.01689671e-02,   3.26063521e-02,
         -3.39690685e-01,   1.97518408e+00,  -2.96113539e+00,
          2.32418761e-01,   2.89336038e+00],
       [  4.69988026e-02,  -2.68628122e-03,  -1.51151836e-01,
         -1.59294283e+00,   3.43339711e-01,   5.15921712e-01,
         -5.95952943e-02,  -3.30041617e-01,   1.88328121e-02,
          9.38102156e-02,   6.32389963e-01,   2.27910504e-01,
         -1.57197029e-03,  -2.53838487e-02,   5.99316619e-02,
         -2.74029016e-01,  -1.80164576e+00,   3.86905789e-01,
         -2.81058049e+00,   2.54194283e+00],
       [  5.38298003e-02,   3.85663547e-02,   4.17946763e-02,
          1.01833716e-01,  -1.12300897e+00,   5.21025002e-01,
          9.36919510e-01,  -9.35671702e-02,   9.29266512e-02,
         -1.80821091e-01,   2.04768991e+00,  -1.22822642e+00,
         -6.75237179e-02,   9.48963687e-02,   1.05644822e-01,
         -6.14677370e-02,  -1.84222806e+00,   3.59544015e+00,
         -2.44986391e+00,  -1.33052063e+00],
       [  7.33832270e-02,  -3.87342460e-02,   3.73919576e-01,
         -5.52148283e-01,   3.40161085e-01,   1.54922247e-01,
         -1.30709246e-01,   1.76704805e-02,   3.12611349e-02,
         -8.61451700e-02,   1.77200243e-01,  -4.51051414e-01,
          3.65127437e-02,  -1.67052187e-02,  -1.20457495e-03,
         -4.12659913e-01,  -4.50170517e+00,   1.15472710e+00,
         -8.30864534e-02,  -1.12802911e+00],
       [  2.26100814e-02,   8.98946449e-02,   8.53858739e-02,
         -1.07566941e+00,  -8.35415840e-01,  -1.37608337e+00,
         -5.40070653e-01,  -1.76083326e-01,  -7.01833377e-03,
          2.06170887e-01,  -1.01688039e+00,   4.92468297e-01,
          6.55070245e-02,  -8.82182643e-02,  -1.18837416e-01,
         -1.58976927e-01,  -2.79045320e+00,  -1.50667548e+00,
          1.85677081e-01,  -4.10363054e+00],
       [  3.58315520e-02,   5.28109372e-02,   2.70181336e-02,
         -1.43249407e-01,   8.75474155e-01,  -2.63357997e-01,
         -1.85261026e-01,  -1.18523151e-01,   4.12978455e-02,
         -1.60428107e-01,   1.32181013e+00,   7.40387022e-01,
          3.81725542e-02,   5.09371748e-03,   8.77631009e-02,
         -1.17773727e-01,  -5.74202728e+00,   1.76273060e+00,
          2.28998852e+00,  -1.41238642e+00],
       [ -3.65517698e-02,   6.70548007e-02,  -8.29901025e-02,
          1.33131132e-01,  -5.60346246e-01,  -1.76826000e-01,
         -1.64333865e-01,   6.97455183e-02,  -4.31394540e-02,
         -1.77639931e-01,  -1.74707222e+00,   2.95726746e-01,
          4.25392203e-02,   5.47934771e-02,   9.68655869e-02,
          7.64174461e-02,  -2.23242510e-02,  -2.19894099e+00,
          5.66331387e-01,   1.55284196e-01],
       [ -4.54369001e-02,  -1.93757430e-01,   1.72670022e-01,
         -1.96594521e-01,  -1.59722102e+00,  -9.02723849e-01,
          2.44662911e-01,  -8.32511485e-02,  -4.02461737e-02,
         -1.46875270e-02,   7.83339977e-01,   3.40449214e-02,
          9.80816409e-02,  -5.01570962e-02,  -3.95984016e-02,
          1.95761621e-01,  -8.22423744e+00,   1.74999452e+00,
         -4.24847245e-01,   8.62623036e-01],
       [  2.57188287e-02,   1.34425104e-01,   3.39119792e-01,
         -3.10994178e-01,  -2.00183809e-01,   8.03361416e-01,
          1.00433156e-01,   5.31625526e-04,  -1.36629477e-01,
         -1.86402572e-03,  -1.49886817e-01,   2.50756890e-01,
          8.14926531e-03,  -3.83084337e-03,  -1.38391694e-02,
         -3.73201594e-02,  -9.78650153e-01,   9.25785024e-03,
          1.01179445e+00,  -6.49977267e-01],
       [  1.49664236e-02,  -2.92485096e-02,   5.52815869e-02,
         -8.05628002e-02,   7.36626565e-01,  -6.50443077e-01,
         -3.39969993e-01,  -1.12680726e-01,   1.79416183e-02,
         -1.14744417e-01,   8.18395615e-01,  -3.55896860e-01,
         -4.94213365e-02,   4.10948992e-02,   1.84701961e-02,
          1.07082236e+00,  -7.56303740e+00,   1.27451980e+00,
         -2.72121167e+00,   2.70087142e-02],
       [ -1.98607091e-02,  -6.24330044e-02,  -1.03807069e-01,
         -1.76505625e-01,   1.19851303e+00,  -5.73602736e-01,
          1.95930511e-01,  -1.18413508e-01,  -2.45113354e-02,
          4.27703969e-02,   8.14429760e-01,  -1.72282279e-01,
         -4.26491685e-02,   1.10634295e-02,   1.15308855e-02,
         -3.15946460e-01,   3.27496314e+00,   1.39603627e+00,
          1.68244720e+00,   1.13801193e+00],
       [ -7.32935173e-03,  -4.38462198e-03,   7.79352635e-02,
          9.40370619e-01,  -6.15288198e-01,  -9.37982798e-01,
          6.35709286e-01,   1.91395491e-01,   1.06633700e-01,
         -7.46323094e-02,  -2.12914634e+00,  -5.22019565e-01,
         -2.48549636e-02,   4.60839532e-02,  -2.72422489e-02,
          9.44337249e-02,   2.03536248e+00,  -3.95645475e+00,
          8.65749359e-01,  -1.49864578e+00],
       [  1.20390756e-02,   1.38195738e-01,   8.58120434e-03,
         -5.91835499e-01,   8.63181651e-02,  -1.10881698e+00,
         -2.32811466e-01,  -1.65546000e-01,   4.44154441e-02,
         -3.91179556e-03,  -8.08570743e-01,   7.96601176e-01,
          4.97532934e-02,  -4.10179654e-03,   1.41966315e-02,
         -4.92230386e-01,  -4.90540791e+00,  -1.67766345e+00,
         -1.80393088e+00,  -8.38337660e-01],
       [  1.18203321e-02,   1.27813919e-02,  -9.70700011e-02,
         -3.44551504e-02,  -4.75558400e-01,  -9.21514750e-01,
          6.86246157e-01,   1.66057914e-01,   1.83084235e-02,
          3.01570762e-02,   3.68648005e+00,   4.41808641e-01,
          2.55361237e-02,  -4.81037349e-02,   1.14036433e-01,
         -4.54632565e-03,   7.96439314e+00,   5.81998491e+00,
          4.78810012e-01,  -8.62656415e-01],
       [  1.96859823e-03,   2.52731830e-01,  -1.42756373e-01,
         -7.50281274e-01,   1.49646950e+00,  -1.67287302e+00,
          3.15795124e-01,   1.46246642e-01,  -3.62677686e-03,
          1.38521448e-01,  -2.92476678e+00,  -1.31312102e-01,
          4.14435640e-02,   8.17282423e-02,  -6.63951561e-02,
          3.07477087e-01,   3.14579058e+00,  -4.78552055e+00,
         -2.08623409e+00,   1.30548573e+00],
       [ -7.78893456e-02,   1.49969142e-02,  -1.43060982e-01,
         -3.09046954e-01,   1.63908675e-01,   5.83285391e-02,
          1.62384436e-01,  -4.71547432e-02,   6.44863024e-02,
          7.66332895e-02,  -2.02381402e-01,   1.95899233e-03,
          3.49715427e-02,  -3.56331505e-02,  -1.75262410e-02,
         -3.73009890e-01,  -8.03178698e-02,  -6.09127939e-01,
          1.55912116e-01,   1.33861363e+00],
       [ -1.22271590e-01,  -3.71343270e-02,  -1.32258656e-02,
         -7.32183635e-01,  -8.59100521e-02,  -1.21203852e+00,
         -9.82084498e-02,  -1.01666555e-01,  -3.33510004e-02,
          2.91987598e-01,  -5.45564413e-01,  -1.52809405e+00,
         -3.28600570e-03,   3.10112182e-02,   3.90112512e-02,
         -3.40682685e-01,  -3.44012332e+00,  -1.57816136e+00,
         -1.07469487e+00,   4.62128878e+00],
       [  6.19008131e-02,  -1.19038910e-01,   2.16763213e-01,
         -4.48747933e-01,   2.10713223e-01,   4.08832520e-01,
         -5.54230660e-02,  -6.41799867e-02,  -4.16507050e-02,
         -6.31448328e-02,  -6.64439201e-01,   1.03077900e+00,
         -7.30618387e-02,   3.73513810e-02,   1.42454831e-02,
          7.51063824e-01,   1.46891749e+00,  -1.23257995e+00,
         -4.90247202e+00,  -1.17356515e+00],
       [ -1.97267011e-02,  -1.24267168e-01,   3.80446911e-02,
          1.12932968e+00,  -1.60411105e-01,  -1.17189191e-01,
         -1.06516033e-01,   2.85900552e-02,  -3.43989991e-02,
         -1.48065284e-01,   2.53466010e+00,   4.36209977e-01,
          4.11408916e-02,   3.25230770e-02,   3.79241966e-02,
          2.77684689e-01,   4.00172329e+00,   3.83911228e+00,
          5.60244977e-01,   3.29537463e+00],
       [  8.15663040e-02,   7.79127553e-02,  -1.30190060e-01,
          3.10646445e-01,  -3.45529675e-01,   6.40830934e-01,
          4.19496089e-01,  -7.26693720e-02,   8.87359753e-02,
         -1.94557145e-01,  -1.91603482e+00,  -2.76040822e-01,
         -1.10667765e-01,   4.03983779e-02,  -5.49475141e-02,
         -2.78532624e-01,  -2.50016546e+00,  -3.60685301e+00,
          6.58926129e-01,  -1.23818564e+00],
       [  5.62224202e-02,  -8.57708603e-02,   2.45926917e-01,
         -2.24114418e-01,   1.27938998e+00,  -2.96417207e-01,
         -2.73918450e-01,   7.98062757e-02,  -5.29172421e-02,
         -1.68700993e-01,   1.32797027e+00,  -9.25280452e-01,
         -1.18626498e-01,   5.01171425e-02,   3.87430340e-02,
         -7.76487768e-01,   4.87594336e-01,   2.79843473e+00,
         -2.75811136e-01,  -1.54460168e+00],
       [  1.14070950e-02,   1.11947261e-01,  -4.28742766e-02,
         -2.92029172e-01,  -1.48038208e+00,   2.16574860e+00,
         -4.55104232e-01,  -4.74093221e-02,   2.48707104e-02,
          5.22664823e-02,  -2.80777603e-01,   2.23325223e-01,
         -4.71658371e-02,   1.05171027e-02,  -5.43923341e-02,
         -4.94589992e-02,  -1.11764550e+00,  -3.61124665e-01,
          1.15662587e+00,   4.99001503e+00],
       [  1.56119419e-02,  -8.88215974e-02,   1.33542150e-01,
          9.26394343e-01,   7.80314386e-01,   2.12154493e-01,
         -9.13832307e-01,  -6.75580204e-02,  -4.34066216e-03,
         -2.49174470e-03,   1.23378670e+00,   5.27544558e-01,
          1.59721393e-02,   3.93010303e-02,  -1.88941862e-02,
         -4.54044610e-01,  -1.63004184e+00,   2.91329384e+00,
         -2.93757796e+00,   1.38575959e+00],
       [  6.32741377e-02,   2.00299129e-01,   2.42449656e-01,
          1.25206932e-01,  -2.22535003e-02,   1.14516854e+00,
          3.25653285e-01,  -5.49056800e-04,   6.16528951e-02,
          9.91575792e-02,  -1.72684813e+00,  -5.55497825e-01,
          1.34728123e-02,   9.51117948e-02,   9.49966535e-02,
         -3.71479467e-02,  -2.21712518e+00,  -2.57846284e+00,
          1.83150554e+00,  -4.33219880e-01],
       [  6.32016361e-02,   1.47017986e-01,   1.87728763e-01,
         -1.56668246e-01,   1.01183724e+00,  -3.74794990e-01,
         -4.07183141e-01,   9.50419381e-02,   4.13409360e-02,
         -1.77608401e-01,   9.80622411e-01,   5.10341763e-01,
          2.26431694e-02,   6.46361038e-02,   7.66692087e-02,
          4.59774911e-01,   7.01779509e+00,   1.79330492e+00,
         -5.07836580e+00,  -4.03134882e-01],
       [  8.91643483e-03,   2.28217598e-02,  -1.47139162e-01,
         -3.00163627e-01,  -8.80814940e-02,  -1.24941885e+00,
          2.41296113e-01,  -4.94656861e-02,   1.71300340e-02,
          1.87375426e-01,   3.30806041e+00,   5.56567162e-02,
         -1.55848172e-03,   9.18095175e-04,  -9.04944614e-02,
         -4.92004365e-01,  -3.58441329e+00,   4.79651022e+00,
         -3.66428047e-01,   3.16161931e-01],
       [ -4.86393459e-03,  -2.36969627e-02,   9.12402496e-02,
         -2.79927433e-01,   6.35000229e-01,   1.09935626e-01,
         -5.38871527e-01,   1.76385157e-02,   1.14296069e-02,
          2.18320698e-01,   3.04982424e+00,  -5.90225041e-01,
         -4.89859655e-02,   3.02241780e-02,  -2.60299388e-02,
          4.94036108e-01,  -2.67692626e-01,   4.79825163e+00,
          2.83889055e-01,  -2.39587998e+00],
       [  9.95569080e-02,   1.60475269e-01,  -2.45050509e-02,
         -1.27713889e-01,   3.86106931e-02,   1.37694466e+00,
          7.06805944e-01,   2.29173943e-01,  -6.47249771e-03,
         -1.54786512e-01,   1.52088785e+00,  -7.84619153e-01,
          3.93306874e-02,  -3.96174788e-02,  -1.23008624e-01,
          3.37665528e-01,   1.19271231e+00,   1.90474629e+00,
          9.19937015e-01,   5.91372669e-01],
       [  2.56998222e-02,  -2.89455019e-02,   1.38194323e-01,
         -1.21023893e+00,   1.22988415e+00,   1.17003584e+00,
         -4.08751428e-01,   1.32383155e-02,  -5.46412282e-02,
         -5.82824647e-02,   1.80597675e+00,   3.29725146e-01,
          1.61927771e-02,   4.93846415e-03,   9.31495428e-03,
         -8.14527094e-01,   1.52510643e+00,   3.33462596e+00,
         -2.88052559e+00,   2.56136417e+00],
       [ -7.94847831e-02,  -5.49997203e-02,   8.27652588e-02,
          5.92846930e-01,   3.18698108e-01,  -1.74626619e-01,
          5.04210889e-01,  -3.87533708e-03,   3.85098793e-02,
          4.10568491e-02,  -8.41249585e-01,  -3.52869123e-01,
         -1.86666811e-03,   5.40307723e-02,   1.72028411e-02,
         -2.72529453e-01,   3.39957929e+00,  -9.90892649e-01,
         -4.68772125e+00,   2.05925727e+00],
       [ -5.65563142e-02,   1.05090439e-01,  -1.03907427e-02,
         -1.87994635e+00,   7.53338456e-01,  -3.53198349e-01,
         -1.61969513e-01,  -1.12609997e-01,  -5.82065359e-02,
         -3.98606621e-02,  -4.37173009e-01,  -5.60940504e-01,
          6.39020950e-02,   4.53811325e-02,   2.83815246e-02,
          4.45787400e-01,   3.86399865e+00,  -3.34563464e-01,
         -2.35997036e-01,  -1.25186950e-01],
       [  6.93381056e-02,   4.40744534e-02,  -2.45288476e-01,
          5.43784678e-01,   1.83663681e-01,  -7.69552469e-01,
         -5.80628663e-02,   1.84208423e-01,  -8.04648027e-02,
          1.36776417e-01,  -1.64264455e-01,   6.69514775e-01,
          2.40210984e-02,   2.07494628e-02,  -4.42999527e-02,
          3.16526115e-01,  -1.96322954e+00,  -5.62154591e-01,
          4.81521964e-01,  -9.45442796e-01],
       [  2.01406460e-02,   2.39656810e-02,   1.94776848e-01,
         -5.08293748e-01,  -1.75378704e+00,   5.06986380e-01,
          4.94718522e-01,  -3.09439711e-02,  -7.89066777e-02,
         -2.46262792e-02,   1.01487875e+00,   1.32125840e-01,
          2.17855293e-02,   4.85778116e-02,   3.68046425e-02,
         -4.78457242e-01,  -3.11953354e+00,   1.73393548e+00,
          3.12651038e+00,   6.47056818e-01],
       [ -1.49327982e-02,   1.89311147e-01,  -3.50683294e-02,
         -1.07387233e+00,  -6.16201162e-01,  -4.19036508e-01,
          2.08438009e-01,   2.48298675e-01,   6.21546321e-02,
         -8.82046744e-02,  -7.12358832e-01,   1.31045008e+00,
          5.78962453e-02,   1.05447592e-02,   3.86385508e-02,
          3.57444465e-01,   7.81377172e+00,  -1.21477532e+00,
          3.46236899e-02,   3.80567342e-01],
       [ -3.58153507e-03,  -2.55457222e-01,   1.65936500e-01,
         -1.16048968e+00,   5.77484488e-01,  -1.99898794e-01,
         -3.16702455e-01,   5.59276668e-03,   1.16916457e-02,
         -1.25899732e-01,   6.13145530e-01,   8.72163594e-01,
          1.24849372e-01,  -5.64248636e-02,   5.47808073e-02,
         -3.91933978e-01,   1.68608570e+00,   7.50391126e-01,
         -1.68506241e+00,   1.22812833e-03],
       [ -4.90586879e-03,  -1.22426823e-01,  -1.48699852e-02,
         -4.68999654e-01,   7.59528697e-01,   1.11167157e+00,
         -8.78818892e-03,   1.50371594e-02,   1.02037452e-01,
         -4.75462787e-02,  -1.30681956e+00,   2.43790194e-01,
         -6.99362624e-03,   7.35997781e-02,  -8.50819796e-02,
          1.53123334e-01,  -8.03181708e-01,  -2.58237028e+00,
          2.20162034e+00,  -2.66157722e+00],
       [ -2.08461881e-02,  -1.56188503e-01,   2.22411558e-01,
         -1.68907672e-01,   7.48275742e-02,   8.33758712e-01,
          7.56558597e-01,  -3.30721065e-02,   3.01164072e-02,
         -1.01102047e-01,  -2.85911489e+00,   8.73983085e-01,
         -5.67679480e-02,  -2.86132377e-02,   5.79156466e-02,
         -7.68565014e-02,   7.80554819e+00,  -5.25160408e+00,
         -2.10329875e-01,   1.04107475e+00],
       [  5.99373467e-02,  -1.07016243e-01,   1.53082032e-02,
         -6.75140619e-02,  -8.74430358e-01,   5.54890871e-01,
         -4.19587493e-01,  -1.72337487e-01,  -2.86120605e-02,
          5.97427711e-02,  -1.90719938e+00,  -2.10169673e-01,
         -1.51192471e-02,   1.39285577e-02,  -3.18909846e-02,
          5.96063614e-01,   7.89444685e-01,  -3.05876637e+00,
         -5.17150521e-01,   1.56006917e-01],
       [ -2.55681816e-02,   5.30457422e-02,  -8.03621411e-02,
          2.42220783e+00,   5.12247741e-01,   6.60553694e-01,
          4.95152295e-01,  -1.93688780e-01,   1.85014252e-02,
          2.89305318e-02,   2.43611073e+00,  -2.37900749e-01,
          1.42582878e-02,  -1.68303177e-02,   5.01371687e-03,
         -2.67863959e-01,   3.53458929e+00,   3.90194416e+00,
         -7.54560471e-01,   1.15212119e+00],
       [  1.25409082e-01,   7.36125931e-02,  -1.50566638e-01,
          5.40514410e-01,  -6.48057401e-01,   1.95824420e+00,
          9.55743268e-02,   2.08823800e-01,   1.83655359e-02,
         -1.47665069e-01,  -1.65307200e+00,  -9.00390685e-01,
         -2.23679114e-02,   4.30330960e-03,  -6.86377138e-02,
          8.05290401e-01,   1.31283319e+00,  -3.13319683e+00,
         -2.49719396e-01,   1.55393136e+00],
       [  3.90800871e-02,  -7.96362478e-03,  -7.87028521e-02,
          4.35830206e-01,  -1.67798102e+00,   4.73217249e-01,
         -9.54440355e-01,   4.07810044e-03,   3.02342675e-03,
         -1.13964543e-01,   1.04231060e+00,   7.85547376e-01,
          6.41931146e-02,   4.81606647e-02,  -1.16339706e-01,
          4.41567093e-01,   3.96467471e+00,   2.22260213e+00,
         -1.59950852e+00,   1.09210098e+00]], dtype=float32), array([ 0.,  0.,  0.,  0.,  0.,  0.,  0.,  0.,  0.,  0.,  0.,  0.,  0.,
        0.,  0.,  0.,  0.,  0.,  0.,  0.], dtype=float32)][array([[ -0.26456925],
       [ -3.07770824],
       [  0.81431627],
       [  8.31929588],
       [ -9.98361206],
       [  7.69159222],
       [ -9.93805695],
       [  4.78094053],
       [  6.69943523],
       [  2.3950491 ],
       [ -1.60513318],
       [  4.3219595 ],
       [ -1.27648926],
       [  5.63477325],
       [ 12.43549061],
       [  2.50663471],
       [  2.82766271],
       [  0.32153982],
       [  5.66724396],
       [ -5.35215378]], dtype=float32), array([ 0.], dtype=float32)]