[array([[-0.12988299,  0.04579678, -0.00611487,  0.02127601, -0.00039296,
         0.07713525,  0.04941788, -0.00593234,  0.04905949,  0.1415513 ,
         0.00471103,  0.05621064, -0.01955181, -0.00082045,  0.08882733,
         0.01697949, -0.02596011,  0.01713315,  0.031131  ,  0.03733761,
        -0.04529104, -0.04901245,  0.01786808,  0.02637122, -0.04362283,
        -0.00491464,  0.04563637, -0.05284818,  0.05263309, -0.00597   ,
         0.06210036,  0.00148445,  0.05398206,  0.01161236, -0.07809005,
        -0.08663734, -0.02537511,  0.03872636, -0.03039256,  0.02375063,
         0.02952432,  0.00220622, -0.00934265,  0.00805792, -0.03241248,
         0.05296513,  0.05677828,  0.02200368, -0.03687203,  0.05119668],
       [ 0.06345265, -0.06719231,  0.05630333, -0.05189636, -0.01588217,
         0.01239905, -0.01550892, -0.03987297,  0.01962456,  0.05031137,
        -0.02321387,  0.07279224, -0.02948385, -0.02400694,  0.0723614 ,
         0.02335955,  0.00030462, -0.01960538,  0.00349228,  0.08849605,
         0.00271224,  0.00356665,  0.05656368, -0.00889377,  0.08013797,
         0.01216847, -0.02695116, -0.07954399, -0.08636377, -0.0073218 ,
        -0.06222054,  0.02587418, -0.02348825, -0.08555008,  0.01731034,
        -0.06070587, -0.01748711,  0.02300135,  0.06397711, -0.05955361,
         0.04371993,  0.07219234, -0.0883074 , -0.09050909, -0.00957511,
        -0.0336104 , -0.00597901,  0.07008184,  0.04732347, -0.00462245]], dtype=float32), array([ 0.,  0.,  0.,  0.,  0.,  0.,  0.,  0.,  0.,  0.,  0.,  0.,  0.,
        0.,  0.,  0.,  0.,  0.,  0.,  0.,  0.,  0.,  0.,  0.,  0.,  0.,
        0.,  0.,  0.,  0.,  0.,  0.,  0.,  0.,  0.,  0.,  0.,  0.,  0.,
        0.,  0.,  0.,  0.,  0.,  0.,  0.,  0.,  0.,  0.,  0.], dtype=float32)][array([[  3.81963328e-03,   1.76990964e-02,  -6.04242273e-03,
         -4.60730530e-02,  -9.51025449e-03,   2.98845652e-03,
          8.81904364e-02,   1.81080643e-02,  -6.45973114e-03,
          7.44400248e-02,  -3.28227133e-02,   9.30433944e-02,
         -5.42553440e-02,   2.79711909e-03,   9.89839621e-03,
         -2.93445569e-02,   2.89222635e-02,  -2.03943010e-02,
          5.49923442e-02,   1.15993790e-01],
       [ -5.08137606e-02,   6.24236129e-02,   3.73587459e-02,
         -4.22258079e-02,  -2.12978125e-02,   5.94098978e-02,
          2.39032097e-02,  -2.49708425e-02,  -6.11357717e-03,
         -2.62972955e-02,  -6.63773203e-03,   6.26650155e-02,
         -1.00322170e-02,  -1.68447047e-02,  -2.78973766e-02,
          6.40745312e-02,   4.21887599e-02,   5.51775396e-02,
         -4.96085472e-02,   3.69317457e-02],
       [ -8.73468742e-02,  -2.01014094e-02,   4.16950211e-02,
         -6.72388300e-02,  -5.95224574e-02,   6.16016388e-02,
          5.48570864e-02,   4.85782623e-02,  -5.70397563e-02,
          3.37428949e-03,   1.05039170e-02,   8.10761470e-03,
         -9.70255118e-03,   6.06000014e-02,  -4.28254530e-02,
          1.11546572e-02,   6.88474998e-02,  -2.25399155e-02,
          2.62233261e-02,  -7.23524392e-03],
       [  1.08275181e-02,   1.95488147e-02,  -2.40514744e-02,
          2.78001260e-02,  -2.98124040e-03,  -4.73817140e-02,
         -6.25673383e-02,   4.40552123e-02,  -1.67151876e-02,
          6.46056980e-02,   1.15320757e-01,   5.27474172e-02,
         -5.14177047e-02,   1.74234640e-02,  -5.85074816e-03,
         -7.24666417e-02,  -4.04342823e-02,  -9.02367905e-02,
         -6.14494970e-03,   1.49608999e-02],
       [ -2.03184299e-02,   5.88098960e-03,  -9.23799444e-03,
          4.08214591e-02,  -8.68272409e-02,   2.18779203e-02,
          1.60444975e-02,   3.59682217e-02,  -5.17159887e-02,
          6.12159856e-02,   8.43867734e-02,   3.29626463e-02,
          1.62001830e-02,  -4.50303480e-02,  -3.31823789e-02,
         -5.01636183e-03,  -5.36157899e-02,   1.06382547e-02,
          3.31742130e-02,   2.33261827e-02],
       [ -7.95140397e-03,  -6.00611232e-02,   2.71297824e-02,
         -7.36274645e-02,   3.84577028e-02,   8.11066926e-02,
         -3.39953415e-02,  -4.65630814e-02,   4.24206117e-03,
         -4.66518328e-02,  -1.73544977e-02,   2.36026403e-02,
          1.96242030e-03,   7.80932531e-02,   2.45407205e-02,
         -1.71991643e-02,  -2.38467194e-02,   1.05130509e-01,
          2.39891820e-02,   3.65506709e-02],
       [  1.92595571e-02,   6.31302372e-02,  -5.34076169e-02,
         -9.70815942e-02,  -6.68106824e-02,   6.02413900e-02,
          7.08486512e-02,   6.12567877e-03,  -1.18997516e-02,
          1.35896010e-02,   9.17873308e-02,   8.34999755e-02,
          1.26294559e-02,   4.86951880e-03,   3.62261496e-02,
         -9.31343995e-03,  -1.06675057e-02,   2.42774095e-02,
          1.94404703e-02,   2.94064935e-02],
       [ -2.41928212e-02,  -5.27473865e-03,   4.56202142e-02,
          2.89478451e-02,   9.57224797e-03,  -3.44027840e-02,
          8.22092581e-04,  -1.17805530e-03,   4.18168940e-02,
          1.41909719e-01,   5.31102717e-02,   1.33831445e-02,
         -9.66654643e-02,   4.91026826e-02,  -3.82021852e-02,
         -1.38799716e-02,  -2.28665937e-02,   7.68321604e-02,
          9.79714841e-02,  -9.00034234e-02],
       [  3.87598090e-02,   4.06841412e-02,  -8.78182277e-02,
          1.92627832e-02,  -2.69360431e-02,  -9.67894122e-02,
          5.29855788e-02,  -2.98356507e-02,   1.72959846e-02,
          8.04382190e-03,   8.29282179e-02,   2.66079847e-02,
         -7.54756108e-02,   5.08856475e-02,   4.28648405e-02,
          1.48848817e-01,   5.69343232e-02,  -4.14456241e-02,
          5.93452714e-02,   2.94355247e-02],
       [  8.35131202e-03,   3.33369486e-02,  -9.50835831e-03,
          5.04841767e-02,  -2.10498627e-02,  -4.40756939e-02,
         -4.19719592e-02,   3.13709639e-02,   3.06746103e-02,
         -7.03416839e-02,   6.31363764e-02,  -6.53438866e-02,
          5.62432669e-02,   3.66410613e-02,   4.60561030e-02,
          2.11180132e-02,  -3.60051095e-02,  -1.00022472e-01,
          1.76122729e-02,  -4.27718759e-02],
       [ -5.15918322e-02,   8.62863138e-02,   3.61090340e-02,
         -4.86883000e-02,  -1.86225846e-02,  -1.29445186e-02,
          6.11651614e-02,   3.02396510e-02,  -1.89736411e-02,
         -1.81202572e-02,   9.42472741e-02,   5.32543007e-03,
          1.13263838e-01,   3.32513620e-04,  -2.92356703e-02,
          6.57043010e-02,  -4.82734144e-02,   1.16240881e-01,
          1.30046038e-02,   1.56028224e-02],
       [  4.62611429e-02,  -3.18201892e-02,   4.47214693e-02,
         -2.68531439e-04,   1.59706622e-02,   4.99066003e-02,
          7.06621706e-02,   6.25788942e-02,  -5.60630932e-02,
         -5.16907349e-02,   5.17687574e-02,   3.84921692e-02,
          4.12739664e-02,  -1.64863374e-02,  -3.92386457e-03,
         -8.39337148e-03,   5.98024670e-03,   2.96330731e-02,
          1.54670253e-02,  -1.17989769e-02],
       [ -8.81071016e-03,   1.08425520e-01,  -2.39311215e-02,
          5.46250232e-02,   3.78347561e-02,  -1.16287075e-01,
          5.90674691e-02,  -6.92439917e-03,   5.40731214e-02,
          1.76942465e-03,   1.37331011e-02,  -2.26560095e-03,
          1.04414474e-03,  -1.08874915e-02,  -3.84502634e-02,
         -8.81912112e-02,   6.89768940e-02,  -8.44727084e-02,
          1.01403119e-02,  -5.22202142e-02],
       [ -3.79019277e-03,  -6.01622239e-02,   1.33678038e-02,
          1.69378966e-02,   8.44951198e-02,   3.54292840e-02,
          8.21518227e-02,   1.00929886e-02,  -5.27544087e-03,
          1.02059674e-02,   7.10642859e-02,  -3.95910852e-02,
          7.35600805e-03,   3.45448367e-02,   3.80206816e-02,
         -5.76922297e-02,  -8.54950026e-03,  -9.51427072e-02,
          5.62079847e-02,  -2.47994065e-02],
       [ -1.40092298e-02,   7.87559431e-03,  -6.52698753e-03,
         -1.85823422e-02,  -2.35651378e-02,  -5.02125025e-02,
         -9.94584262e-02,   1.92814860e-02,  -9.68578085e-02,
         -4.17407788e-02,  -3.96966785e-02,   1.48007888e-02,
          3.23768072e-02,   2.50299964e-02,  -2.47581070e-03,
          4.72124554e-02,   7.83001110e-02,   4.15573642e-02,
          1.82867236e-02,  -5.94615415e-02],
       [ -2.55633295e-02,  -3.41547579e-02,  -6.40872195e-02,
         -1.19515499e-02,  -2.60782745e-02,  -7.50040710e-02,
          3.69249545e-02,   7.41681978e-02,  -1.00447908e-01,
          5.38351946e-02,  -9.39180516e-03,  -9.97736864e-03,
         -2.73567438e-02,  -4.03030626e-02,   5.10880612e-02,
          1.21059874e-02,   1.03561834e-01,  -5.06827049e-02,
         -1.28244460e-02,  -9.04271659e-03],
       [  6.62298454e-03,  -4.17879932e-02,   9.83483419e-02,
          4.47507352e-02,  -2.55724620e-02,   1.01196684e-01,
          5.88580966e-02,   1.65100247e-02,  -5.01315296e-02,
          1.54532744e-02,   9.93792340e-02,   1.16935861e-03,
         -3.31234816e-03,  -1.62459146e-02,   1.06296828e-02,
         -1.99817810e-02,  -3.45751527e-03,   1.31559987e-02,
          6.42540976e-02,  -4.91736606e-02],
       [ -1.23527227e-02,  -1.10658363e-01,  -7.20926970e-02,
          1.90030150e-02,   6.98909089e-02,   3.11392676e-02,
          6.88949600e-02,   6.50471225e-02,  -1.49276396e-02,
         -3.90380435e-02,   7.05026928e-03,   2.86962232e-03,
          5.48160784e-02,  -3.73287126e-02,   6.36013672e-02,
          2.02771090e-02,   2.82817688e-02,   5.08197062e-02,
          5.20138443e-02,   6.44376799e-02],
       [ -6.27112985e-02,   1.27188906e-01,   1.11839764e-01,
          7.17518255e-02,  -6.91387653e-02,  -1.40152369e-02,
         -2.34294264e-03,   2.22343020e-02,   4.20185551e-03,
          5.50445914e-02,  -7.58814812e-03,  -2.93732081e-02,
          9.33700725e-02,  -1.26290014e-02,  -8.76652524e-02,
         -2.87193246e-03,  -5.19918092e-02,   1.01554266e-03,
         -9.62824151e-02,   1.70669723e-02],
       [ -4.75431383e-02,  -5.51211461e-03,   2.17866506e-02,
          2.21934523e-02,   7.31377006e-02,  -6.03101552e-02,
          7.14157289e-03,   2.97737718e-02,  -1.13743939e-01,
         -9.13554877e-02,  -4.13010799e-04,   1.12945270e-02,
          1.89613607e-02,   8.56477022e-02,   7.79491439e-02,
          5.19908499e-03,  -9.46582481e-03,   3.76444869e-03,
          1.49785792e-02,   2.95733567e-02],
       [  7.95087665e-02,  -4.03790139e-02,  -7.90435530e-04,
         -5.85842729e-02,  -5.28850779e-03,  -1.98913403e-02,
          3.63406390e-02,  -2.89002340e-02,   2.07056198e-02,
          1.78608000e-02,   5.27766393e-03,  -2.31508706e-02,
         -6.44844621e-02,   4.99563068e-02,  -1.52570405e-03,
         -1.69722494e-02,   8.54384974e-02,  -4.96110618e-02,
         -2.30183788e-02,  -9.81347039e-02],
       [  4.38393541e-02,   1.07316943e-02,   2.28549112e-02,
          7.28140725e-03,  -9.02848393e-02,  -1.26086790e-02,
         -2.78939698e-02,   6.69250339e-02,   7.11102709e-02,
         -5.90376742e-02,   4.56224754e-03,  -9.59386956e-03,
          8.66318215e-03,   6.93529025e-02,   2.14325916e-02,
         -6.22174405e-02,   2.93629821e-02,   1.87129360e-02,
         -1.78827178e-02,  -5.90099990e-02],
       [ -2.27515288e-02,  -8.90452787e-02,  -1.97555758e-02,
         -1.64512992e-02,   2.51657348e-02,   5.94139472e-02,
         -1.59658324e-02,   1.16943911e-01,   3.33247595e-02,
         -5.23305498e-02,  -5.50842881e-02,   1.58588171e-01,
         -8.54305457e-04,  -4.34928611e-02,   4.30757739e-02,
         -2.16500424e-02,   9.66293961e-02,   7.35263992e-03,
          4.60930131e-02,  -1.30177587e-02],
       [  6.23696204e-03,   2.15489399e-02,  -1.73049960e-02,
          3.44904624e-02,  -1.94244795e-02,   2.35564020e-02,
          5.44414110e-02,  -3.04955225e-02,   5.81741109e-02,
          2.23589819e-02,  -1.66049749e-02,   1.11186601e-01,
         -4.34332751e-02,  -5.34379669e-02,  -4.03254367e-02,
          5.39143644e-02,   3.73178571e-02,  -3.94404726e-03,
         -3.33726183e-02,   7.44359940e-03],
       [  6.69022882e-03,  -3.64479609e-02,   9.83072966e-02,
         -1.63139161e-02,   2.83391662e-02,   7.50696138e-02,
          4.16746065e-02,  -2.35107988e-02,  -9.45272967e-02,
         -3.99204902e-02,  -6.27185628e-02,   5.59360683e-02,
         -6.55351160e-03,  -4.78581749e-02,   2.14114115e-02,
          8.66465047e-02,  -5.39329313e-02,   7.81073794e-02,
          1.59770902e-02,   3.64517719e-02],
       [ -7.54529163e-02,   3.13103050e-02,   3.61162834e-02,
          3.48479003e-02,  -7.27356458e-03,   2.08510160e-02,
         -9.54378694e-02,   3.24596390e-02,   9.17868912e-02,
          1.22093931e-01,  -1.71740744e-02,   1.56706329e-02,
          1.38975605e-01,   8.45264178e-03,   8.40694979e-02,
         -4.53200899e-02,   5.29013462e-02,  -3.07624321e-02,
          2.87980232e-02,   3.87925468e-02],
       [  6.04775809e-02,  -6.35742024e-02,  -5.64951599e-02,
          2.99687777e-02,  -5.37958555e-02,  -3.88370864e-02,
          9.03166924e-03,  -5.95782697e-02,  -7.72822201e-02,
         -7.34738866e-03,   3.66983726e-03,   1.18072085e-01,
         -5.75404726e-02,   7.50095025e-02,  -8.83779675e-03,
         -1.63312573e-02,   8.68533403e-02,  -2.82909367e-02,
         -3.59171964e-02,   3.40800211e-02],
       [ -1.45646753e-02,  -2.86863334e-02,  -3.41654383e-02,
          3.16455849e-02,  -4.72320281e-02,  -4.86478508e-02,
          2.35372763e-02,   6.74265921e-02,  -5.96170872e-03,
          4.43195552e-02,   4.56478726e-03,  -3.48948799e-02,
          1.35159334e-02,   2.23959191e-03,   4.90249172e-02,
         -4.58722264e-02,  -2.63722073e-02,  -5.41450270e-02,
         -9.52669326e-03,  -2.07190197e-02],
       [ -3.29994829e-03,   2.20988374e-02,   1.10045426e-01,
          8.17226991e-02,   6.19575679e-02,   5.85152693e-02,
         -4.30511944e-02,  -2.18323525e-02,  -2.27117259e-03,
          9.44012702e-02,   3.16660702e-02,  -1.59899723e-02,
         -8.59038159e-02,   1.02916718e-01,  -9.56406351e-03,
         -7.06141219e-02,  -2.02715583e-02,   5.11102937e-02,
         -6.08827583e-02,  -3.97870690e-02],
       [  3.74050513e-02,  -4.14088741e-02,  -1.67678948e-02,
         -7.96025270e-04,   8.73743519e-02,   5.44596501e-02,
         -5.01691476e-02,  -3.39007340e-02,  -5.63403592e-03,
         -1.05823744e-02,  -1.24753853e-02,  -1.72554906e-02,
          9.23255365e-03,  -2.70010182e-03,   3.37769873e-02,
         -6.08146898e-02,   2.30427328e-02,  -6.89451620e-02,
         -2.32679751e-02,   1.56573132e-02],
       [ -3.30458879e-02,   1.68282520e-02,   6.98913783e-02,
         -1.78287160e-02,  -1.71922985e-02,   2.13996228e-02,
         -2.71111932e-02,   2.49850750e-02,   4.03901748e-02,
         -1.04937769e-01,   1.08851388e-01,  -8.24399590e-02,
          4.22103815e-02,   4.40271460e-02,   8.03240295e-03,
         -2.67364979e-02,  -7.73050338e-02,  -6.23650514e-02,
         -7.61935813e-03,   7.39512667e-02],
       [ -4.80723418e-02,  -2.78837141e-02,  -3.99036817e-02,
          3.78638543e-02,   9.36957374e-02,   3.42171155e-02,
          1.02403462e-01,  -5.97806983e-02,   1.89614333e-02,
         -2.80704685e-02,   8.16278253e-03,  -1.50416968e-02,
          7.40406439e-02,   6.14219718e-02,   3.68852876e-02,
         -2.64721569e-02,   1.19780116e-02,   2.96043959e-02,
          5.52337281e-02,  -7.16854632e-02],
       [ -3.35282348e-02,   1.25965878e-01,  -3.18185538e-02,
          5.74930422e-02,   1.30853606e-02,  -5.27935810e-02,
         -8.24128240e-02,   5.00740074e-02,   6.98146895e-02,
          3.47573571e-02,   6.27050584e-04,  -3.53073739e-02,
          1.95540320e-02,  -3.53774219e-03,  -2.02843826e-02,
          4.81754122e-03,  -5.78836421e-04,   7.10716471e-02,
         -2.09200606e-02,   5.03581529e-03],
       [  1.24340868e-02,  -2.29549073e-02,   7.12535977e-02,
         -8.50931276e-03,   6.85724169e-02,   9.17532295e-02,
          7.75929913e-03,   1.06994130e-01,   1.79118346e-02,
          1.53458882e-02,  -1.98100787e-02,  -6.05299138e-02,
          6.79504797e-02,  -1.62229370e-02,  -9.28867310e-02,
         -2.16104891e-02,  -6.11730181e-02,  -3.41403447e-02,
          1.31458370e-02,  -4.66484986e-02],
       [  3.28935124e-02,   3.24360165e-03,   3.32559943e-02,
         -9.55416635e-02,   7.80723616e-02,  -1.46163777e-02,
         -1.91289466e-02,  -3.25129107e-02,   1.95691790e-02,
          7.43012642e-03,  -1.58366635e-02,   2.17149835e-02,
         -1.02848643e-02,   1.46169057e-02,   5.16401529e-02,
          8.59076083e-02,   3.17958258e-02,  -5.85915223e-02,
         -2.60763858e-02,  -2.78165396e-02],
       [ -4.25356999e-02,  -1.19965831e-02,  -2.24486496e-02,
         -6.19864427e-02,   7.37702996e-02,   4.01017703e-02,
         -5.62070170e-03,   1.07867457e-02,   5.10036908e-02,
          6.96743578e-02,  -4.77302028e-03,   2.89643947e-02,
         -2.48057116e-02,  -1.26878962e-01,   2.16351300e-02,
         -6.22481517e-02,   4.23333347e-02,  -4.66822051e-02,
          2.93013696e-02,   6.61548674e-02],
       [  3.74422222e-02,   3.46987732e-02,   1.73425041e-02,
         -2.56949868e-02,   4.99584377e-02,  -4.78375182e-02,
         -4.44144681e-02,   3.99799319e-03,   4.92587276e-02,
          2.02990323e-02,  -1.32908477e-02,  -7.07582338e-03,
         -4.58110273e-02,  -3.63065451e-02,  -1.45090804e-01,
         -4.31804024e-02,   7.21437633e-02,  -2.54284833e-02,
          3.95005606e-02,   1.06033785e-02],
       [  1.45786253e-04,   4.56602983e-02,  -5.10118715e-02,
          5.69466166e-02,   5.29051526e-03,   4.33894359e-02,
         -9.33985338e-02,   7.29541704e-02,   6.31619096e-02,
         -2.59239953e-02,  -8.64131674e-02,   1.19296812e-01,
         -1.18351756e-02,   4.07746881e-02,   1.50700184e-02,
         -3.71910557e-02,   7.72123933e-02,   7.46477861e-03,
         -3.50516587e-02,   2.63053160e-02],
       [ -1.81487706e-02,  -5.94822764e-02,   6.68993294e-02,
         -4.69435267e-02,   1.01310033e-02,   8.06020945e-03,
         -2.93917246e-02,  -2.00356506e-02,   9.08136293e-02,
         -3.10570542e-02,  -5.40581942e-02,  -4.77333218e-02,
          3.29852477e-02,  -3.24709690e-03,   4.23325039e-02,
          2.12507602e-02,  -3.63832526e-02,  -6.12958856e-02,
          2.28504723e-04,   1.65669415e-02],
       [ -3.87701802e-02,   1.53914904e-02,  -1.39642507e-02,
         -6.13404475e-02,  -3.87104712e-02,  -1.81776136e-02,
         -7.09777027e-02,   3.16957608e-02,   5.41169643e-02,
         -2.71749380e-03,  -3.29238176e-02,   5.71612529e-02,
         -1.90586189e-03,  -4.17499468e-02,   5.58548681e-02,
         -6.59439480e-03,   6.74803695e-03,   3.81114595e-02,
         -2.76099946e-02,   2.23499257e-02],
       [  7.82162622e-02,  -6.09822273e-02,  -4.84010987e-02,
         -5.87115586e-02,  -7.50110075e-02,  -7.37807080e-02,
          8.59043840e-03,   5.81151322e-02,   3.03723123e-02,
          2.13826774e-03,   2.59178076e-02,  -6.45892993e-02,
          2.56145298e-02,   7.90150464e-03,   1.96538549e-02,
         -1.60602257e-02,   3.39748077e-02,  -2.65663657e-02,
          4.54200655e-02,  -7.99840596e-03],
       [  3.24246809e-02,  -3.61574367e-02,   5.06276323e-04,
          2.17528548e-02,  -6.10807426e-02,   7.73360655e-02,
          3.24348174e-03,  -1.66222956e-02,   6.39149770e-02,
          3.79219167e-02,  -5.30145355e-02,  -3.32392124e-03,
         -1.79224871e-02,  -3.75768319e-02,   2.52263043e-02,
         -1.92245990e-02,  -5.79127781e-02,  -3.52535211e-02,
         -8.31399336e-02,   3.14078480e-02],
       [ -2.80139390e-02,   2.08045430e-02,   4.79057096e-02,
         -6.42011389e-02,   1.30517427e-02,  -1.82931088e-02,
         -1.50013401e-03,  -1.11738862e-02,  -9.21298284e-03,
         -8.51243734e-04,   1.04466686e-02,   3.59616242e-02,
         -7.48735219e-02,  -1.08741164e-01,   1.65428109e-02,
          7.88553152e-03,  -5.63209914e-02,  -3.73967364e-02,
          3.63237858e-02,   8.44838768e-02],
       [  7.67897516e-02,  -2.28618341e-03,   1.34071577e-02,
         -5.14265907e-04,   2.62075905e-02,   2.71517062e-03,
         -6.13660216e-02,   4.62786332e-02,   9.93697066e-03,
         -1.39405668e-01,  -2.46486291e-02,   1.24081992e-01,
          2.84664780e-02,   3.77033651e-02,  -1.23759275e-02,
          3.44551913e-02,  -5.60342446e-02,  -4.26269397e-02,
         -6.12436906e-02,   3.78192365e-02],
       [  2.37969737e-02,   5.75457700e-02,   5.76268928e-03,
          1.80557538e-02,   5.34694195e-02,   3.83691713e-02,
          9.27278027e-03,  -5.08317538e-03,   8.61182362e-02,
         -4.90872515e-03,  -2.13910826e-02,  -1.01319589e-02,
         -4.08404917e-02,   9.36269760e-03,  -1.23141855e-02,
          5.68862446e-03,  -1.24220764e-02,   2.70843562e-02,
         -1.95075888e-02,   1.14260279e-01],
       [  3.55199911e-02,   4.96783070e-02,   1.38028357e-02,
          3.64254341e-02,   9.67627689e-02,   4.87785451e-02,
          4.36005257e-02,  -1.11760385e-02,   3.98025103e-02,
         -1.75407529e-02,  -2.63972883e-03,   3.44946585e-03,
         -4.27611805e-02,  -4.30119177e-03,  -2.46600201e-03,
         -2.99604423e-02,  -5.73162828e-03,   3.14146392e-02,
         -3.97656821e-02,  -1.31310644e-02],
       [  7.08291447e-03,   2.39607366e-03,  -1.95990386e-03,
         -4.44841199e-02,  -3.54892090e-02,  -3.29801254e-03,
         -5.41633647e-03,   1.41233802e-02,   6.62750527e-02,
          4.79713492e-02,   7.39094242e-03,   1.27862645e-02,
          5.51385768e-02,  -3.94973718e-03,  -3.65361609e-02,
          2.57028844e-02,  -5.17352484e-02,   1.03551038e-02,
          6.13916218e-02,  -1.65264700e-02],
       [  2.55575031e-02,   2.03598104e-02,   2.20351126e-02,
         -5.74812405e-02,  -9.77057125e-03,  -4.98214662e-02,
         -1.11819422e-02,   2.78710555e-02,   5.08189462e-02,
         -1.29571212e-02,   1.43094698e-03,   1.67248659e-02,
          7.16086803e-03,   2.85641793e-02,   2.09897049e-02,
         -3.74931619e-02,   3.44702266e-02,   4.69379984e-02,
         -2.32979767e-02,  -4.14255671e-02],
       [ -3.83322537e-02,   2.80682184e-02,   9.04572234e-02,
         -9.40789208e-02,   6.54361397e-02,  -1.55863883e-02,
          2.83405520e-02,  -5.91045506e-02,   2.22984292e-02,
         -5.31262457e-02,  -1.41354427e-02,  -2.04038005e-02,
         -4.73529063e-02,  -5.44113200e-03,   2.11744960e-02,
         -3.50405015e-02,   2.42406446e-02,  -2.25895848e-02,
         -7.09407553e-02,  -4.49295975e-02],
       [ -4.87386063e-02,  -1.28196059e-02,   7.69050792e-02,
         -2.46139355e-02,  -1.60415040e-03,   2.92759370e-02,
          1.32875948e-03,  -6.31385446e-02,  -1.97192095e-02,
         -4.43407781e-02,   5.06019406e-02,  -1.77042484e-02,
          6.60792515e-02,   8.45039636e-02,  -8.71584099e-03,
          3.12261675e-02,  -5.61546255e-03,  -9.93283316e-02,
          5.44994883e-02,   8.18985328e-02]], dtype=float32), array([ 0.,  0.,  0.,  0.,  0.,  0.,  0.,  0.,  0.,  0.,  0.,  0.,  0.,
        0.,  0.,  0.,  0.,  0.,  0.,  0.], dtype=float32)][array([[ 0.11109386],
       [ 0.04881936],
       [ 0.05707217],
       [-0.01356052],
       [-0.08510301],
       [-0.07644702],
       [ 0.00377642],
       [ 0.01515563],
       [ 0.10425489],
       [ 0.00684583],
       [-0.05307174],
       [-0.04201404],
       [-0.00183202],
       [-0.02200897],
       [-0.04562443],
       [ 0.07650938],
       [ 0.03401696],
       [ 0.01129405],
       [ 0.00029417],
       [ 0.00250101]], dtype=float32), array([ 0.], dtype=float32)]