[array([[ -5.29944658e-01,   9.79029164e-02,   2.30053902e-01,
          3.76029611e-02,  -1.32911950e-01,   6.98000076e-04,
         -4.65235859e-02,  -3.40060033e-02,   7.16093108e-02,
         -2.80174799e-02,  -1.99757263e-01,  -3.26561555e-02,
         -3.42939459e-02,   1.14682792e-02,   6.66478043e-03,
         -1.01347249e-02,   3.34751457e-02,   3.71294022e-02,
          4.34429944e-02,  -9.05943811e-02,  -3.52900960e-02,
         -5.78271709e-02,  -4.74090613e-02,   1.13173716e-01,
         -8.72324314e-03,   8.94628912e-02,  -3.27527225e-02,
          1.93072543e-01,  -9.90883589e-01,  -4.24872339e-01,
         -6.99323742e-03,  -5.55660911e-02,  -4.23132926e-02,
          6.35567605e-02,  -1.48178384e-01,   5.42080589e-02,
         -5.87048009e-02,   8.47107172e-02,   2.62546577e-02,
         -6.16678260e-02,  -7.89630860e-02,  -7.50190541e-02,
          4.22923751e-02,   6.10376708e-03,  -2.26936955e-02,
         -7.75429979e-02,   1.54320995e-04,   1.08350755e-03,
          2.59622447e-02,   3.94351743e-02],
       [ -2.34358102e-01,   5.25171533e-02,  -1.10922061e-01,
         -4.25413772e-02,   4.22478653e-02,   2.29070783e-02,
          7.96786789e-03,   1.78441647e-02,   5.38001619e-02,
          7.89115876e-02,  -4.45455492e-01,   6.88593313e-02,
          3.95891108e-02,   4.57462557e-02,  -1.83447264e-02,
          1.78545356e-01,   7.05297887e-02,   8.38924870e-02,
         -2.97993999e-02,   9.78133976e-02,   5.30942939e-02,
         -3.95710878e-02,  -8.14837068e-02,   9.43419188e-02,
          9.72348079e-02,  -2.25506216e-01,   1.99084748e-02,
         -8.89673531e-02,  -2.61029005e-01,   3.43213439e-01,
         -6.22859178e-03,   4.70407568e-02,  -1.69544276e-02,
          2.27056872e-02,   1.51323304e-02,  -9.93244071e-03,
          1.50440410e-02,  -1.55094102e-01,   4.58601490e-02,
          2.63937004e-02,  -6.56639552e-03,   3.16952035e-04,
          3.40084522e-03,   1.55442525e-02,   1.92875490e-02,
          3.49267162e-02,  -3.43388319e-03,   1.03871129e-01,
         -5.64819165e-02,  -7.16567412e-02]], dtype=float32), array([ 0.,  0.,  0.,  0.,  0.,  0.,  0.,  0.,  0.,  0.,  0.,  0.,  0.,
        0.,  0.,  0.,  0.,  0.,  0.,  0.,  0.,  0.,  0.,  0.,  0.,  0.,
        0.,  0.,  0.,  0.,  0.,  0.,  0.,  0.,  0.,  0.,  0.,  0.,  0.,
        0.,  0.,  0.,  0.,  0.,  0.,  0.,  0.,  0.,  0.,  0.], dtype=float32)][array([[  3.09586793e-01,   3.63474265e-02,  -1.44284591e-01,
          6.54908121e-02,  -6.19184971e-02,  -3.08262765e-01,
          5.67602444e+00,   6.29067943e-02,  -1.12660162e-01,
         -5.23391441e-02,  -1.18147075e+00,   2.83080083e-03,
          3.08985651e-01,   5.38929319e-03,   7.94725716e-02,
         -2.82150833e-03,   1.32628083e-02,  -3.31544727e-02,
         -3.80375125e-02,  -3.26247072e+00],
       [  4.97593805e-02,  -1.25849219e-02,  -4.47087325e-02,
          2.24277359e-02,   7.99403340e-02,  -8.11392963e-02,
         -3.68374133e+00,   9.46061965e-03,  -6.91611494e-04,
         -3.08338157e-03,  -2.56834775e-01,  -1.57217905e-02,
         -1.67570978e-01,  -4.19484489e-02,   7.67442361e-02,
          3.84173617e-02,  -3.73236313e-02,   6.65162224e-03,
         -1.97107289e-02,   3.92783141e+00],
       [ -3.12074155e-01,   3.90285328e-02,  -1.00719653e-01,
         -1.60837639e-02,  -3.22700627e-02,   1.44013554e-01,
          3.00862861e+00,   9.04640835e-03,  -2.81578898e-02,
          1.45055586e-03,   3.40430528e-01,   1.01409676e-02,
         -2.05122411e-01,  -4.63850461e-02,   9.84602571e-02,
          6.51893625e-03,   7.81630501e-02,   1.46207111e-02,
          1.27814636e-02,  -4.16168404e+00],
       [ -1.12785399e+00,  -6.83914050e-02,   2.02967729e-02,
         -6.54833317e-02,   5.47072776e-02,   7.16685355e-02,
          5.84095940e-02,   7.25392625e-02,  -2.67891474e-02,
          1.57255214e-02,   2.99400061e-01,   6.85843080e-02,
         -7.54484162e-02,   5.45059238e-03,  -2.31087208e-01,
          4.39503789e-02,   4.11236398e-02,   8.50849971e-02,
          1.01599218e-02,   1.12324190e+00],
       [  5.03282070e-01,  -7.49060363e-02,   3.52758318e-02,
         -5.35660982e-02,   6.59721121e-02,   3.30084562e-01,
         -4.23404074e+00,  -2.55197920e-02,  -5.12912869e-02,
         -4.35962901e-02,   6.60027206e-01,   7.51746912e-03,
         -1.86333194e-01,  -6.13722578e-02,  -2.03299642e-01,
          5.29812649e-03,  -5.31265922e-02,   7.24726450e-03,
         -9.06343292e-03,   3.94879842e+00],
       [  1.96629733e-01,  -2.01009568e-02,   2.84432191e-02,
          3.92062552e-02,   1.72092374e-02,  -1.95668519e-01,
         -4.10166979e+00,   1.00977987e-03,   3.27440873e-02,
         -4.68577035e-02,  -3.37009639e-01,  -2.01400532e-03,
         -2.13304237e-02,   1.06567070e-02,   8.69901031e-02,
          4.36786888e-03,   3.72040085e-02,   8.26925114e-02,
          2.38178181e-04,   4.91577768e+00],
       [ -8.40697169e-01,  -1.08533166e-01,   8.35778378e-03,
          3.19593959e-02,   1.32051797e-03,   3.09898794e-01,
          1.52415204e+00,   1.80389863e-02,   6.05067145e-03,
          4.88023646e-02,   4.14665103e-01,   7.79281696e-03,
          3.70837227e-02,  -1.65973194e-02,  -2.35391214e-01,
          5.48450723e-02,   3.39418165e-02,   9.04416572e-03,
          2.95949019e-02,  -4.16746229e-01],
       [  1.59525096e+00,  -1.17008924e-01,   1.17669612e-01,
         -5.76553121e-02,   5.67328520e-02,   5.57921752e-02,
          4.16417742e+00,  -4.86363620e-02,   2.81934714e-04,
         -5.68547659e-02,  -1.59836933e-01,  -1.07584987e-02,
         -1.81495324e-01,   5.41578643e-02,  -6.09956961e-03,
         -5.25461417e-03,   6.63158968e-02,   1.72735006e-01,
         -1.35409608e-02,  -3.70005107e+00],
       [ -3.51628184e-01,   4.25760634e-02,   9.52406600e-02,
         -5.82568608e-02,   3.43501121e-02,  -4.02304500e-01,
         -2.01205039e+00,   7.00358227e-02,  -1.81272756e-02,
         -7.79581163e-03,  -1.07995999e+00,  -2.13110447e-02,
          2.61476040e-01,  -2.49223858e-02,  -3.77171263e-02,
         -1.18569983e-03,   8.88212025e-02,  -2.35144719e-01,
          3.19791376e-03,   1.19141603e+00],
       [  3.12602073e-01,  -6.61052689e-02,  -3.74133624e-02,
         -4.09326665e-02,   1.66961364e-02,   4.60257716e-02,
          3.12458396e+00,  -7.63197020e-02,   7.02412566e-04,
         -3.32891047e-02,   1.38983071e-01,  -6.80781379e-02,
          7.75903314e-02,   4.52823862e-02,   2.39964068e-01,
          3.99785265e-02,   3.92661542e-02,   4.23424169e-02,
          3.13937552e-02,  -2.27799559e+00],
       [  9.27098870e-01,   2.91831978e-02,   1.78622752e-01,
          1.85429417e-02,  -6.49969056e-02,   1.98128119e-01,
          3.12429810e+00,   7.61690214e-02,   3.04705556e-02,
          6.97742626e-02,   4.77026343e-01,   4.16397192e-02,
         -5.40678084e-01,  -5.87751567e-02,  -2.61532497e-02,
         -4.11168300e-02,  -1.30143687e-02,  -6.79394677e-02,
          4.98310141e-02,  -4.40946245e+00],
       [ -1.28741032e-02,   2.15117889e-03,   4.31571826e-02,
         -2.85102259e-02,  -1.01400591e-01,  -3.31660748e-01,
         -6.00468278e-01,  -3.68694030e-02,  -8.21073074e-03,
         -2.36943569e-02,  -7.93153703e-01,   7.78237507e-02,
          3.08933612e-02,  -7.39949048e-02,  -2.49352846e-02,
         -3.24957334e-02,   4.85374965e-02,  -6.39945865e-02,
         -5.68554997e-02,   7.12963879e-01],
       [  8.55479836e-01,  -1.71665028e-02,  -3.44828404e-02,
         -3.98018174e-02,  -4.05762866e-02,   2.74312764e-01,
         -1.89868259e+00,   7.74451196e-02,   1.48590952e-02,
          3.59188132e-02,   3.98687959e-01,  -2.44646557e-02,
         -3.08133960e-01,  -2.73061153e-02,  -1.12221375e-01,
          1.19490754e-02,   8.07484239e-02,   7.43175810e-03,
         -4.78541665e-02,   2.24296188e+00],
       [  7.00807452e-01,   2.28266977e-02,   8.95566568e-02,
         -2.73255333e-02,  -5.75316250e-02,  -8.75631198e-02,
         -4.57052946e+00,  -6.14995360e-02,   7.58885816e-02,
          7.12906346e-02,  -5.23748547e-02,   2.11303141e-02,
         -1.57336757e-01,  -3.24957520e-02,  -2.25124024e-02,
          8.43500495e-02,  -8.97694454e-02,   2.47260835e-02,
          1.75076183e-02,   2.88157582e+00],
       [ -4.51600611e-01,  -8.02376792e-02,  -1.41804203e-01,
         -6.78364933e-02,  -1.49112521e-02,   4.82842565e-01,
          3.44111562e-01,  -4.40599099e-02,  -7.50141963e-02,
          5.21674519e-03,   7.51641095e-01,  -8.02778360e-03,
          1.64484754e-01,   3.46136726e-02,  -2.58185901e-02,
          4.31449562e-02,  -6.25781342e-02,  -1.03949264e-01,
         -3.14578153e-02,  -7.95559406e-01],
       [  1.25338122e-01,  -2.31388258e-04,   9.19921771e-02,
          6.29763976e-02,   3.27079706e-02,  -1.82626709e-01,
          4.99352741e+00,  -3.36779021e-02,  -6.41767308e-02,
          3.87934744e-02,  -4.54802155e-01,  -4.33240347e-02,
          1.13686271e-01,  -2.89532095e-02,  -6.12371266e-02,
          2.24440987e-03,   3.09743881e-02,   7.99110457e-02,
         -2.38067731e-02,  -4.51495171e+00],
       [  7.33962595e-01,   1.33345919e-02,   5.79405529e-03,
         -1.61709674e-02,  -1.33452034e-02,  -1.90883085e-01,
         -3.58848214e+00,   8.39110091e-03,  -2.55645644e-02,
          1.06138317e-02,  -2.16522757e-02,  -1.98844653e-02,
         -2.15834156e-02,  -2.09136102e-02,  -3.41749713e-02,
          1.12461438e-02,   1.27260732e-02,  -1.23294950e-01,
          3.55479605e-02,   4.61943579e+00],
       [  1.88451216e-01,  -1.77103758e-01,   5.37788635e-03,
          2.27865279e-02,  -4.26976196e-02,  -8.89863744e-02,
         -1.85873938e+00,   1.02779707e-02,  -3.32318433e-02,
         -6.21852167e-02,  -3.18987876e-01,  -2.26353649e-02,
         -2.70955134e-02,   1.11148544e-02,  -6.85583875e-02,
         -3.48490253e-02,  -5.43154664e-02,   2.15112511e-02,
          2.33898265e-03,   1.52992785e+00],
       [  1.04869671e-01,   4.82747555e-02,  -1.28146678e-01,
          4.98066694e-02,   1.82384308e-02,   8.05786848e-02,
          3.77825904e+00,  -9.85100716e-02,  -3.31345014e-02,
         -1.53178638e-02,   1.43792734e-01,   1.06010571e-01,
         -7.19493628e-01,  -3.38006169e-02,   8.07862077e-03,
          4.98350374e-02,   6.83797747e-02,   6.23606704e-02,
          3.60829905e-02,  -2.18007135e+00],
       [  3.51468921e-01,  -1.11972034e-01,  -5.23894876e-02,
          3.06102242e-02,  -2.24788096e-02,  -9.56275314e-02,
          2.66601771e-01,   5.27459290e-03,   4.35607322e-02,
         -4.69933450e-02,  -8.24172020e-01,  -1.82735138e-02,
         -5.93789853e-02,   8.06922838e-03,   6.04495816e-02,
         -8.43722448e-02,   1.06432036e-01,  -5.58947921e-02,
          9.56560951e-03,  -7.79502332e-01],
       [ -8.06911886e-01,   2.08255332e-02,   4.67085503e-02,
          5.49374446e-02,   8.49852115e-02,   4.25850987e-01,
         -2.58639669e+00,  -5.04886694e-02,  -3.25129181e-02,
          1.46719506e-02,   9.10607934e-01,  -3.34661007e-02,
         -1.77263930e-01,   1.40835673e-01,   8.55663568e-02,
          3.71836312e-03,  -9.82326083e-03,   1.52340710e-01,
          6.32755458e-02,   1.95759225e+00],
       [ -2.99448818e-02,   3.50637287e-02,  -7.79142678e-02,
          4.26492132e-02,   1.15328636e-02,   3.00629139e-02,
          3.99333501e+00,  -5.91363609e-02,  -3.85619025e-03,
         -3.63130169e-03,  -9.44823995e-02,   8.77055281e-04,
         -9.20015872e-02,  -4.87681571e-03,  -1.73298538e-01,
         -1.15953401e-01,  -5.52544557e-02,  -4.47543152e-02,
          2.98452731e-02,  -5.02048826e+00],
       [ -3.49159420e-01,   2.97028553e-02,  -1.90611575e-02,
          1.42767280e-02,   9.59835295e-03,  -1.23878181e-01,
         -1.80486500e+00,   5.53836785e-02,   9.49363783e-03,
         -1.03344910e-01,   1.43141747e-01,   3.25847082e-02,
          8.68912712e-02,   5.06598838e-02,  -2.90830195e-01,
         -1.51375653e-02,   4.63108532e-02,   6.39109090e-02,
          3.87704819e-02,   1.70448077e+00],
       [  1.55331457e+00,  -5.27737439e-02,  -3.57055361e-03,
         -3.06231491e-02,  -5.88869043e-02,  -1.53600872e-01,
          1.83642590e+00,  -2.47445274e-02,   2.31744498e-02,
         -8.29715505e-02,  -8.52671146e-01,   9.29494575e-02,
         -1.31690681e-01,  -1.97486114e-02,   5.41848093e-02,
         -9.96084586e-02,  -6.06652610e-02,   1.52264144e-02,
         -2.10957639e-02,  -3.28425312e+00],
       [ -7.90174186e-01,   1.15570284e-01,  -1.21897515e-02,
          7.98785016e-02,  -6.45562038e-02,   6.14236295e-02,
          1.88156366e+00,   2.98577286e-02,  -4.17465158e-02,
          5.53379841e-02,  -1.78389885e-02,   7.95732439e-03,
          6.62525445e-02,   6.60592616e-02,  -3.44000161e-02,
         -2.01218612e-02,   9.97767746e-02,  -1.22724004e-01,
          1.48743037e-02,  -2.43325377e+00],
       [ -5.13110697e-01,   5.88601530e-02,  -1.03490233e-01,
          5.30789886e-03,  -1.00663165e-02,   4.89975482e-01,
          2.86960196e+00,  -4.11034096e-04,  -5.14841862e-02,
          2.41756644e-02,   7.43508041e-01,  -4.22602706e-02,
          1.37719706e-01,  -1.14896502e-02,   1.29113182e-01,
         -1.71242561e-02,  -1.15089696e-02,   1.60651013e-01,
         -3.46376561e-02,  -3.50496125e+00],
       [ -3.30424041e-01,   3.82190421e-02,  -2.29648445e-02,
          2.81095728e-02,   2.06217561e-02,  -2.45728984e-01,
          1.20290267e+00,   7.22488835e-02,  -7.04747140e-02,
          1.08604711e-02,  -7.94450104e-01,   8.54324922e-02,
          1.17784433e-01,   2.73904148e-02,   2.35591933e-01,
          9.25464835e-03,   2.72948537e-02,   1.76807463e-01,
         -3.30851898e-02,  -2.78500962e+00],
       [  1.69877224e-02,   3.67818549e-02,   7.69887865e-02,
         -4.23363298e-02,   5.61126471e-02,   1.51036352e-01,
          5.40259600e+00,   2.48281378e-02,   8.70836899e-02,
          3.61047052e-02,   1.00006931e-01,   8.57075602e-02,
          5.29742837e-02,  -1.05399184e-03,   5.89812361e-02,
          7.49441981e-02,  -4.27782303e-03,   4.68887128e-02,
         -4.38214317e-02,  -2.61018324e+00],
       [  8.92363548e-01,  -2.88093369e-02,   2.91575994e-02,
          1.78936534e-02,  -3.25729810e-02,   9.13442299e-02,
         -8.13897789e-01,   1.23584094e-02,  -2.03395728e-03,
          7.44036734e-02,   5.34589291e-01,   9.50744562e-03,
         -9.26573351e-02,  -7.29186013e-02,  -1.41752996e-02,
         -4.69182655e-02,  -2.88850795e-02,  -4.48851250e-02,
          2.03834791e-02,   1.48252416e+00],
       [  2.69535869e-01,  -4.47129421e-02,  -2.11553201e-01,
         -2.49367338e-02,  -6.15288597e-03,  -2.19541907e-04,
         -2.47258377e+00,  -2.23280322e-02,   1.72590893e-02,
         -3.53676006e-02,   9.14473981e-02,   7.59585276e-02,
         -1.55517727e-01,  -1.29428199e-02,   2.40468159e-01,
         -9.44899246e-02,   2.58600954e-02,  -1.84452519e-01,
          1.59924366e-02,   3.13270473e+00],
       [ -5.65149009e-01,   3.49113322e-03,   8.74403864e-02,
         -3.59972157e-02,   1.28715280e-02,  -2.33027294e-01,
          2.62741137e+00,   1.25967041e-02,   2.18961108e-02,
          2.87773963e-02,  -7.97718167e-01,  -7.75096714e-02,
         -4.37466085e-01,   2.37629917e-02,   5.07122763e-02,
          9.89391934e-03,   9.60177835e-03,  -1.10025056e-01,
          5.00641763e-02,  -3.05063868e+00],
       [ -6.68185502e-02,  -2.03846525e-02,   4.45168950e-02,
          2.15223823e-02,  -2.67965049e-02,   2.21862867e-02,
         -4.53655481e+00,   1.38439164e-01,   2.57499572e-02,
         -2.83467975e-02,   6.37642801e-01,  -2.14324403e-03,
          1.79224640e-01,  -2.63695922e-02,   2.21468434e-02,
          3.60273682e-02,  -2.28313543e-02,  -1.65326968e-01,
          1.51998466e-02,   5.11701298e+00],
       [  5.02418697e-01,  -1.23374944e-03,   7.21454108e-03,
         -2.52974853e-02,   1.18498113e-02,  -6.96606115e-02,
          1.32510638e+00,   3.98181044e-02,  -4.92669120e-02,
         -1.98825612e-03,   2.02106059e-01,   7.38890767e-02,
         -4.37382087e-02,  -1.71251278e-02,  -1.73302472e-01,
         -1.34141579e-01,  -5.12575991e-02,  -4.11053561e-02,
          1.21025164e-02,  -1.07379127e+00],
       [  1.00682986e+00,  -8.59636534e-03,  -2.16852814e-01,
         -3.87714431e-03,  -5.24816616e-03,   4.35294837e-01,
          2.54671979e+00,   3.50359492e-02,  -4.79741814e-03,
         -1.07273102e-01,   1.12705898e+00,   1.83703303e-02,
         -3.79583210e-01,   4.68982719e-02,   1.20542133e-02,
         -2.55058408e-02,  -6.33605570e-02,   1.51852563e-01,
         -3.54417674e-02,  -4.19382668e+00],
       [ -1.14660907e+00,  -5.33370376e-02,  -5.22299251e-03,
          2.80251466e-02,   3.01608276e-02,   1.28435120e-01,
          2.47977829e+00,  -8.32312927e-02,  -7.13670850e-02,
         -1.06444042e-02,   7.47321844e-01,  -2.71405634e-02,
          2.00959519e-01,   4.24077325e-02,  -1.18852638e-01,
          9.75219905e-02,   6.12541810e-02,   1.69781566e-01,
          1.65417716e-02,  -2.34607315e+00],
       [ -4.03444648e-01,  -1.08701482e-01,  -6.51446655e-02,
          4.33182083e-02,   8.48997291e-03,  -7.12199956e-02,
         -1.03859603e+00,  -8.26820061e-02,   6.14916906e-03,
          2.62421556e-03,  -5.14965534e-01,  -2.38722656e-02,
         -1.11784540e-01,  -5.03549390e-02,  -4.03909236e-02,
          1.94173213e-02,  -1.98936984e-02,  -9.26067308e-02,
         -4.47191298e-03,   7.57787824e-01],
       [ -1.10270619e+00,  -2.18644161e-02,  -4.47467528e-03,
          3.51463370e-02,  -6.28227144e-02,   2.06655368e-01,
          2.20409369e+00,   3.50550376e-02,   2.25979853e-02,
          3.08308396e-02,   8.19866121e-01,  -2.04689726e-02,
         -4.09728318e-01,   1.77622344e-02,  -2.24101841e-01,
          5.76042794e-02,  -4.14706804e-02,   7.66282808e-03,
          3.91360037e-02,  -2.73470736e+00],
       [  6.84451044e-01,  -5.06611429e-02,   1.11302137e-01,
         -4.41391319e-02,   6.46560267e-02,   2.38344386e-01,
         -7.58134544e-01,   2.49327328e-02,   1.92437265e-02,
          4.37160246e-02,   3.67186636e-01,  -3.25151756e-02,
          7.97363594e-02,  -7.01693222e-02,   3.49156894e-02,
          3.21059078e-02,   8.44849870e-02,  -3.34648155e-02,
         -2.64868066e-02,   9.95856762e-01],
       [  1.11778998e+00,   2.53252275e-02,  -5.24664074e-02,
          2.50619836e-02,   1.33975418e-02,   2.34772682e-01,
          3.96821356e+00,  -1.02187715e-01,  -3.42384842e-03,
         -6.54318407e-02,   1.35794520e-01,  -2.58105015e-03,
          1.18439339e-01,   6.27533495e-02,  -5.64536452e-02,
          2.53157597e-02,  -7.46681020e-02,  -3.86117250e-02,
         -9.46155284e-03,  -4.20870495e+00],
       [  7.34722495e-01,   7.39587173e-02,  -3.00566554e-02,
         -3.47060189e-02,   5.04561774e-02,  -6.93357527e-01,
          7.64933705e-01,   5.24411015e-02,   6.78887814e-02,
         -1.44015914e-02,  -1.91569948e+00,   2.16374788e-02,
          3.15144420e-01,   6.51599690e-02,  -1.36162773e-01,
         -4.65648919e-02,   1.27044758e-02,   3.42042069e-03,
          3.18742841e-02,   8.79495203e-01],
       [ -1.07097318e-02,   1.92397442e-02,   7.46222958e-02,
          6.06573233e-03,  -3.86020020e-02,   1.17674313e-01,
         -3.87034416e+00,  -2.48376541e-02,  -9.56696123e-02,
         -2.07697470e-02,   9.38689649e-01,  -8.45266655e-02,
          6.66942969e-02,  -2.23420337e-02,   1.69221029e-01,
          6.05817996e-02,   4.08264063e-02,  -8.26414451e-02,
         -3.23876590e-02,   3.88294744e+00],
       [ -5.39006650e-01,   1.75492987e-02,  -1.63283259e-01,
          1.77594647e-02,   1.60629954e-03,  -1.82274222e-01,
         -2.52040100e+00,  -5.14886938e-02,  -3.09288558e-02,
         -9.52777714e-02,   2.61077315e-01,   2.12773196e-02,
          3.13874334e-01,  -5.70752732e-02,   2.69994396e-03,
          4.38709892e-02,  -8.55286643e-02,  -1.68282483e-02,
          8.02384764e-02,   4.97247171e+00],
       [ -2.51301415e-02,   5.07624410e-02,  -1.49382487e-01,
          1.04997726e-02,   5.65227568e-02,  -3.49308521e-01,
         -1.31463790e+00,  -1.92240123e-02,   3.61519419e-02,
         -1.17862247e-01,  -5.24912417e-01,  -4.35407497e-02,
          2.23108932e-01,  -7.64273927e-02,   1.14124842e-01,
         -2.08264235e-02,  -8.54828879e-02,   1.00389920e-01,
         -2.22854521e-02,   2.53868788e-01],
       [ -4.37049538e-01,   1.76235754e-02,   7.20708221e-02,
          1.62704736e-02,  -7.54763484e-02,  -5.45214154e-02,
         -1.42057371e+00,   3.50558423e-02,  -3.08008883e-02,
         -2.98215337e-02,  -1.35464013e-01,   4.84226756e-02,
          3.37707996e-02,   8.19963869e-03,  -1.59218460e-01,
          2.68895365e-02,   6.54703239e-03,   3.05390537e-01,
          1.26868021e-02,   9.82046485e-01],
       [  9.07414928e-02,  -2.76115071e-02,   6.48351237e-02,
         -2.32426897e-02,   3.70797664e-02,   3.16521108e-01,
          4.30612421e+00,   2.64864322e-02,   1.39893387e-02,
         -4.61660512e-02,   9.42224026e-01,   4.76219803e-02,
         -2.28194401e-01,   9.63345841e-02,  -2.40776688e-01,
         -8.72213840e-02,  -6.87043294e-02,  -5.51824346e-02,
          4.53126011e-03,  -3.44993639e+00],
       [ -2.98339158e-01,   4.85879146e-02,  -5.21425791e-02,
          3.64959496e-03,  -2.66123768e-02,   3.25062051e-02,
         -1.33193171e+00,  -4.56486829e-03,   3.75067182e-02,
          3.72962840e-02,  -3.40834290e-01,  -9.76039749e-03,
         -2.55689099e-02,  -4.87206317e-02,   1.97379798e-01,
          4.06940691e-02,  -7.67382386e-04,   1.01482369e-01,
          1.53751438e-03,   7.51839578e-01],
       [ -6.51532233e-01,   4.44472097e-02,   3.97132412e-02,
          1.10903811e-02,  -5.13240173e-02,  -2.21421897e-01,
         -1.31058276e+00,  -2.04923321e-02,   4.53421287e-02,
          8.82693604e-02,  -3.98087293e-01,  -6.33420274e-02,
          8.25584084e-02,  -1.48082888e-02,  -8.39795172e-03,
         -6.93351924e-02,  -2.95573659e-02,   1.84350327e-01,
         -3.64460573e-02,   2.14163780e+00],
       [  6.76667750e-01,  -2.87330896e-02,   3.95463370e-02,
         -6.03965335e-02,  -2.47371010e-02,   5.66276133e-01,
         -4.29297161e+00,   8.42715055e-03,  -1.35115525e-02,
          8.98732524e-03,   1.26078224e+00,   4.49890159e-02,
         -3.94334495e-02,   3.92523818e-02,  -8.44431594e-02,
          5.65367602e-02,  -4.85939719e-02,  -3.79923149e-03,
         -2.02753339e-02,   3.91715527e+00],
       [ -2.21665770e-01,  -5.80177568e-02,   1.80061557e-03,
         -9.72829480e-03,  -1.34413606e-02,  -1.27066523e-01,
         -1.15866923e+00,  -7.68823847e-02,   1.99962109e-02,
          1.87862590e-02,  -5.05970836e-01,  -1.12718837e-02,
          1.63088068e-01,   4.28302214e-02,  -1.00651763e-01,
          1.62931070e-01,  -8.23894590e-02,  -1.66312411e-01,
         -9.99438856e-03,   1.57417905e+00],
       [ -8.85681883e-02,  -1.47379953e-02,  -3.88588049e-02,
          3.92478034e-02,   1.03947178e-01,  -1.22788670e-02,
          3.66941404e+00,  -6.42263889e-02,   1.62395332e-02,
          4.89212945e-02,  -4.22947317e-01,   4.82408553e-02,
          2.21535996e-01,   1.25407234e-01,   2.65319645e-01,
         -3.85523625e-02,   3.05913892e-02,   1.21018849e-01,
          9.88288224e-03,  -4.55511236e+00]], dtype=float32), array([ 0.,  0.,  0.,  0.,  0.,  0.,  0.,  0.,  0.,  0.,  0.,  0.,  0.,
        0.,  0.,  0.,  0.,  0.,  0.,  0.], dtype=float32)][array([[ 30.31799507],
       [ 41.5696373 ],
       [ -4.67497158],
       [ -6.6076498 ],
       [-36.21653748],
       [  2.28776312],
       [  6.1028533 ],
       [-75.92803955],
       [ 71.5031662 ],
       [-76.86579895],
       [  7.96474361],
       [  3.812989  ],
       [-22.03417778],
       [-62.4979248 ],
       [ 20.33244896],
       [-17.21046829],
       [ 32.08335495],
       [ 20.36641693],
       [ 34.45911026],
       [ -7.60836029]], dtype=float32), array([ 0.], dtype=float32)]