[array([[ 0.00905882,  0.00982514,  0.00908351,  0.05876721, -0.02210051,
        -0.04971236, -0.00033686, -0.06455303, -0.00629504, -0.01387618,
        -0.07715144, -0.08462605,  0.06854481,  0.02924497, -0.04798875,
         0.14825614,  0.03203402, -0.02741062,  0.01584807, -0.04870142,
        -0.07670897,  0.06393181,  0.03789031, -0.15597695,  0.01752005,
        -0.05471078, -0.1005808 , -0.03573221, -0.01932678, -0.04237901,
         0.00614761, -0.02537918,  0.05321381,  0.08648776,  0.01791214,
        -0.00333014,  0.05189064,  0.03612704,  0.04765446, -0.02219535,
        -0.04244302,  0.06506782,  0.03186601, -0.05299509, -0.0204068 ,
         0.02809924,  0.02413954,  0.04303911,  0.00650161, -0.00786116],
       [-0.06162384,  0.09968863, -0.03985009, -0.03479244, -0.04180588,
         0.06049025,  0.10094887,  0.03885127,  0.04513317, -0.01499964,
        -0.01394411, -0.08177731, -0.01294484, -0.02568958, -0.01718294,
         0.04798492,  0.01907401, -0.02540649, -0.02226909,  0.11180067,
         0.05548805, -0.0159223 ,  0.00104848,  0.0312872 ,  0.02532498,
        -0.04077105, -0.02074906,  0.02598993, -0.04653332, -0.01703198,
         0.02210261,  0.05905716, -0.09054023, -0.02235558,  0.0186074 ,
         0.00017442,  0.06086388,  0.02759713, -0.04349247,  0.02294742,
        -0.1027981 ,  0.07637709, -0.04652334, -0.02410775, -0.05921199,
        -0.00167716,  0.02845058,  0.03509688, -0.04017871, -0.04870949]], dtype=float32), array([ 0.,  0.,  0.,  0.,  0.,  0.,  0.,  0.,  0.,  0.,  0.,  0.,  0.,
        0.,  0.,  0.,  0.,  0.,  0.,  0.,  0.,  0.,  0.,  0.,  0.,  0.,
        0.,  0.,  0.,  0.,  0.,  0.,  0.,  0.,  0.,  0.,  0.,  0.,  0.,
        0.,  0.,  0.,  0.,  0.,  0.,  0.,  0.,  0.,  0.,  0.], dtype=float32)][array([[  1.83436729e-03,   1.23123964e-02,   4.65329513e-02,
         -3.79189476e-02,   6.93074912e-02,   6.89093908e-03,
          2.76288185e-02,   2.02715937e-02,   7.13266758e-03,
         -8.95492360e-02,  -1.84985716e-02,  -3.28876241e-03,
         -1.08086253e-02,   5.76913357e-03,  -4.05301303e-02,
          5.44823296e-02,  -4.74095866e-02,   4.86765578e-02,
          7.24196807e-02,  -5.16056679e-02],
       [  6.53180853e-03,  -8.03123713e-02,  -4.53528343e-03,
         -9.13372412e-02,   4.23392728e-02,  -4.60736491e-02,
         -1.23940609e-01,  -4.47234400e-02,  -8.17754418e-02,
         -3.66911925e-02,  -3.69129516e-02,   2.11531240e-02,
          5.82457595e-02,   3.53437923e-02,   1.35509996e-02,
          3.39596979e-02,  -9.44189057e-02,  -1.40956298e-01,
         -2.02889200e-02,   1.74366422e-02],
       [ -2.11149137e-02,  -1.73740257e-02,  -3.38052958e-02,
          3.87814604e-02,  -1.08357169e-01,   4.73059574e-03,
         -3.07764094e-02,  -7.28145940e-03,  -1.51675493e-02,
          3.54988948e-02,   3.55529040e-02,  -2.66140997e-02,
          2.94779781e-02,   6.41732067e-02,  -3.68372314e-02,
          4.80974726e-02,  -1.79983955e-02,  -7.35870823e-02,
          5.82583575e-03,  -3.39685939e-02],
       [ -8.75363871e-02,   6.31768480e-02,   6.71398342e-02,
          5.81803806e-02,  -1.22067062e-02,  -2.92872228e-02,
         -3.85267399e-02,  -2.28214990e-02,   1.14730736e-02,
          1.86367184e-02,  -2.84510590e-02,   6.24910109e-02,
          4.37587611e-02,  -4.40304428e-02,  -2.39083264e-02,
          2.92012729e-02,  -2.97303107e-02,   2.97794882e-02,
         -3.72802876e-02,  -1.07335560e-02],
       [ -1.77424923e-02,  -9.20521503e-04,   3.16175558e-02,
          8.14324915e-02,  -2.84214504e-02,  -1.20754205e-01,
          1.59432739e-02,   1.49288103e-02,  -4.46054488e-02,
          9.21046641e-03,   8.15949440e-02,   1.73021462e-02,
         -2.00638529e-02,  -6.04511797e-02,   1.41130807e-02,
          7.52815902e-02,  -2.13187579e-02,   3.46622802e-03,
         -3.11833620e-02,   5.72188105e-03],
       [  3.11418083e-02,   8.38182587e-03,  -5.46856783e-02,
          2.44802423e-02,  -6.26197010e-02,  -9.84946713e-02,
          2.99899429e-02,  -4.94678915e-02,   7.18917400e-02,
          2.12187897e-02,   6.95524737e-02,  -9.83193740e-02,
          6.57280311e-02,  -1.02843912e-02,  -6.13914756e-03,
         -5.84242446e-03,  -1.74162425e-02,  -5.59090748e-02,
          3.44659947e-02,   5.29172122e-02],
       [ -8.28147903e-02,   2.88716294e-02,   9.49645787e-02,
          3.05678304e-02,  -4.50495146e-02,  -1.29042685e-01,
          4.36758287e-02,   6.25855178e-02,   1.38290217e-02,
         -9.52261984e-02,   5.87615259e-02,   2.44418867e-02,
         -3.52118872e-02,   4.89062220e-02,   5.27222119e-02,
         -1.21245347e-02,   1.88977290e-02,   6.59390464e-02,
          2.35686209e-02,  -4.17933539e-02],
       [ -3.60807553e-02,   3.54464799e-02,   2.76189152e-04,
         -1.26079023e-02,  -6.03816211e-02,   4.78946092e-03,
         -1.00566475e-02,  -2.48777284e-03,   9.77147650e-03,
         -1.31480722e-02,   2.36294400e-02,  -2.36619394e-02,
         -7.45326653e-02,   7.32310638e-02,   5.82122989e-02,
         -4.98092882e-02,   1.22771272e-03,   6.70092031e-02,
         -4.02201861e-02,  -1.24258816e-01],
       [ -4.29785512e-02,   2.41482281e-04,   9.12405085e-03,
          4.45788307e-03,   3.98811288e-02,   2.60833837e-02,
          4.37293053e-02,  -4.26651686e-02,   5.58426883e-03,
         -3.19988318e-02,   4.03233431e-02,   9.45323110e-02,
         -1.82466786e-02,  -2.42775530e-02,   4.70113009e-02,
         -1.18041493e-01,   4.25613783e-02,   2.63110250e-02,
          3.17611033e-03,  -3.58375795e-02],
       [ -2.33789813e-02,   2.49447562e-02,   2.36879904e-02,
         -4.41957219e-03,   3.16011012e-02,   1.80969033e-02,
         -1.73412766e-02,   7.98985958e-02,  -3.80283035e-02,
         -2.91217323e-02,   3.18058468e-02,  -2.16392782e-02,
          5.83699942e-02,  -4.73699197e-02,   7.79283866e-02,
         -5.89536503e-02,  -3.11365668e-02,   1.50304316e-02,
         -1.28175691e-02,   3.20979729e-02],
       [ -1.20585887e-02,  -3.16540860e-02,  -1.05671529e-02,
          9.53301117e-02,  -8.66517238e-03,   5.86595498e-02,
          5.25217466e-02,  -1.33369332e-02,   3.66496146e-02,
          1.69258695e-02,  -7.29730204e-02,   4.65141796e-03,
          2.61378121e-02,   3.23963426e-02,   5.65620139e-02,
         -1.00622158e-02,   3.94965103e-03,   2.72577759e-02,
          4.49912697e-02,  -3.82859781e-02],
       [ -1.92854349e-02,   1.51746394e-02,   2.03996208e-02,
         -4.34213653e-02,  -2.81470325e-02,  -7.06296489e-02,
         -5.24413288e-02,  -7.38075674e-02,   2.22657062e-02,
         -2.79283281e-02,   1.13615334e-01,   1.40295699e-02,
          1.05740139e-02,  -7.73922130e-02,   6.04145937e-02,
          7.08685024e-03,   3.46789956e-02,   8.16490036e-03,
          5.19458540e-02,  -4.77758609e-02],
       [ -3.29796574e-03,   1.12885073e-01,   3.23459283e-02,
          9.29302201e-02,   4.74513806e-02,  -8.34277645e-02,
         -5.26621528e-02,   1.97063684e-02,  -4.24831873e-03,
         -1.88781843e-02,   4.53875884e-02,   5.19253686e-02,
         -8.14407989e-02,   2.90690660e-02,   1.80979632e-02,
          2.67936615e-03,  -1.89808290e-02,  -1.67249843e-01,
         -1.11153387e-01,  -4.44572419e-03],
       [ -6.72871694e-02,   2.67550852e-02,   2.58265138e-02,
          8.12707096e-03,  -3.68385799e-02,   9.06002298e-02,
          5.29537387e-02,   1.03454730e-02,   5.12373559e-02,
          3.87508865e-03,  -7.62262894e-03,   3.13648731e-02,
         -6.25644624e-02,   4.57213596e-02,   2.78240871e-02,
         -3.41947447e-03,   5.61602488e-02,   7.17044051e-04,
          6.85225651e-02,   6.41319854e-03],
       [  7.50464275e-02,  -2.37243008e-02,  -1.08476222e-01,
         -4.05680425e-02,   8.40537697e-02,  -5.80982044e-02,
          3.17800753e-02,   2.68310998e-02,  -7.93190598e-02,
         -6.75229579e-02,  -6.47136420e-02,  -2.86504272e-02,
          5.18919490e-02,   1.85828600e-02,  -6.85372278e-02,
          5.17554246e-02,   8.23800489e-02,  -6.16328679e-02,
         -9.80867445e-03,  -3.91080864e-02],
       [  1.65331420e-02,   9.08355322e-03,  -2.79633533e-02,
         -5.97153716e-02,   6.59995601e-02,  -6.25808164e-03,
          4.16017137e-03,  -2.66330820e-02,  -4.03492190e-02,
          9.17347968e-02,  -3.73803894e-03,  -2.17836201e-02,
         -2.30176039e-02,   2.05048546e-02,  -4.20820639e-02,
         -1.85346268e-02,  -2.41348501e-02,   3.02766208e-02,
         -8.91078636e-02,  -1.90993957e-03],
       [ -2.82030040e-03,  -7.27927834e-02,  -4.99972068e-02,
         -6.36772737e-02,   3.18130665e-02,   5.05732885e-03,
         -2.10631057e-03,   5.38519397e-02,  -2.63059027e-02,
          3.73852509e-03,   1.08053302e-02,   4.73266765e-02,
         -1.60290059e-02,  -2.28282064e-02,  -5.36147915e-02,
          3.58228795e-02,  -2.85586175e-02,   4.45655994e-02,
         -3.90583165e-02,   2.22988743e-02],
       [ -9.46096983e-03,   3.14536579e-02,  -2.43284423e-02,
         -1.57397601e-03,  -3.79986241e-02,  -5.04406076e-03,
         -1.28824413e-01,  -7.20950887e-02,   5.53723350e-02,
          3.10259406e-02,   3.70796099e-02,   5.22988699e-02,
          6.16432130e-02,   4.61932197e-02,   1.79437362e-02,
         -5.38801551e-02,   7.38623217e-02,  -1.45665452e-01,
          1.65598970e-02,  -8.51746742e-03],
       [  3.55147272e-02,  -1.84717625e-02,  -2.78586745e-02,
          5.49451075e-02,   3.70178297e-02,   2.01712232e-02,
          6.99089328e-03,   1.39926570e-02,   2.21153605e-03,
         -1.28715029e-02,  -4.64498810e-03,  -2.59352010e-02,
         -1.07790092e-02,   1.00030759e-02,  -1.00836121e-01,
          2.00857427e-02,  -2.67759655e-02,   8.85984674e-02,
          2.16323677e-02,  -6.56558797e-02],
       [ -6.72815833e-03,  -2.37210728e-02,  -7.77097940e-02,
          5.97993331e-03,   4.18627970e-02,  -2.57827584e-02,
         -4.89556044e-02,  -4.24787169e-03,   1.21409853e-03,
          1.37487156e-02,   9.20965429e-03,  -3.22963595e-02,
          6.26936480e-02,  -5.69670200e-02,  -1.98271330e-02,
         -3.12947594e-02,  -9.53530446e-02,   3.29343276e-03,
         -9.21285059e-03,   8.50710273e-02],
       [  6.60078749e-02,  -4.60100137e-02,   3.27974185e-02,
         -1.35770906e-03,  -5.63498326e-02,   2.02302542e-02,
         -1.15065919e-02,   2.58702543e-02,  -1.48262996e-02,
         -5.19672222e-02,  -7.65031353e-02,   4.70350645e-02,
          3.84706967e-02,   6.42159730e-02,  -7.68086538e-02,
         -1.33820549e-02,   3.03251296e-02,  -9.69181955e-02,
         -4.34973165e-02,  -4.72833663e-02],
       [  3.42200659e-02,  -2.92726643e-02,   1.21024325e-02,
          1.10133603e-01,   4.30441722e-02,  -5.30347005e-02,
         -3.34847458e-02,   1.95440929e-03,   6.47374019e-02,
          3.45497094e-02,  -9.40027460e-02,  -7.81414881e-02,
          1.25758067e-01,   4.52868640e-02,  -1.87980291e-02,
          6.57978579e-02,   2.72601075e-03,  -5.44305556e-02,
          4.52407543e-03,  -4.83422987e-02],
       [ -2.00379826e-02,   5.65246940e-02,  -7.40166306e-02,
         -6.00489369e-03,  -2.75669526e-02,   3.66143212e-02,
          2.97978055e-02,  -5.66462465e-02,   1.68245267e-02,
         -3.99110466e-02,  -1.73469763e-02,  -1.06420659e-01,
         -1.79933421e-02,   1.75993908e-02,  -3.47297527e-02,
         -1.13675008e-02,   1.18892628e-03,  -7.59419566e-03,
         -2.88767517e-02,  -1.51870027e-03],
       [ -1.08139403e-02,   4.75544184e-02,  -4.21289578e-02,
         -4.31852899e-02,  -4.79294769e-02,  -2.41750237e-02,
         -5.06036058e-02,   2.84723323e-02,  -3.42793465e-02,
         -8.66010971e-03,   5.00916019e-02,  -3.09953876e-02,
         -6.04963005e-02,   3.20567600e-02,   3.99375670e-02,
         -1.09722137e-01,   6.46108910e-02,  -5.97441606e-02,
         -2.36432329e-02,  -2.69119348e-02],
       [  2.31306311e-02,   3.33838947e-02,  -4.47657444e-02,
          5.16104400e-02,   1.46434307e-02,   7.65804872e-02,
          1.09618083e-02,  -2.82239180e-05,  -6.23094998e-02,
          1.08471336e-02,   3.45158242e-02,  -9.02664009e-03,
          1.85062420e-02,  -1.67041030e-02,  -5.35634756e-02,
          1.15205627e-02,  -4.43654470e-02,   3.22617069e-02,
         -4.21069972e-02,  -1.97815355e-02],
       [  7.85698649e-03,   4.93213758e-02,  -1.22559033e-01,
         -7.61181191e-02,  -9.14441235e-03,   5.14897592e-02,
          8.27102810e-02,   5.33737428e-02,  -3.26694399e-02,
         -5.08768260e-02,   5.29396906e-02,  -4.07311916e-02,
          6.13900721e-02,   5.14196418e-02,   6.98017254e-02,
         -2.67435587e-03,  -6.21542288e-03,  -6.05198927e-02,
         -3.13791856e-02,   4.92459945e-02],
       [  8.63005815e-04,  -3.53100784e-02,  -7.57653937e-02,
         -6.45297766e-02,   3.65600772e-02,  -6.86596036e-02,
          3.69805247e-02,   9.67409462e-02,  -5.22254519e-02,
         -5.99501804e-02,  -1.39727667e-02,   1.03613287e-02,
          5.78621142e-02,   2.60049384e-02,   2.27425620e-02,
         -5.67610152e-02,   2.82310639e-02,   7.41386414e-02,
          1.77142229e-02,   8.16582367e-02],
       [ -3.85898212e-03,  -2.24877633e-02,   4.51614521e-02,
          1.97007712e-02,   2.97121555e-02,   6.57450259e-02,
         -8.41649901e-03,   7.37932920e-02,  -3.46795134e-02,
         -1.87780838e-02,   1.38315931e-02,   3.82767953e-02,
         -9.27653164e-02,   3.63861769e-02,  -5.87634789e-03,
         -8.47297441e-03,  -4.74682922e-04,   9.98144597e-03,
          1.30134886e-02,  -4.17194813e-02],
       [  2.85361707e-02,   2.12998912e-02,   2.86795925e-02,
          5.82719855e-02,  -5.64159155e-02,  -1.58764271e-03,
         -2.87236255e-02,   5.56124449e-02,   6.73313290e-02,
          7.39612654e-02,   2.61498592e-03,   1.75467636e-02,
         -1.77940633e-03,  -2.97329221e-02,   4.52539735e-02,
         -5.11655994e-02,   3.04633118e-02,  -1.23789264e-02,
          9.12680551e-02,   1.28088119e-02],
       [ -3.59474830e-02,   6.62442902e-03,   4.99435924e-02,
          1.06557342e-03,  -5.04395477e-02,  -1.47870824e-01,
          3.30277532e-02,   5.98661862e-02,  -4.88842800e-02,
         -2.13226881e-02,  -1.80832461e-01,   4.10965793e-02,
         -3.48602161e-02,  -6.09094687e-02,  -1.26080948e-03,
          4.05487306e-02,  -2.50377990e-02,  -3.82116698e-02,
          2.90048867e-02,  -1.36545068e-02],
       [  5.70971556e-02,   2.03348454e-02,  -5.13525493e-02,
          1.22233424e-02,   9.34861135e-03,  -7.06762224e-02,
         -1.09023571e-01,  -5.70600145e-02,  -6.19875593e-03,
          4.20115481e-04,   1.65677946e-02,  -9.23171565e-02,
          7.38133192e-02,   2.85981391e-02,  -5.15251942e-02,
          3.69741656e-02,  -6.25424087e-02,   2.90292110e-02,
         -1.04696006e-02,  -3.70481946e-02],
       [ -2.30509136e-03,   1.19967014e-02,   3.29920612e-02,
          8.53080451e-02,  -1.87764224e-02,  -7.66064525e-02,
          3.10036782e-02,   8.70617926e-02,   3.72230373e-02,
         -1.73130352e-02,   8.96640494e-02,  -5.36568947e-02,
          1.76344197e-02,  -1.09989397e-01,  -4.73785959e-02,
         -1.61838140e-02,  -2.13435758e-02,  -2.01090984e-02,
          2.30615046e-02,   3.70273665e-02],
       [  3.14337388e-03,  -3.37367132e-02,   6.22223727e-02,
          8.95831361e-02,   1.61515046e-02,   8.08067247e-02,
          5.50222769e-02,   6.17005639e-02,   1.00921271e-02,
          2.94025671e-02,  -7.13353157e-02,   5.82510745e-03,
          1.78582629e-03,   5.76497018e-02,  -9.08230469e-02,
         -9.21884459e-03,  -3.23344097e-02,   3.35582942e-02,
         -7.48765618e-02,   1.33475708e-02],
       [  6.89234063e-02,   1.35579575e-02,  -2.67782994e-02,
          2.65490394e-02,   4.11690772e-02,   3.69003378e-02,
         -3.28202806e-02,  -2.61495467e-02,   1.25214430e-02,
         -7.68579915e-02,   8.01370144e-02,   2.15577111e-02,
          1.42046455e-02,  -1.98156685e-02,   5.08799553e-02,
         -2.47290032e-03,   2.45233569e-02,   1.33256791e-02,
         -4.56381170e-03,  -5.49073592e-02],
       [  2.46313419e-02,   8.67803618e-02,  -2.25260723e-02,
         -2.55981386e-02,   2.21911725e-02,   6.52459413e-02,
         -1.13659967e-02,   1.08100496e-01,   8.16068500e-02,
         -1.33833870e-01,   1.21274460e-02,   1.69872921e-02,
         -1.48378434e-02,  -1.26352891e-01,   7.84503445e-02,
          4.18565534e-02,  -3.26433629e-02,   8.63275211e-03,
         -9.14217830e-02,   2.55097393e-02],
       [ -4.22074012e-02,  -4.90472056e-02,   1.76682938e-02,
         -7.48995841e-02,   8.26069154e-03,  -3.72566655e-02,
         -9.76255746e-04,  -3.28139216e-02,   2.66133230e-02,
          1.35390386e-02,  -3.14589846e-03,   1.83778387e-02,
          1.30260065e-02,  -2.84474324e-02,   1.37423024e-01,
          7.45433271e-02,   2.98145879e-03,   7.56793171e-02,
          6.79663420e-02,  -1.14684328e-02],
       [  7.24148145e-03,   9.59427096e-03,  -5.01324832e-02,
          1.93236880e-02,  -3.16429511e-02,  -1.42703373e-02,
          4.94564734e-02,  -7.42641315e-02,   3.04167066e-02,
          1.15287090e-02,  -2.04552170e-02,  -3.70714418e-03,
          3.78752463e-02,   7.13323131e-02,  -2.24805996e-02,
         -9.44587309e-03,  -1.87612083e-02,  -1.45363379e-02,
         -5.31012425e-03,   3.96211110e-02],
       [  7.58970305e-02,   4.02230360e-02,   1.63544472e-02,
         -7.21919462e-02,   1.50241135e-02,   1.09507501e-01,
         -3.73634212e-02,   5.00069037e-02,   1.45118818e-01,
         -7.50098843e-03,  -7.22305253e-02,   8.65200441e-03,
         -6.25255331e-02,  -2.14902498e-02,   4.42247950e-02,
         -5.54228313e-02,   9.52213034e-02,  -5.69162183e-02,
          7.13363141e-02,  -1.23823918e-01],
       [  9.38013569e-02,  -7.78707489e-02,   6.17159791e-02,
         -1.55570675e-02,   1.01869643e-01,   6.58930615e-02,
         -5.05741425e-02,  -4.26001959e-02,   6.51094317e-02,
         -4.24579084e-02,   7.40270689e-02,   3.77407633e-02,
          5.80903664e-02,   4.79391776e-02,   4.18124311e-02,
          1.19031379e-02,   4.21981812e-02,   3.16051282e-02,
          5.43883853e-02,   2.76636276e-02],
       [ -4.50001620e-02,   5.66594563e-02,   4.20422815e-02,
          7.18212947e-02,   6.97105983e-03,   7.17581585e-02,
          8.86711106e-02,  -2.89627165e-02,  -2.63121575e-02,
         -9.88349691e-03,   6.67790473e-02,  -8.92296880e-02,
         -2.59031840e-02,   7.76216686e-02,   9.74863861e-03,
         -2.50765886e-02,   7.69740865e-02,  -1.31580653e-02,
         -8.88310745e-02,   6.67999685e-02],
       [  1.22641839e-01,   2.43688095e-02,  -9.26518366e-02,
         -7.58693889e-02,   8.04473460e-03,  -5.50521314e-02,
          4.58190516e-02,  -2.11492740e-02,   1.10290125e-02,
          4.03882451e-02,   9.63523164e-02,   2.21660081e-02,
          6.62207529e-02,   5.54900942e-03,  -1.77895725e-02,
          6.71989918e-02,  -1.35760335e-03,   4.44469117e-02,
         -2.13999767e-02,  -3.54280360e-02],
       [ -2.60998961e-02,  -1.59477126e-02,  -2.15084832e-02,
          3.61076258e-02,   3.01731229e-02,  -7.85447285e-02,
          9.46201831e-02,   4.65921499e-02,  -7.48995645e-03,
         -9.10579599e-03,  -2.32694000e-02,  -2.12529134e-02,
         -8.67280588e-02,  -8.13276879e-03,  -5.10828309e-02,
         -2.26286869e-03,  -5.06435037e-02,  -1.62110087e-02,
          4.49924543e-02,  -2.63118907e-03],
       [ -2.94802867e-05,  -1.82958450e-02,  -2.09453739e-02,
          3.54434624e-02,   7.40612969e-02,  -5.48414849e-02,
          1.56435013e-01,  -1.40545908e-02,  -5.74270263e-02,
          4.61799316e-02,  -6.08600490e-02,   4.89521995e-02,
         -7.25244507e-02,   5.61443083e-02,  -3.06936782e-02,
          7.62948021e-02,  -6.54637367e-02,   1.43126070e-01,
          2.23513637e-02,   9.34405848e-02],
       [ -1.55497864e-02,  -3.25329565e-02,   9.45476722e-03,
         -7.95292296e-03,  -7.84080848e-03,  -3.07191312e-02,
          5.16985320e-02,   2.79530622e-02,  -4.95605282e-02,
          3.73020098e-02,  -1.27815432e-03,   5.02922339e-03,
          4.34806431e-03,  -1.00485303e-01,  -4.57148813e-02,
         -8.72726273e-03,  -5.93201108e-02,  -6.65513007e-03,
          2.49660071e-02,   1.86751466e-02],
       [ -1.66249264e-03,  -7.37131834e-02,   1.08933123e-02,
          1.03278898e-01,   1.10220513e-03,   6.42169341e-02,
         -5.40909357e-02,  -1.46341054e-02,  -5.37251942e-02,
         -1.12584248e-01,   1.56050045e-02,   6.33023009e-02,
          4.45517786e-02,  -2.63966620e-02,   2.67652962e-02,
         -5.35426550e-02,  -8.97985790e-03,  -4.73392308e-02,
         -8.69984254e-02,  -1.19629852e-01],
       [  7.06792697e-02,  -7.21270964e-02,  -1.86462011e-02,
         -3.61601310e-03,  -3.05825155e-02,   5.75170480e-02,
         -1.24224303e-02,  -4.67324331e-02,   3.71749140e-02,
         -6.93843281e-03,  -2.32218094e-02,  -5.45918755e-02,
         -6.88926205e-02,   2.69919969e-02,  -6.68943375e-02,
          4.16887254e-02,   1.89280342e-02,   1.89262927e-02,
         -9.40927193e-02,  -1.95951741e-02],
       [  3.82622406e-02,  -4.38098386e-02,   1.20264580e-02,
          1.00585201e-03,   3.63020860e-02,  -2.76836939e-02,
          2.79550590e-02,  -4.96585034e-02,   1.07531575e-02,
         -3.74537446e-02,   2.94714863e-03,  -5.15592806e-02,
          6.03921188e-04,   1.53706614e-02,  -1.03485566e-02,
         -1.79356541e-02,   2.46886332e-02,   3.56306843e-02,
         -9.27615911e-03,   1.54663641e-02],
       [ -3.10003366e-02,   4.07636501e-02,   5.10377362e-02,
          7.09570795e-02,  -4.55604456e-02,   3.67509946e-02,
         -6.74036611e-03,  -5.48620597e-02,   7.66073121e-03,
         -1.05020893e-03,  -1.32451743e-01,  -4.39577140e-02,
          8.88866708e-02,   3.30042988e-02,  -4.43902100e-03,
          1.86088774e-02,   7.33893961e-02,  -4.86434214e-02,
         -1.37588680e-02,   6.52630702e-02],
       [ -8.85210186e-02,   8.37528035e-02,   2.03255843e-02,
         -8.15372989e-02,   2.46804040e-02,   1.77686550e-02,
          7.04570636e-02,   9.50001087e-03,   1.49800973e-02,
         -3.08733732e-02,   3.94695811e-02,   3.17900404e-02,
          1.29060121e-02,  -4.42385264e-02,  -1.89103745e-02,
          6.51286468e-02,   4.15536426e-02,  -7.70087764e-02,
          3.66007211e-03,  -5.82736842e-02],
       [  2.20599975e-02,  -2.53183730e-02,  -1.44346459e-02,
         -1.49242347e-03,   3.11592817e-02,   6.21744655e-02,
          4.18413542e-02,  -7.83997402e-02,  -7.39628747e-02,
         -9.94708575e-03,  -4.24009077e-02,   4.27129678e-02,
         -2.32364349e-02,   1.26295611e-02,   1.80439930e-02,
         -2.90181376e-02,  -3.34306024e-02,  -2.35161912e-02,
          7.00803054e-03,  -6.02183631e-03]], dtype=float32), array([ 0.,  0.,  0.,  0.,  0.,  0.,  0.,  0.,  0.,  0.,  0.,  0.,  0.,
        0.,  0.,  0.,  0.,  0.,  0.,  0.], dtype=float32)][array([[-0.01232357],
       [ 0.04879062],
       [-0.1107439 ],
       [-0.10137375],
       [ 0.00518983],
       [ 0.04643673],
       [ 0.07150479],
       [ 0.00422534],
       [ 0.0026481 ],
       [ 0.01297372],
       [ 0.08289308],
       [ 0.02045867],
       [ 0.01953989],
       [ 0.13106506],
       [ 0.03519735],
       [ 0.04046003],
       [-0.03252765],
       [-0.03895348],
       [ 0.05691313],
       [ 0.03368787]], dtype=float32), array([ 0.], dtype=float32)]