[array([[ 0.0304784 , -0.04807194,  0.05079389,  0.01899592, -0.0185305 ,
         0.0033637 , -0.05490721,  0.01614285, -0.03776696, -0.04162771,
        -0.08137809,  0.06610783,  0.05499183, -0.10177662, -0.09367484,
         0.0621666 , -0.0278002 ,  0.10948094, -0.01348691, -0.03451371,
         0.03967256,  0.08469219,  0.02639054,  0.01307202, -0.05209947,
         0.08988028, -0.03733442, -0.08073249,  0.04400337, -0.02882582,
         0.0625727 , -0.0017162 , -0.00124082,  0.08738935, -0.0021409 ,
         0.02060755, -0.05049172,  0.11212079, -0.09727623,  0.05539415,
         0.06526813,  0.0529908 , -0.02264193,  0.04511392, -0.03969781,
         0.07830805, -0.03435781, -0.1016837 ,  0.03941387,  0.04204093],
       [ 0.02803269, -0.00908795,  0.01542095, -0.02894659,  0.03349761,
         0.20693532,  0.03399718, -0.08131158,  0.10576648, -0.04955981,
         0.08725702, -0.02869173, -0.01496095,  0.06845768,  0.2149169 ,
        -0.02925987, -0.09951057, -0.01469651, -0.07201188,  0.01619144,
        -0.07726903, -0.06656619,  0.00424868,  0.03160755,  0.02516305,
         0.02744141,  0.00297264,  0.01948833,  0.08059616,  0.0059334 ,
        -0.13362706,  0.01252382, -0.03658038,  0.08492449,  0.01997676,
         0.01286802,  0.06435957,  0.05089837, -0.02353631, -0.05927486,
        -0.03915325, -0.01851608,  0.02878312,  0.00581047, -0.03388281,
         0.01843135,  0.02236461, -0.02313493,  0.03135123, -0.12855068]], dtype=float32), array([ 0.,  0.,  0.,  0.,  0.,  0.,  0.,  0.,  0.,  0.,  0.,  0.,  0.,
        0.,  0.,  0.,  0.,  0.,  0.,  0.,  0.,  0.,  0.,  0.,  0.,  0.,
        0.,  0.,  0.,  0.,  0.,  0.,  0.,  0.,  0.,  0.,  0.,  0.,  0.,
        0.,  0.,  0.,  0.,  0.,  0.,  0.,  0.,  0.,  0.,  0.], dtype=float32)][array([[ -3.21658254e-02,   2.49471709e-01,  -3.23114800e-03,
          8.00754353e-02,   2.04672217e-02,  -1.23518191e-01,
          6.84345067e-02,  -2.41024476e-02,  -1.19155943e-02,
         -4.37281020e-02,   1.90294571e-02,   6.79666027e-02,
          9.29269101e-03,   3.31863500e-02,   2.91068945e-03,
         -4.31024767e-02,  -1.62562188e-02,  -5.64501882e-02,
         -6.15477189e-02,   7.05293044e-02],
       [ -5.39566912e-02,   4.79690105e-01,   1.04817785e-01,
         -1.75940897e-02,   2.45585293e-02,  -5.25013022e-02,
         -1.58979483e-02,   3.62935849e-02,   1.18361548e-01,
          1.29255280e-02,  -2.22738571e-02,  -4.53739502e-02,
          4.22942359e-03,  -1.17017636e-02,  -3.19506750e-02,
          5.37842000e-03,   1.77187119e-02,  -2.11375639e-01,
          1.88608214e-01,  -7.87800699e-02],
       [ -1.00443415e-01,  -4.58676130e-01,   8.13967511e-02,
         -1.48310876e-02,   2.21997127e-02,   8.82695615e-02,
          7.66432956e-02,   4.62960675e-02,  -4.20140140e-02,
         -5.59920147e-02,  -8.45927820e-02,  -3.61293517e-02,
         -1.02486685e-02,  -2.11834367e-02,   7.56897852e-02,
         -6.60963431e-02,  -6.76758448e-03,   4.46821898e-02,
         -1.77394855e-03,   9.57847834e-02],
       [  6.02515452e-02,  -8.56641650e-01,   1.97150595e-02,
         -9.73112043e-03,  -1.33857522e-02,  -4.85374108e-02,
         -1.94134898e-02,  -2.27678642e-02,  -2.47072466e-02,
         -3.02011129e-02,  -4.47875671e-02,  -5.58800548e-02,
          1.50966467e-02,  -2.27134279e-03,   7.87093416e-02,
          9.07441508e-03,  -1.24023892e-02,   3.98131877e-01,
         -5.41715045e-03,   1.33179307e-01],
       [ -1.80932969e-01,  -3.68022430e-03,  -4.25255559e-02,
         -2.29808018e-02,  -7.09111542e-02,   1.53562175e-02,
          4.47161011e-02,   3.57114486e-02,  -2.11453177e-02,
          8.93980358e-03,   3.79568562e-02,   2.49037892e-02,
          2.77974159e-02,   9.63069052e-02,  -8.23113248e-02,
         -3.15697640e-02,  -3.35716791e-02,  -1.16078615e-01,
         -5.46487607e-02,   1.32151738e-01],
       [ -8.23147595e-03,  -1.82623714e-01,  -9.13197920e-02,
         -6.81652650e-02,  -3.78929377e-02,  -1.02577277e-03,
         -2.88500674e-02,   4.51079011e-02,  -3.59812356e-03,
          5.85763454e-02,  -3.73965176e-03,  -1.53920040e-01,
          4.24533784e-02,  -3.85985710e-02,   4.29950804e-02,
          3.63366609e-03,   3.34202461e-02,   1.71407729e-01,
         -1.86185181e-01,  -7.42960945e-02],
       [ -2.61951629e-02,   3.24578345e-01,  -1.03358133e-02,
          3.43809426e-02,  -3.54079641e-02,   1.36359155e-01,
         -3.71145532e-02,  -6.42353576e-03,   3.43675129e-02,
         -1.57653634e-02,   1.24498261e-02,  -7.00808764e-02,
          3.39404605e-02,  -1.45511720e-02,   9.50578507e-03,
         -4.52760123e-02,   2.33606175e-02,  -1.92453012e-01,
          1.65356562e-01,   3.34096178e-02],
       [  4.95496131e-02,  -8.01097512e-01,  -1.54447351e-02,
          1.13782696e-02,   2.95946058e-02,   5.69519177e-02,
         -2.27036681e-02,   7.19048306e-02,  -4.15087352e-03,
         -2.33674366e-02,  -2.43607014e-02,   3.12478453e-01,
          5.05626984e-02,  -2.76534259e-02,  -2.19069682e-02,
          4.18744721e-02,  -2.46163215e-02,   2.98642516e-01,
         -1.04877785e-01,   9.71413106e-02],
       [  4.72546294e-02,  -9.99867916e-01,  -8.45079403e-03,
         -6.13399558e-02,  -8.42928737e-02,  -9.28263739e-03,
         -1.01192892e-02,  -5.76665439e-02,   5.12908911e-03,
         -3.94012360e-03,   2.13851072e-02,   2.68880129e-01,
         -1.86785348e-02,   1.20595805e-02,   4.27853875e-02,
          5.59985526e-02,  -1.31202703e-02,   6.64423645e-01,
          7.70114968e-03,   1.23624250e-01],
       [ -1.52230799e-01,  -5.11619806e-01,  -9.31450650e-02,
         -1.30966380e-02,  -4.35883515e-02,  -2.64140703e-02,
         -3.47942673e-03,  -6.26302585e-02,   1.24194128e-02,
         -8.26568007e-02,  -7.72493109e-02,   1.73371285e-01,
         -4.58992273e-02,  -4.21634279e-02,   2.51545664e-02,
         -1.49781508e-02,  -1.16960024e-02,   3.93632948e-01,
          4.48274650e-02,  -2.41740495e-02],
       [  7.07124770e-02,  -7.87836194e-01,   1.30790770e-02,
         -4.07300442e-02,   2.02672966e-02,   7.55853578e-02,
          3.08814133e-03,   1.98679809e-02,   2.18425933e-02,
         -7.60575384e-02,   1.27038229e-02,   2.45654434e-01,
         -2.14399435e-02,  -2.30030082e-02,  -7.75950477e-02,
         -1.37130299e-03,   7.39286467e-03,   5.23699820e-01,
         -6.23826869e-03,  -1.69454776e-02],
       [  1.27972178e-02,   5.39532781e-01,  -6.95775822e-02,
         -8.94822106e-02,  -5.25880754e-02,  -4.27967273e-02,
         -3.62098254e-02,   9.37557593e-02,  -4.77670655e-02,
          2.70683207e-02,  -4.99911122e-02,   1.22676045e-02,
          6.21194504e-02,   6.50272891e-02,   5.33150807e-02,
         -4.63033095e-02,   1.95401628e-03,  -2.18111023e-01,
          6.47539794e-02,   5.66061772e-03],
       [ -1.90032907e-02,  -2.27863789e-01,   4.69674282e-02,
         -3.63827683e-02,   4.81686927e-03,   3.80565114e-02,
          2.93781795e-02,  -5.03090508e-02,   2.91623063e-02,
          1.36336774e-01,   3.41893137e-02,  -1.04292028e-01,
         -2.26137415e-02,  -4.89191487e-02,   8.67766589e-02,
         -1.23748870e-03,  -6.78468198e-02,   3.27588290e-01,
         -5.89332767e-02,  -8.35020617e-02],
       [  8.09298381e-02,   1.15872896e+00,  -1.04273759e-01,
          2.60885153e-02,   7.09928349e-02,   4.87823002e-02,
          8.82169530e-02,   4.07307632e-02,   1.78804086e-03,
          1.40000924e-01,   2.30138022e-02,  -1.25973135e-01,
         -4.01571505e-02,  -4.87878695e-02,   6.37257323e-02,
          4.50947462e-03,   1.90893933e-03,  -3.86910796e-01,
          3.63958836e-01,  -5.38385287e-02],
       [ -6.20396994e-03,  -3.40042144e-01,  -5.11984117e-02,
         -8.68985057e-02,   6.89972267e-02,  -3.47343944e-02,
         -2.88796797e-02,   7.44910259e-03,  -5.53521775e-02,
          1.95413502e-03,   1.25813065e-02,  -8.45877305e-02,
          2.12047785e-03,   1.25611229e-02,  -6.87229913e-04,
          7.90925622e-02,  -2.25819051e-02,   5.29016331e-02,
         -9.53097176e-03,   1.06456570e-01],
       [ -8.56430680e-02,  -2.35904381e-01,  -4.93811704e-02,
         -5.26526086e-02,  -5.80420010e-02,   2.66608484e-02,
         -2.70924289e-02,  -4.71331365e-03,  -5.48293293e-02,
         -2.98533821e-03,   7.96793401e-03,   7.49060065e-02,
         -5.16996311e-04,   4.04886939e-02,   1.48762748e-01,
         -2.48853937e-02,   5.11412919e-02,   1.55818343e-01,
         -1.38050810e-01,   1.11493636e-02],
       [ -7.33799338e-02,  -2.65506983e-01,  -5.65354601e-02,
         -1.24567905e-02,   6.82906434e-02,   5.49115892e-03,
          1.60777196e-02,   5.71000017e-02,  -2.39907186e-02,
          4.79581505e-02,   8.72100443e-02,  -9.21651721e-02,
         -5.38161695e-02,   8.28125104e-02,  -1.34230956e-01,
          8.81399736e-02,   3.10128508e-03,   1.69988394e-01,
         -3.25412042e-02,   2.41237096e-02],
       [ -8.18931311e-02,   7.00146198e-01,   8.70703440e-03,
         -3.04818656e-02,   1.26722129e-02,   3.51267844e-03,
         -3.37015688e-02,   7.60585368e-02,   2.64746901e-02,
         -7.93997291e-03,   3.57376151e-02,   1.35721028e-01,
         -6.88364729e-03,  -8.51173177e-02,   7.36078769e-02,
         -4.36917543e-02,   1.12667279e-02,  -9.70092341e-02,
         -1.79195236e-02,   1.02036662e-01],
       [  7.53789917e-02,   8.71434882e-02,   2.70446837e-02,
          3.19165960e-02,   3.69783416e-02,   3.57232951e-02,
         -5.11357598e-02,  -5.22583276e-02,   8.90367925e-02,
          2.27519572e-02,   4.78803627e-02,   3.73785198e-01,
         -2.84086913e-02,  -1.92275569e-02,   6.44970164e-02,
          4.54588979e-02,   4.88526486e-02,  -1.35964453e-01,
         -1.20449357e-01,   7.55777285e-02],
       [ -1.51045760e-02,   1.35196760e-01,  -6.29065037e-02,
          5.60397692e-02,   7.23212659e-02,   2.52892207e-02,
         -1.19522065e-01,   9.64770317e-02,   1.15975939e-01,
          1.62807689e-03,  -4.21681367e-02,   6.17214926e-02,
         -7.62887746e-02,  -1.03519857e-02,  -1.10644422e-01,
          6.54145926e-02,  -4.98782210e-02,  -8.11172277e-03,
         -2.25919694e-01,   1.65293559e-01],
       [  3.32071111e-02,  -1.16911769e+00,   4.13612425e-02,
         -1.82956625e-02,  -5.58145531e-03,   8.31411183e-02,
         -4.46829423e-02,   1.60331547e-01,   1.38074933e-02,
         -1.53603228e-02,   3.16248201e-02,  -6.52229041e-02,
          4.40039821e-02,  -2.15996243e-02,  -6.20891573e-03,
         -5.09050377e-02,  -1.70314405e-02,   2.61431396e-01,
         -4.48452048e-02,  -7.59709906e-03],
       [  1.63507685e-01,   4.52042729e-01,   7.16560800e-03,
         -7.19475299e-02,   1.69311706e-02,   2.91492557e-03,
         -5.35146780e-02,   6.63885251e-02,   9.26043317e-02,
         -1.11184083e-03,  -1.86829995e-02,  -4.39736471e-02,
         -5.78027824e-03,   8.59154686e-02,  -2.47810949e-02,
         -2.08078828e-02,   1.25124929e-02,  -2.78524399e-01,
         -1.65901467e-01,   1.82566375e-01],
       [ -4.26708534e-02,  -9.84356701e-01,  -3.05423867e-02,
         -3.76447029e-02,  -9.61207878e-03,  -5.41123450e-02,
         -1.07913930e-02,   1.57440882e-02,  -5.15411906e-02,
          1.78205725e-02,  -6.89834207e-02,  -1.80038114e-04,
          1.10595943e-02,  -1.80242416e-02,  -5.17230434e-03,
          1.11058326e-02,  -7.80686224e-03,   5.55981994e-01,
          1.62561014e-01,   1.92531291e-02],
       [ -1.15118828e-02,  -3.44812572e-02,   2.79673394e-02,
         -3.84898297e-02,   9.21982229e-02,   4.19902354e-02,
          1.35931121e-02,  -2.26944182e-02,   7.52187446e-02,
          2.83213314e-02,   2.72479597e-02,   2.15855628e-01,
         -1.48241390e-02,   7.70893767e-02,  -3.95916542e-03,
         -6.23417199e-02,   3.28589790e-02,  -9.28443670e-02,
         -5.64054772e-02,  -1.91669390e-01],
       [ -1.39629409e-01,  -1.07153952e-01,   8.32858086e-02,
         -8.85533541e-02,   2.70461328e-02,  -5.87965213e-02,
         -3.02355085e-02,   9.71089378e-02,   6.77258475e-03,
          9.61097609e-03,  -1.41363237e-02,  -3.07778656e-01,
         -2.03024764e-02,   7.16524422e-02,   4.64645401e-02,
         -2.48427670e-02,   7.22269788e-02,  -1.80640936e-01,
          2.79983487e-02,  -6.77770004e-02],
       [ -9.20067728e-02,  -6.59428984e-02,   5.87071441e-02,
         -6.19872473e-03,   2.01855917e-02,   5.21290908e-03,
          1.57712065e-02,   3.06514911e-02,  -1.82994537e-03,
         -4.53914963e-02,   4.84236293e-02,  -1.24484576e-01,
         -7.10463524e-02,   1.83137897e-02,   2.80850325e-02,
         -3.69324014e-02,   2.40796823e-02,  -9.15621668e-02,
          2.56570242e-03,   7.31820315e-02],
       [ -5.77726997e-02,   1.01524055e+00,  -6.58240286e-04,
         -7.98937902e-02,   3.99358459e-02,   6.20800517e-02,
         -8.64062738e-03,  -5.24254367e-02,  -5.19816838e-02,
         -3.58644538e-02,   1.21340947e-02,   1.75625801e-01,
          4.23029773e-02,   2.84984838e-02,   3.29766385e-02,
          1.09477276e-02,  -1.26099661e-02,  -3.04259419e-01,
         -7.80462399e-02,  -6.24540262e-02],
       [ -1.00958981e-02,  -6.81590915e-01,  -7.85248801e-02,
          1.63736194e-02,  -3.47982049e-02,   4.21139859e-02,
          3.02980337e-02,  -2.39107814e-02,  -5.03065772e-02,
         -4.67513921e-03,   3.65099940e-03,   2.29162276e-01,
         -8.95097479e-03,   2.05826312e-02,  -4.41774502e-02,
         -8.04120377e-02,   3.17889010e-03,   2.53955781e-01,
         -2.04990506e-02,   1.90261379e-01],
       [  1.03290185e-01,   1.66705027e-01,  -1.38940230e-01,
          1.79701503e-02,  -2.99091171e-02,   2.11450756e-02,
          7.59691522e-02,   1.67440474e-01,  -3.61013748e-02,
         -2.52798032e-02,  -1.44780818e-02,   1.30607113e-01,
         -1.08415306e-01,   1.14787351e-02,  -5.96326552e-02,
          9.72580165e-02,   4.87402491e-02,  -3.09206158e-01,
          8.88774395e-02,  -1.08789615e-01],
       [  2.01230459e-02,  -1.11520386e+00,   1.96120795e-02,
         -1.46074388e-02,  -1.42959341e-01,  -5.96792810e-03,
         -3.30413878e-03,   7.41599500e-02,   2.66829319e-03,
         -4.57507707e-02,  -1.60712432e-02,   1.09654218e-01,
          9.45573896e-02,  -8.13250467e-02,  -1.55323213e-02,
         -4.27794866e-02,   1.09584823e-01,   3.79592866e-01,
          5.45888878e-02,   3.25438706e-03],
       [  2.27064192e-02,  -9.38059688e-02,  -1.16387166e-01,
          6.31462634e-02,   1.40614007e-02,   3.20657454e-02,
         -2.47473996e-02,  -3.40432376e-02,  -3.19089219e-02,
          5.24941087e-02,   8.00673813e-02,  -2.94839013e-02,
          7.48544559e-02,   1.13420431e-02,   9.66350958e-02,
         -6.27497584e-03,  -1.02350600e-02,  -4.00504470e-02,
          2.41039898e-02,  -1.04306310e-01],
       [ -1.46397918e-01,   1.03555575e-01,   2.41311342e-02,
          6.87042659e-04,   3.56703959e-02,   1.92537289e-02,
          1.40298516e-01,  -2.69056745e-02,   4.08694223e-02,
          5.42563982e-02,   8.32443312e-03,   4.51817662e-02,
          5.00967689e-02,   8.51136819e-03,   5.97742684e-02,
         -1.82116833e-02,   7.52177760e-02,   7.12729692e-02,
         -7.49183744e-02,  -9.73275080e-02],
       [  1.98742189e-02,   1.01367557e+00,  -5.96007593e-02,
         -1.28539819e-02,   3.81921791e-02,  -2.02738326e-02,
         -2.05188207e-02,   1.25680231e-02,  -1.37953237e-02,
          4.57751192e-03,  -3.49800400e-02,  -9.82599705e-02,
          2.83887796e-03,  -8.67883638e-02,   6.00668900e-02,
          1.54878397e-03,   5.49181402e-02,  -6.28251508e-02,
          1.58486605e-01,  -1.45675421e-01],
       [  1.76981334e-02,  -5.85783958e-01,   3.95503305e-02,
          1.85601122e-03,  -8.86628926e-02,   1.81504693e-02,
          2.28430796e-02,   8.72248411e-02,  -5.23733273e-02,
         -2.13788096e-02,  -4.15057270e-03,  -1.35794938e-01,
         -2.67971847e-02,   9.19390470e-02,   1.64699443e-02,
          5.68477623e-02,   3.36458795e-02,  -1.02061871e-02,
          4.82875593e-02,  -1.36572480e-01],
       [  9.87039357e-02,   3.38646054e-01,  -1.58340875e-02,
          4.29660082e-02,   5.51175848e-02,  -1.14063136e-01,
          3.27006802e-02,  -1.36242975e-02,  -3.52683254e-02,
         -2.50524916e-02,  -8.34294483e-02,   1.69725195e-01,
         -5.11727743e-02,  -4.78395000e-02,   3.85921784e-02,
          1.56372245e-02,  -9.15969443e-03,  -1.05027385e-01,
          3.51960398e-02,  -6.55260980e-02],
       [ -6.82639778e-02,  -4.50356215e-01,  -8.93030018e-02,
         -2.72354074e-02,  -3.07494644e-02,   6.02123439e-02,
         -3.89542021e-02,   3.89399342e-02,   3.19354469e-03,
          6.71423450e-02,  -4.86359112e-02,   8.32012445e-02,
          1.65436789e-02,   7.38352612e-02,  -2.05423823e-03,
          1.36663113e-03,  -1.04707098e-02,   1.02600701e-01,
          9.84003469e-02,   1.77121550e-01],
       [ -1.32774338e-02,   1.10328281e+00,   1.23907123e-02,
         -9.59708076e-03,  -1.95141453e-02,  -6.72827587e-02,
         -2.70630643e-02,   2.93895020e-03,   3.16948048e-03,
         -3.65369092e-03,  -1.69708580e-01,  -6.16828799e-02,
         -1.00447915e-01,  -5.19580618e-02,   5.06903529e-02,
         -4.95907618e-03,   4.54096310e-02,  -5.06631196e-01,
          5.89596145e-02,  -7.24195167e-02],
       [  4.84928070e-03,  -1.55943811e-01,   1.09387049e-02,
         -1.54455394e-01,  -1.78200565e-02,  -4.01056074e-02,
          4.02525999e-02,   6.31515980e-02,   1.42425178e-02,
          6.78041345e-03,  -1.59488227e-02,  -6.97939843e-02,
         -3.88940722e-02,  -1.12796843e-01,   3.46224196e-02,
          1.79589761e-03,  -2.89486684e-02,   4.92065735e-02,
          5.46219945e-02,  -4.76942137e-02],
       [  6.38889298e-02,  -1.61302343e-01,  -4.18187566e-02,
          3.91337387e-02,  -3.63363400e-02,   5.74867725e-02,
          7.58625269e-02,   1.80882178e-02,   1.12642087e-01,
          9.26764589e-03,  -3.06800883e-02,  -8.66050273e-02,
          2.20398959e-02,  -3.99811491e-02,   2.89808940e-02,
          4.16785367e-02,  -1.11424932e-02,  -8.38670507e-03,
         -6.09832071e-02,   1.07329719e-01],
       [  4.21930067e-02,   3.64427894e-01,   4.34611663e-02,
          3.52700776e-03,   1.77088287e-02,  -3.07169091e-02,
         -4.76211533e-02,  -2.19706129e-02,   5.47153540e-02,
          9.00976583e-02,  -2.68207910e-03,  -4.05452132e-01,
         -8.23390633e-02,  -6.64770557e-03,  -8.65220279e-02,
          7.69128129e-02,  -6.91815764e-02,  -2.29505986e-01,
         -2.08932701e-02,   1.37444273e-01],
       [ -2.10840013e-02,   6.08884037e-01,  -5.14571741e-02,
         -4.24441658e-02,   8.80021155e-02,   3.14684100e-02,
          2.94067804e-02,  -5.99685796e-02,  -8.69834125e-02,
          5.95484972e-02,  -3.11528984e-02,  -3.46670359e-01,
         -4.32094857e-02,   6.14976743e-03,  -2.69624442e-02,
          3.83723602e-02,  -5.07185459e-02,  -2.38755748e-01,
          1.79802090e-01,  -4.16772887e-02],
       [ -2.98109353e-02,  -3.77926648e-01,  -5.44348322e-02,
         -5.20963185e-02,  -3.64365987e-02,  -1.02450512e-01,
         -4.43134233e-02,   2.52117179e-02,  -2.20435183e-03,
         -2.05244012e-02,   9.16670449e-03,   8.57977197e-02,
          5.46836620e-03,   4.40972820e-02,   5.23237586e-02,
          3.96432839e-02,   3.11410259e-02,   9.94832367e-02,
         -1.74687177e-01,   9.20865163e-02],
       [  7.28254393e-02,  -9.73809123e-01,  -3.74478661e-02,
         -2.18162257e-02,   2.83619203e-02,   7.49409124e-02,
         -3.67077701e-02,  -1.84660591e-02,   1.92514490e-02,
         -1.25931054e-01,   2.83604022e-02,   9.79804248e-02,
         -6.16134657e-03,   9.08543319e-02,   2.98414584e-02,
          2.22241059e-02,  -2.87839305e-02,   2.09359288e-01,
          5.91067821e-02,  -1.10721312e-01],
       [  1.62185028e-01,  -9.55465138e-01,  -3.74368578e-02,
          2.64049023e-02,  -4.59803119e-02,  -5.31803630e-03,
          1.37656992e-02,  -1.05872996e-01,  -5.00553660e-02,
         -9.82783437e-02,  -1.59777235e-02,  -8.98949744e-04,
         -3.07546835e-02,   3.93753164e-02,  -2.09871377e-03,
         -2.57626455e-03,  -9.71821509e-03,   3.01601321e-01,
         -2.18381196e-01,   2.37156581e-02],
       [ -9.59025994e-02,   4.83895212e-01,   7.13621005e-02,
          7.86526129e-02,   1.49118844e-02,   1.67583693e-02,
          2.39874162e-02,   4.23104018e-02,   5.56937698e-03,
         -4.95751016e-02,  -2.46723890e-02,  -2.75086403e-01,
          3.59724537e-02,  -1.95696279e-02,   9.37504992e-02,
          4.38172780e-02,   8.33314061e-02,   1.60147753e-02,
         -1.53975366e-02,   1.47314623e-01],
       [  1.90169346e-02,  -7.89750636e-01,   4.13249247e-02,
         -6.03637174e-02,   3.00652366e-02,   7.30180964e-02,
          1.86833609e-02,   1.32583100e-02,  -3.59918666e-03,
         -1.34106828e-02,  -5.30451499e-02,  -3.36698852e-02,
          2.90612411e-02,  -6.49681613e-02,   1.82472803e-02,
          1.25182597e-02,   2.41777431e-02,   2.26948321e-01,
         -9.09375120e-03,  -6.98110163e-02],
       [ -2.74268426e-02,   8.87394011e-01,   9.86558199e-02,
         -2.80657001e-02,  -2.46706009e-02,  -2.15053279e-03,
          6.76266775e-02,  -2.00257543e-02,   2.69059092e-02,
         -1.63094867e-02,   3.08781173e-02,   2.25640938e-01,
          1.20302616e-02,   4.68442068e-02,  -8.69390294e-02,
         -4.43134159e-05,   1.06967211e-01,  -3.40398669e-01,
          2.21513420e-01,  -3.21425945e-01],
       [  5.59658697e-03,  -9.28618431e-01,  -9.40013584e-03,
          1.64651927e-02,   1.70200840e-02,  -2.63673905e-02,
         -6.64376616e-02,  -1.65285803e-02,  -3.82875651e-02,
          3.45961526e-02,  -2.18647402e-02,   1.26515388e-01,
         -9.60581657e-03,  -1.00868242e-03,  -2.50227097e-03,
          4.63829823e-02,  -3.67351584e-02,   2.17197984e-01,
          9.30096209e-02,  -2.10632011e-01],
       [  7.70651549e-02,   1.41015327e+00,   1.05769103e-02,
         -1.76404025e-02,   4.90586609e-02,  -1.12084262e-01,
          6.45942613e-02,  -2.09451430e-02,   4.10790369e-02,
          9.49989557e-02,   4.88928286e-03,  -2.92364687e-01,
         -2.20941491e-02,  -6.90826103e-02,  -1.87903531e-02,
         -4.62315930e-03,   3.77538614e-02,  -5.71339667e-01,
         -1.13834284e-01,  -7.76775032e-02],
       [  1.84660149e-03,   1.75328806e-01,  -1.55472327e-02,
         -1.44022275e-02,  -5.08761965e-02,  -1.82803273e-02,
          8.51184316e-03,  -2.79562082e-02,   1.45263970e-02,
         -2.24775355e-03,   7.11616501e-03,  -9.38415155e-02,
         -1.34861693e-02,  -2.67348327e-02,  -5.01288548e-02,
         -3.41718346e-02,  -7.77771398e-02,  -8.95350724e-02,
          6.78723827e-02,  -1.07988283e-01]], dtype=float32), array([ 0.,  0.,  0.,  0.,  0.,  0.,  0.,  0.,  0.,  0.,  0.,  0.,  0.,
        0.,  0.,  0.,  0.,  0.,  0.,  0.], dtype=float32)][array([[-0.06807511],
       [-0.05652955],
       [-0.06473661],
       [ 0.00565623],
       [ 0.12750196],
       [-0.00456376],
       [ 0.00304326],
       [ 0.06784786],
       [ 0.08512798],
       [-0.06391042],
       [-0.02420328],
       [ 0.05637337],
       [ 0.04001228],
       [ 0.01116083],
       [ 0.01985925],
       [-0.02391462],
       [ 0.01015015],
       [-0.00888311],
       [ 0.12874663],
       [ 0.05196229]], dtype=float32), array([ 0.], dtype=float32)]