[array([[  6.54858872e-02,   4.38223369e-02,   1.66595522e-02,
         -5.33629432e-02,   8.90200865e-03,  -4.78480347e-02,
         -8.34671780e-02,   1.53423324e-02,   7.27778599e-02,
          6.24970309e-02,   1.43972980e-02,  -1.03857480e-01,
          1.67333614e-02,  -8.24441239e-02,  -3.65777761e-02,
         -8.61454755e-02,  -3.00107542e-02,   2.09772550e-02,
         -3.91945951e-02,  -5.56244850e-02,   4.78124842e-02,
         -2.31815316e-02,  -1.19891344e-02,   1.10661564e-02,
          9.15902704e-02,  -2.55134348e-02,   7.12310290e-03,
         -2.41761841e-02,  -4.48410921e-02,  -7.55034760e-02,
          2.80540287e-02,  -5.68511672e-02,  -5.87396882e-02,
         -4.75475704e-03,  -2.98560839e-02,  -8.97145048e-02,
         -3.75641137e-02,  -2.99682505e-02,   1.89191177e-02,
          1.37755321e-02,   2.59046797e-02,  -1.90576129e-02,
         -1.49226934e-02,  -2.97045652e-02,   3.75487693e-02,
          5.50103858e-02,  -4.17076889e-03,  -8.82207975e-02,
         -5.57360016e-02,   5.24787977e-02],
       [ -2.73908079e-02,  -8.15606639e-02,  -3.41368280e-02,
         -1.21721784e-02,  -5.50199475e-04,  -1.37405647e-02,
          5.70501648e-02,  -2.18960848e-02,   2.29914580e-02,
          2.37720069e-02,  -2.38499921e-02,  -3.86794657e-02,
         -6.22983649e-02,   3.84384952e-02,   7.17441961e-02,
         -2.68799160e-02,  -3.94832306e-02,  -4.37972210e-02,
         -1.05022071e-02,   1.33231133e-02,  -7.19530601e-03,
          6.84451908e-02,   3.95687856e-03,   2.35361066e-02,
         -3.82009223e-02,  -1.92007087e-02,  -2.36253496e-02,
          6.31357357e-02,   6.35841861e-03,   1.20369017e-01,
          2.78640147e-02,  -9.79044661e-03,  -6.99196681e-02,
         -1.99357029e-02,   2.71871295e-02,   4.99090813e-02,
          1.51785957e-02,  -1.14579555e-02,  -1.42012406e-02,
          6.11001626e-02,   1.75550301e-02,   9.47089773e-03,
         -1.50989266e-02,  -3.51837836e-02,  -3.21604013e-02,
          1.03900824e-02,  -3.50871086e-02,   4.40877816e-03,
          3.43886279e-02,   5.55485254e-03],
       [ -1.15876451e-01,   4.16053310e-02,  -1.10829668e-02,
         -5.19526750e-03,  -2.61678156e-02,   4.33165580e-02,
          2.02541966e-02,  -1.37963099e-02,   6.16956130e-02,
          2.45012417e-02,   2.71282550e-02,   7.50439093e-02,
          9.76343919e-03,  -8.10673647e-03,   3.28615867e-02,
          2.83257272e-02,  -5.40148094e-02,  -7.97505379e-02,
          1.39740720e-01,  -1.17661795e-02,   8.61184672e-02,
         -7.05401301e-02,   2.62687542e-02,  -3.45944501e-02,
         -5.97268518e-05,   3.65466587e-02,  -8.28804746e-02,
          5.92879169e-02,  -1.99634973e-02,   7.06328973e-02,
         -2.50714365e-02,   1.74158288e-03,   4.20580618e-02,
          1.48933101e-03,  -1.14888251e-02,   1.00724272e-01,
         -3.56652588e-02,   8.27341792e-05,  -1.33704795e-02,
         -2.97115501e-02,  -4.27699685e-02,   3.29418778e-02,
         -4.00210135e-02,   3.35811824e-02,   4.97019803e-03,
          7.80967176e-02,   4.09221053e-02,  -3.82788554e-02,
         -7.63729438e-02,  -7.57987797e-02],
       [ -6.32322058e-02,   3.40926205e-03,   7.36604780e-02,
          3.27828154e-02,  -4.71278019e-02,  -4.20772135e-02,
          1.64832156e-02,  -6.50829375e-02,  -1.14338212e-01,
          6.92590103e-02,  -8.07339977e-03,   3.77002582e-02,
         -4.87998463e-02,  -5.41074239e-02,  -2.58024945e-03,
          2.26493757e-02,   1.47550749e-02,  -7.32206553e-02,
          6.18084148e-02,   2.53297295e-02,  -7.87890851e-02,
          8.76195077e-03,   1.65779050e-02,  -3.85831930e-02,
          4.91547808e-02,   4.04856615e-02,   6.50632009e-02,
         -7.89186824e-03,  -2.40944792e-02,   2.13313773e-02,
          4.41494724e-03,  -4.27655093e-02,   2.75528338e-02,
          2.69819703e-02,   9.60357767e-03,  -9.32819247e-02,
         -8.39996338e-03,   3.12392302e-02,   8.69837552e-02,
         -3.14355940e-02,   4.70925011e-02,   6.19359575e-02,
         -5.21719716e-02,  -6.31168708e-02,  -2.46922355e-02,
         -3.30888084e-03,  -5.62233627e-02,   1.27871362e-02,
         -3.73882018e-02,  -6.89998493e-02],
       [  2.68075503e-02,   7.86979422e-02,  -9.66986816e-04,
          1.23335859e-02,  -2.54725702e-02,   2.75610778e-02,
          5.43457046e-02,   2.61253249e-02,   4.32153884e-03,
         -2.71674935e-02,  -5.43132387e-02,   3.35124768e-02,
          6.53369427e-02,   7.73017555e-02,   1.03527628e-01,
          4.34804745e-02,   5.76907061e-02,  -4.10048068e-02,
          2.63779145e-02,  -5.30960178e-03,   4.51030023e-03,
         -6.32577464e-02,   8.10155645e-03,   1.32877398e-02,
         -1.39727518e-02,   7.52054676e-02,  -3.62875662e-03,
         -1.58628654e-02,   4.49676532e-03,   4.67932224e-03,
         -8.12186208e-03,  -1.21169031e-01,   3.95511277e-02,
          5.53597808e-02,   8.66992474e-02,   4.85046115e-03,
          1.58115700e-02,   2.72048693e-02,  -2.06630211e-02,
          4.33101691e-02,  -1.97275449e-02,  -8.66748020e-03,
         -4.11547311e-02,  -4.38909000e-03,   4.58560102e-02,
         -9.69544202e-02,  -1.89819317e-02,   1.14966808e-02,
         -6.18369179e-03,  -7.81392120e-03],
       [ -3.05410717e-02,   1.25300782e-02,   1.80837885e-02,
         -9.70875323e-02,  -7.98924547e-03,   1.79676097e-02,
          2.92348098e-02,   2.51497068e-02,   2.02146452e-03,
          6.39467165e-02,  -1.66624393e-02,   2.83340607e-02,
         -5.81615865e-02,   8.49834085e-02,  -5.34596443e-02,
         -3.18355672e-02,   2.00995654e-02,   2.79226732e-02,
          8.89267027e-03,   1.05317809e-01,   3.05655301e-02,
         -3.60915181e-03,   3.92558984e-02,   1.16818942e-01,
         -6.28433004e-03,  -3.62884104e-02,  -4.18667383e-02,
         -4.23856936e-02,   4.18686531e-02,   9.78093147e-02,
          1.90878939e-02,  -3.01121897e-03,   4.05701250e-02,
          1.50413707e-01,  -9.19335522e-03,  -4.55262000e-03,
          3.70768569e-02,  -5.11501543e-02,   1.49255786e-02,
         -8.34681001e-03,  -4.03486975e-02,  -3.07526384e-02,
         -1.47237601e-02,   1.15752229e-02,  -3.75613384e-02,
          4.07789722e-02,   4.05221209e-02,  -2.79820990e-02,
          7.31877312e-02,  -8.25574715e-03],
       [  8.71798769e-02,   6.62066042e-02,   5.71288541e-02,
          3.04649281e-03,   8.24153516e-03,  -5.42684160e-02,
         -6.16591871e-02,   3.86966318e-02,   6.20998032e-02,
          5.43099232e-02,   4.96368743e-02,  -3.79881784e-02,
          2.91104317e-02,  -6.54797330e-02,   1.15050320e-02,
         -4.45974581e-02,  -1.43302828e-02,  -3.40026990e-02,
         -5.88025525e-02,   7.61832595e-02,  -5.11092357e-02,
          5.83881736e-02,   4.71981056e-02,   1.44229159e-01,
          5.55683784e-02,   6.14138320e-02,  -4.62604091e-02,
          2.03486495e-02,  -6.25377521e-02,   4.61158454e-02,
         -1.28317205e-02,  -7.08081201e-03,  -9.39399097e-03,
         -5.87965436e-02,   9.50947553e-02,  -4.54290323e-02,
         -3.62698473e-02,  -3.63208987e-02,   4.07367013e-02,
         -3.72504517e-02,   4.40363549e-02,   4.89056222e-02,
          5.16428426e-02,   1.13510592e-02,  -1.26592204e-01,
          4.51382063e-03,   2.49111895e-02,   3.13836001e-02,
          5.95661066e-02,  -6.46429276e-03],
       [  2.72263139e-02,  -2.47291345e-02,   6.87184138e-03,
          8.97105038e-02,   3.49485688e-02,   3.14157419e-02,
         -1.47771211e-02,  -2.35529654e-02,  -4.61064018e-02,
         -5.46248956e-03,  -2.56731943e-03,   7.18815550e-02,
         -5.80942631e-02,  -9.49849337e-02,  -2.98156086e-02,
          4.78546433e-02,   1.76698528e-02,  -5.73714152e-02,
          1.44182518e-02,  -5.34067750e-02,  -9.43796244e-03,
         -3.73845994e-02,   3.44958976e-02,   5.69313280e-02,
          2.85004769e-02,  -5.20553961e-02,  -1.69898197e-02,
          1.96900032e-03,  -3.99611592e-02,  -8.84475652e-03,
         -1.93800684e-02,  -4.58129570e-02,   7.39300773e-02,
         -2.75107976e-02,  -6.76887557e-02,  -8.28871503e-03,
          2.42388528e-02,   7.31793568e-02,   2.37224754e-02,
         -5.23944609e-02,  -4.37922813e-02,   2.95744780e-02,
          3.97076411e-03,   3.53150157e-04,  -1.19428098e-01,
         -1.31762419e-02,   4.53496240e-02,   4.63795923e-02,
          2.93364432e-02,   2.51772553e-02]], dtype=float32), array([ 0.,  0.,  0.,  0.,  0.,  0.,  0.,  0.,  0.,  0.,  0.,  0.,  0.,
        0.,  0.,  0.,  0.,  0.,  0.,  0.,  0.,  0.,  0.,  0.,  0.,  0.,
        0.,  0.,  0.,  0.,  0.,  0.,  0.,  0.,  0.,  0.,  0.,  0.,  0.,
        0.,  0.,  0.,  0.,  0.,  0.,  0.,  0.,  0.,  0.,  0.], dtype=float32)][array([[ -3.91916297e-02,   9.28788707e-02,   1.62540830e-03,
          5.40261753e-02,  -4.56783324e-02,   7.03651384e-02,
          1.05270684e-01,  -1.26808777e-01,   1.03919767e-01,
          4.09363769e-02,  -3.84785533e-02,  -7.37552941e-02,
          8.04386064e-02,   3.15349805e-03,  -3.09690293e-02,
         -3.97217013e-02,   1.78253395e-03,   1.12651423e-01,
          1.31613478e-01,  -2.67264638e-02],
       [ -2.74722744e-03,  -4.37911488e-02,   6.68811193e-03,
          9.08119138e-03,   1.51144955e-02,   4.12660204e-02,
          7.28541538e-02,  -5.55986725e-02,  -5.77187315e-02,
         -1.80588495e-02,   1.59522351e-02,  -1.37625029e-02,
         -2.82608923e-02,   1.03964679e-01,  -5.78226615e-03,
          4.57396433e-02,  -2.14045253e-02,  -1.04118965e-03,
          7.04454407e-02,  -2.39540916e-02],
       [ -1.00988410e-02,  -3.71343009e-02,   3.60052101e-02,
         -4.00179587e-02,  -7.74636716e-02,  -3.60040888e-02,
         -3.59901860e-02,  -5.22851758e-02,  -1.64326504e-02,
         -3.80276819e-03,   4.38819826e-02,  -4.52518575e-02,
          2.92034689e-02,   3.47014214e-03,  -3.23583484e-02,
          8.84772316e-02,  -5.67576522e-03,  -1.09893993e-01,
         -3.08529176e-02,   3.78196463e-02],
       [  6.29676580e-02,  -2.42496617e-02,  -7.15024630e-03,
         -1.45767182e-02,  -9.43349823e-02,   4.27629566e-04,
         -1.20332595e-02,  -6.85680062e-02,  -4.69323695e-02,
         -1.46537721e-02,  -7.80273676e-02,   1.41297877e-02,
         -4.03114371e-02,   1.06561575e-02,   1.30156921e-02,
         -3.18925194e-02,   1.03996210e-01,  -7.55030960e-02,
         -3.32631730e-02,  -3.24695855e-02],
       [ -4.32018451e-02,   3.97771411e-02,   9.92455184e-02,
          1.11592012e-02,  -6.77970275e-02,   8.08645505e-04,
          5.13607934e-02,  -1.55100180e-02,  -5.24240592e-03,
         -8.54609013e-02,  -3.42047922e-02,  -2.88401879e-02,
          1.57881062e-02,  -4.74347128e-03,   1.50331631e-02,
         -9.46404226e-03,   1.24689173e-02,   7.76503906e-02,
         -6.43801317e-02,   7.82913808e-03],
       [ -2.87216064e-02,   2.20932942e-02,   6.58613145e-02,
         -5.33672981e-02,  -7.45223239e-02,   6.56901374e-02,
          4.09331284e-02,   9.93126817e-03,  -1.83519814e-02,
         -2.70634890e-02,  -2.84993332e-02,  -8.29091575e-03,
          9.02667567e-02,   5.06740585e-02,   6.61942586e-02,
         -1.66771244e-02,   6.91428930e-02,  -3.47482450e-02,
          1.17239416e-01,   3.22357826e-02],
       [ -3.12825404e-02,  -3.06685008e-02,  -2.81196181e-02,
         -5.80113307e-02,  -1.03253508e-02,  -1.70550053e-03,
          1.37215052e-02,   1.16092123e-01,  -4.60363477e-02,
          2.93430574e-02,   4.11987714e-02,  -1.70427524e-02,
          5.17642200e-02,   5.36434464e-02,   7.25726187e-02,
          4.02279608e-02,   1.52044958e-02,   1.87308937e-02,
         -3.03450655e-02,   5.83285205e-02],
       [ -6.32408708e-02,  -2.02944539e-02,   1.53409364e-02,
          3.66941690e-02,   6.53196499e-02,  -3.76408398e-02,
         -2.08754670e-02,  -4.52114157e-02,   2.73420047e-02,
         -5.43615082e-03,   5.47395721e-02,   1.19353635e-02,
         -4.47382629e-02,  -2.07090732e-02,  -6.20009552e-04,
         -2.18312442e-02,   2.43200958e-02,  -4.00638022e-03,
         -3.03275734e-02,   3.66456993e-02],
       [  8.34419876e-02,   1.10557452e-01,   4.33440544e-02,
         -9.33089945e-03,   2.42003221e-02,   6.94177896e-02,
          3.19013000e-02,  -5.74546456e-02,  -1.47798201e-02,
          3.23403813e-02,   3.55529562e-02,   2.19698194e-02,
          5.53838499e-02,   5.03522484e-03,  -2.49595698e-02,
         -2.43336000e-02,  -5.14064990e-02,   1.37990177e-01,
          3.39821242e-02,  -6.20163754e-02],
       [  2.78882366e-02,  -3.18449475e-02,   6.12905286e-02,
         -5.35825081e-03,  -7.70666823e-02,  -2.57974453e-02,
          9.22941267e-02,  -1.20366393e-02,   3.86701140e-04,
          7.32726604e-03,   6.87218904e-02,   8.66650883e-03,
         -6.62780628e-02,   8.98113591e-04,   7.23125041e-02,
          2.63543036e-02,   4.71978858e-02,   2.32956111e-02,
         -1.44223692e-02,  -6.98618814e-02],
       [ -1.39309885e-02,   1.66667271e-02,   3.37071307e-02,
          5.95514067e-02,   2.96500027e-02,   1.63654704e-02,
          4.14584428e-02,   4.67335992e-02,   8.03754106e-02,
         -6.98789069e-03,  -7.99900144e-02,   1.98622495e-02,
         -5.68032749e-02,  -1.00445617e-02,   8.72338191e-02,
         -1.42542291e-02,   2.40819133e-03,  -1.59633588e-02,
          1.87629480e-02,  -4.83924560e-02],
       [ -9.02832448e-02,   1.72277540e-02,  -7.71538988e-02,
          6.36496171e-02,   2.18073782e-02,  -3.78408358e-02,
         -7.17035681e-03,   5.84289096e-02,  -4.81682941e-02,
         -1.08653074e-02,   8.70969705e-03,   3.60019580e-02,
          9.93730407e-03,  -3.21036205e-02,   8.75527970e-03,
         -5.07311039e-02,   2.05918029e-03,  -5.04602538e-03,
          8.85220245e-03,  -2.64097005e-02],
       [  1.78230572e-02,  -3.37304138e-02,   1.61457714e-02,
         -3.96672860e-02,  -2.14314442e-02,   5.16751185e-02,
         -1.06867775e-02,   1.23184817e-02,  -4.29395474e-02,
          3.36045884e-02,  -3.42052616e-02,  -4.27464657e-02,
          4.64413390e-02,   1.03211284e-01,   1.83831770e-02,
         -2.40546614e-02,   4.44069616e-02,  -1.54746613e-02,
          3.34403329e-02,   9.48502794e-02],
       [  2.79685948e-02,  -8.22853222e-02,   2.51949131e-02,
          4.28606384e-03,   5.95898507e-03,  -2.31943820e-02,
         -9.03560966e-03,   4.46120556e-03,   9.49388556e-03,
         -2.77138632e-02,  -1.92797817e-02,  -1.68646779e-02,
          3.72995436e-02,   8.22118204e-03,  -6.25388250e-02,
          1.97026376e-02,  -4.82487716e-02,   8.32343102e-02,
         -6.51705787e-02,   4.56437580e-02],
       [ -5.16249649e-02,   1.16604818e-02,   6.27698824e-02,
          8.90993103e-02,   1.20780142e-02,   6.35414943e-02,
         -4.42179814e-02,  -3.83998901e-02,  -4.35413383e-02,
          4.03904840e-02,  -5.29940501e-02,   7.35621974e-02,
          1.14751123e-02,  -3.42810154e-02,  -2.69848499e-02,
         -1.44416513e-02,   9.62965563e-03,  -7.74337817e-03,
          2.59956867e-02,   9.24416110e-02],
       [  6.24130256e-02,  -4.58843857e-02,   6.20404482e-02,
         -1.77015215e-02,  -2.39216886e-03,   1.06911853e-01,
          3.55156660e-02,  -9.67878252e-02,   6.03714474e-02,
         -4.36385237e-02,  -3.01462356e-02,  -2.28479635e-02,
          2.17489433e-02,  -7.82652274e-02,   1.34309204e-02,
          9.16185509e-03,  -2.72317212e-02,   1.74143463e-02,
          6.62985370e-02,   3.51207294e-02],
       [  1.05398996e-02,  -7.01976493e-02,   5.73128723e-02,
         -9.21139643e-02,  -4.29029055e-02,   4.52750847e-02,
         -1.31211206e-02,   5.17361723e-02,   7.47885555e-02,
          3.76951206e-03,  -1.73949990e-02,   2.25424208e-02,
         -2.03781109e-02,   2.89649218e-02,  -9.16613415e-02,
          7.68692791e-02,  -1.20173849e-01,   9.46229771e-02,
          8.62626210e-02,  -2.74489168e-02],
       [ -5.88189475e-02,  -6.19369699e-03,   2.91147735e-02,
          1.22362969e-03,  -7.16179004e-03,   8.83096457e-02,
         -3.79564576e-02,  -3.08151986e-03,  -3.92715354e-03,
         -5.65064512e-02,   7.73991793e-02,  -4.23295274e-02,
          3.38941626e-02,   4.27676998e-02,   3.25010009e-02,
          1.82947721e-02,   1.02551794e-02,  -1.76362824e-02,
         -3.92721184e-02,  -8.69125649e-02],
       [ -1.14791496e-02,  -6.94869608e-02,  -6.48775557e-03,
          1.26975998e-02,   4.98465523e-02,  -3.46110873e-02,
          2.17784904e-02,   4.78674881e-02,   7.46726543e-02,
         -3.23845558e-02,   6.03449531e-02,  -3.25973928e-02,
         -1.31133264e-02,   8.51814374e-02,  -3.32077257e-02,
         -5.70569038e-02,   2.10773721e-02,   1.97534394e-02,
          5.00815175e-02,  -5.78753836e-02],
       [  2.29926389e-02,   5.60647808e-02,  -3.99667434e-02,
         -3.52289043e-02,   4.28676866e-02,   6.02849908e-02,
         -2.32088678e-02,  -2.53104772e-02,  -4.93106022e-02,
          9.75930914e-02,  -3.99175994e-02,  -4.05246466e-02,
          3.07389684e-02,  -5.25325127e-02,   6.35015452e-03,
          3.60514373e-02,   5.49141057e-02,   4.53692935e-02,
         -7.30890334e-02,  -3.98148075e-02],
       [  3.71956937e-02,  -1.47727057e-02,   4.89526987e-02,
          5.51051609e-02,   3.34259607e-02,  -1.27445562e-02,
          3.43575701e-03,   2.51326691e-02,   3.14942636e-02,
          4.05135863e-02,   5.01230918e-02,   5.49012125e-02,
          3.37349512e-02,  -5.40662408e-02,   2.98276078e-02,
         -1.09410502e-01,  -3.11963912e-02,  -7.37616196e-02,
         -3.24065387e-02,   6.38662800e-02],
       [ -5.34013994e-02,   4.51418869e-02,  -1.46307889e-02,
          6.41104057e-02,  -3.81787084e-02,  -1.99499689e-02,
         -1.34801297e-02,   7.63884746e-05,  -3.22650224e-02,
          5.88585846e-02,   1.01885997e-01,  -4.28561075e-03,
          6.68726489e-02,  -7.18788803e-02,   5.67292757e-02,
          9.37910751e-02,  -3.27129103e-02,   2.86859926e-02,
          1.69394407e-02,  -3.07709128e-02],
       [ -3.88916172e-02,  -4.48565893e-02,   7.86401425e-03,
          7.20820948e-02,  -3.01541295e-02,   2.89481338e-02,
         -2.39838436e-02,   4.89529669e-02,   5.55032976e-02,
         -6.85819611e-02,  -1.76753942e-02,  -1.89697854e-02,
          1.00446921e-02,   3.74294482e-02,   6.56407699e-02,
         -7.00568408e-02,   4.54126392e-04,   1.92318149e-02,
         -1.82513427e-02,   7.11492002e-02],
       [  2.69943085e-02,  -6.08544312e-02,   7.17242584e-02,
          5.24571724e-02,   4.09775190e-02,  -1.86676588e-02,
          4.53066900e-02,  -3.87934446e-02,  -8.66123103e-03,
         -8.43622759e-02,  -2.34676851e-03,  -9.48678888e-03,
         -2.53213048e-02,   1.31415864e-02,  -9.47480183e-03,
         -2.52878461e-02,   2.98497704e-04,   3.33652757e-02,
          5.03632380e-03,  -5.28462008e-02],
       [ -9.99058969e-03,  -2.52263527e-02,   4.54266630e-02,
         -7.26837516e-02,  -4.95873345e-03,   4.35498804e-02,
          5.94294223e-04,  -5.79594336e-02,  -5.89082055e-02,
          2.66118329e-02,  -3.21288519e-02,  -4.42993380e-02,
         -2.09553889e-03,  -5.89266829e-02,  -6.54153675e-02,
          5.63010164e-02,  -5.55405691e-02,   4.45638970e-02,
         -2.66402960e-02,   2.61316244e-02],
       [ -2.44187545e-02,  -5.89552112e-02,   1.01815380e-01,
          3.88225801e-02,  -2.02144813e-02,   6.46985620e-02,
          1.67842060e-02,  -5.87044917e-02,   2.24085245e-02,
          1.12043239e-01,   4.19247374e-02,   5.11571812e-03,
          3.07885539e-02,   3.03751510e-02,  -2.63788346e-02,
          3.89478691e-02,  -4.89287488e-02,   4.70869765e-02,
          1.23237483e-01,   1.02876201e-01],
       [ -1.29672489e-03,  -3.10678277e-02,  -5.00162244e-02,
         -5.88248149e-02,  -3.56372707e-02,   1.06995245e-02,
         -6.15048222e-03,   9.83909518e-02,   1.50543026e-04,
         -8.52106139e-02,  -4.78587411e-02,  -9.60250720e-02,
         -2.25904044e-02,   1.24073863e-01,   4.40432243e-02,
         -2.77293511e-02,   5.15779518e-02,   4.40223180e-02,
         -8.89215339e-03,   6.72990978e-02],
       [  6.75612837e-02,   2.37658788e-02,  -5.37641719e-02,
          2.61985064e-02,  -4.05107997e-02,  -8.31080675e-02,
          1.98982488e-02,  -4.62360233e-02,   6.97628781e-02,
         -3.98888029e-02,  -6.28979802e-02,  -7.69995749e-02,
          1.88454650e-02,   3.06174308e-02,  -9.19578671e-02,
         -1.82386804e-02,   7.95330182e-02,   3.82767133e-02,
         -1.26488050e-02,  -4.27091792e-02],
       [  5.21039367e-02,   1.67063382e-02,  -4.80095260e-02,
         -4.18316163e-02,  -1.02664880e-01,   7.07408711e-02,
          3.44729684e-02,   4.53953492e-03,   5.64944148e-02,
         -5.55369966e-02,  -1.93541497e-02,  -1.37586026e-02,
          2.78676599e-02,   2.85088457e-02,   1.27149047e-02,
          1.86907854e-02,   3.79913896e-02,  -6.55003116e-02,
          1.23377696e-01,   4.09863107e-02],
       [  8.91235545e-02,  -1.02028009e-02,  -1.37743577e-02,
          1.25183566e-02,  -7.75671229e-02,  -1.10876011e-02,
          3.85346040e-02,   8.11022818e-02,  -1.87188480e-02,
          4.96600680e-02,  -2.73414757e-02,  -5.83775826e-02,
          5.67689957e-03,  -1.67759545e-02,  -3.20719592e-02,
         -4.49821986e-02,   4.19269539e-02,  -8.01777244e-02,
         -9.61299520e-03,  -3.27041112e-02],
       [ -5.40524861e-03,   1.87540706e-02,  -3.24464440e-02,
         -2.45664008e-02,  -1.29887927e-02,   1.91565398e-02,
         -3.68014700e-03,  -4.31943014e-02,  -1.96902230e-02,
         -5.83867505e-02,  -1.27785821e-02,   6.06329702e-02,
          1.59914810e-02,   1.67529881e-02,   7.05006048e-02,
         -3.11090536e-02,   4.33193706e-02,   7.72701949e-03,
          3.29497680e-02,  -8.29379819e-03],
       [ -9.03652236e-02,  -5.22609837e-02,  -4.57770489e-02,
         -4.93900441e-02,   2.37153880e-02,   4.47030105e-02,
         -1.20435335e-01,  -3.11860442e-02,  -6.13995502e-03,
         -3.82340364e-02,   1.19952485e-02,  -2.87443642e-02,
          8.61205813e-03,   2.60470714e-02,   2.82855760e-02,
         -5.80549352e-02,   9.40893218e-03,   3.77055183e-02,
         -3.63407210e-02,  -1.37662319e-02],
       [ -7.85582066e-02,  -5.55166118e-02,  -9.61397663e-02,
         -3.63647938e-02,  -2.99189403e-03,  -2.86310297e-02,
         -7.99175054e-02,  -5.64286299e-02,  -5.09111099e-02,
         -7.99004734e-03,  -7.34960213e-02,   6.30534301e-03,
          1.10685579e-01,  -2.85307765e-02,  -4.26478982e-02,
          3.29846807e-04,   2.28771847e-02,   5.02693541e-02,
          9.12877545e-02,   4.84963469e-02],
       [ -3.00245564e-02,   5.05263312e-03,   4.98002358e-02,
          3.41719459e-03,   1.71588026e-02,  -5.90151250e-02,
         -1.25228271e-01,  -5.65861873e-02,  -2.48340443e-02,
          1.03303008e-01,  -9.13019758e-03,  -1.28921317e-02,
         -1.47272767e-02,  -8.46361648e-03,  -1.87252683e-03,
          8.24911222e-02,   2.62348689e-02,  -6.95304647e-02,
         -9.15050507e-03,   2.01693438e-02],
       [  9.47463140e-02,  -7.17664510e-02,  -4.21965942e-02,
          2.27715019e-02,   8.98368955e-02,  -7.26303086e-02,
         -5.11743426e-02,  -3.21849994e-02,   1.01339128e-02,
          5.94723690e-03,  -2.48691831e-02,   6.11929893e-02,
         -2.91993506e-02,   2.86689289e-02,   2.27260049e-02,
         -6.16650283e-02,  -1.54724363e-02,  -1.27820894e-02,
         -5.68004213e-02,   3.97472456e-02],
       [ -4.24597710e-02,  -2.50208620e-02,  -2.09174808e-02,
          7.72936121e-02,  -7.82557414e-04,   2.79161315e-02,
          2.37194318e-02,   1.99684482e-02,   5.70703112e-03,
          4.83003221e-02,  -5.42597473e-02,   5.56702400e-03,
         -6.95285797e-02,   2.42146533e-02,  -6.26670048e-02,
         -4.51722592e-02,  -6.87917173e-02,  -9.38411132e-02,
         -3.54515351e-02,  -9.19546001e-03],
       [ -7.81468078e-02,  -3.94191965e-02,   6.94850460e-02,
          2.84856502e-02,  -4.17605005e-02,   4.22165245e-02,
         -6.48716912e-02,  -1.75559595e-02,   3.62914018e-02,
          4.08624932e-02,  -2.40682270e-02,   9.58489999e-02,
         -2.49973908e-02,  -5.32846265e-02,   1.10845715e-02,
          9.09220278e-02,  -3.72860283e-02,  -1.14460820e-02,
         -1.45723997e-02,  -1.06329508e-02],
       [  6.61214888e-02,   7.64071792e-02,  -4.94515412e-02,
          3.90220806e-02,   5.36455249e-04,  -1.45734325e-02,
         -4.75791022e-02,  -1.90991852e-02,  -8.61794353e-02,
          2.42150929e-02,  -6.26578135e-03,  -4.57017077e-03,
         -4.90419380e-02,   2.33083572e-02,  -1.19740469e-02,
         -2.56082565e-02,   1.12225432e-02,   5.17492890e-02,
          3.41503206e-03,  -1.92063488e-02],
       [ -2.48557013e-02,  -6.62782118e-02,   3.51756513e-02,
          6.11156523e-02,  -1.62779763e-02,  -1.23929018e-02,
         -5.95707297e-02,   2.97832824e-02,   2.39002779e-02,
         -1.29988879e-01,  -4.45016846e-02,   5.02682142e-02,
          2.80065369e-02,  -8.20014328e-02,  -8.26360881e-02,
         -2.51696017e-02,   4.51509766e-02,   6.84805075e-03,
         -1.15250936e-02,  -5.01744412e-02],
       [ -1.76425371e-02,   2.33007763e-02,  -5.58453090e-02,
          5.85640743e-02,  -2.50210669e-02,  -2.47530136e-02,
         -4.78233434e-02,   1.40655590e-02,   8.83057341e-02,
          5.68522103e-02,  -4.08404972e-03,   1.48013281e-02,
          5.35874628e-02,  -9.51375347e-03,   2.61068344e-02,
         -5.55438884e-02,   1.23042352e-02,  -4.87780422e-02,
          3.00375302e-03,  -1.02420906e-02],
       [ -5.00058420e-02,  -2.27068737e-02,  -1.11310212e-02,
          8.05854350e-02,   1.48847997e-02,  -6.59593269e-02,
          4.39575146e-04,   2.42651459e-02,  -6.22992925e-02,
          4.32322621e-02,   2.68172938e-03,   1.12220399e-01,
          1.78326201e-02,  -3.07393074e-02,  -8.42236206e-02,
         -8.08834508e-02,   2.83521507e-02,  -3.13366950e-02,
         -6.32903725e-02,  -8.76194891e-03],
       [ -2.43862402e-02,  -2.52635777e-02,  -1.35354130e-02,
          5.04785664e-02,  -4.80458401e-02,   6.38688868e-03,
         -7.81041756e-02,   2.62748506e-02,   7.27097550e-03,
         -2.46770084e-02,  -1.65232476e-02,  -8.77647474e-02,
          2.38044038e-02,   9.34137590e-03,  -1.56568552e-04,
          1.71602033e-02,   2.80117471e-04,   1.58721171e-02,
          2.15860661e-02,   3.56037319e-02],
       [ -4.27175984e-02,  -2.65837219e-02,  -2.24407893e-02,
         -2.45284829e-02,   6.13839179e-03,   4.74279672e-02,
          3.83338868e-03,   6.28809491e-03,   6.54117987e-02,
          8.17142613e-03,  -1.07790075e-01,  -3.04831145e-03,
          9.96885225e-02,  -2.92052627e-02,  -3.02621778e-02,
          7.91731570e-03,   1.73597541e-02,   4.20500189e-02,
          9.80141293e-03,  -5.57220168e-02],
       [ -2.01524030e-02,   8.41444954e-02,   5.28712682e-02,
         -2.06324160e-02,  -7.39142625e-03,  -2.73976382e-02,
         -3.44875939e-02,   2.11115479e-02,  -4.64002900e-02,
         -6.74192235e-02,  -1.75197814e-02,   9.88147035e-02,
         -1.46843418e-02,   1.73316468e-02,   4.57128249e-02,
         -2.01173555e-02,   2.26291846e-02,   1.98348220e-02,
         -6.68560490e-02,  -3.62696089e-02],
       [ -1.78011051e-05,  -1.58737637e-02,  -3.39086056e-02,
          4.79351403e-03,   7.96300173e-02,  -4.80430983e-02,
          2.45516896e-02,  -3.11948801e-03,   1.21596456e-02,
         -2.94041466e-02,  -1.99635848e-02,  -7.79939517e-02,
         -5.09962849e-02,  -1.70176569e-02,   6.52556494e-02,
          7.36183226e-02,  -7.73706138e-02,   3.04999333e-02,
         -1.94383189e-02,   9.21334624e-02],
       [  5.94295934e-02,   3.01020481e-02,  -1.08337961e-02,
          1.15074575e-01,  -3.99316698e-02,   2.88792793e-02,
          8.13677814e-03,  -1.36013493e-01,   2.23448258e-02,
         -3.52671370e-02,  -3.51362750e-02,   1.96440425e-02,
         -2.07940340e-02,   5.81957726e-03,  -5.81003129e-02,
          6.80738017e-02,   2.12651547e-02,   4.13527302e-02,
         -8.96600410e-02,  -4.81242454e-03],
       [ -4.95531484e-02,   1.75262671e-02,  -1.42482715e-02,
         -5.99941723e-02,  -4.67390306e-02,   3.14646736e-02,
         -7.90181831e-02,  -1.11479081e-01,  -9.11708176e-02,
          5.04898503e-02,  -6.04877137e-02,   2.82092523e-02,
          7.45020658e-02,   2.11214833e-02,   6.77938312e-02,
         -4.49765399e-02,  -5.65857589e-02,   1.51262870e-02,
         -1.66919790e-02,   8.07606243e-03],
       [  6.99410960e-02,   6.43788576e-02,  -1.08123831e-01,
          5.74420281e-02,  -3.76522467e-02,   1.99134033e-02,
         -2.67972443e-02,  -4.16307934e-02,   5.44818528e-02,
          8.95466357e-02,  -3.35295014e-02,   1.21066784e-02,
          6.93110889e-03,   1.20975962e-02,  -1.08008824e-01,
          1.74493548e-02,  -2.55673961e-03,   5.40838353e-02,
         -3.63689028e-02,   1.70314498e-02],
       [ -2.35289671e-02,   2.16036569e-02,   1.88932046e-02,
         -3.71619570e-03,   5.55804148e-02,   7.86050875e-03,
          2.02858783e-02,  -1.54880449e-01,   1.88348796e-02,
          8.59780833e-02,  -2.72102505e-02,   1.48364474e-04,
         -2.06464380e-02,  -7.81812668e-02,  -4.81067598e-02,
         -1.19519448e-02,   1.52616994e-02,  -9.65330284e-03,
          3.16104665e-02,  -2.76629417e-03],
       [ -3.58547643e-02,  -2.35868953e-02,   1.44913346e-02,
         -1.91367995e-02,   1.28336912e-02,  -1.24581240e-01,
         -2.82068911e-04,   4.41217087e-02,   1.05584398e-01,
         -6.73013404e-02,  -1.11841761e-01,   4.90514468e-03,
         -1.05524417e-02,   6.02020463e-03,   2.11209692e-02,
          2.06746673e-03,   1.39521277e-02,   3.52562889e-02,
         -3.09950616e-02,   6.55942336e-02]], dtype=float32), array([ 0.,  0.,  0.,  0.,  0.,  0.,  0.,  0.,  0.,  0.,  0.,  0.,  0.,
        0.,  0.,  0.,  0.,  0.,  0.,  0.], dtype=float32)][array([[-0.05570434],
       [ 0.00509888],
       [ 0.00149359],
       [-0.03837868],
       [ 0.03136653],
       [ 0.05567098],
       [-0.01052184],
       [ 0.02215226],
       [ 0.09370571],
       [-0.04709737],
       [-0.03397588],
       [ 0.0214482 ],
       [-0.03161568],
       [-0.02505043],
       [ 0.0317958 ],
       [-0.0331512 ],
       [-0.0099432 ],
       [ 0.00991246],
       [-0.10841   ],
       [ 0.13156021]], dtype=float32), array([ 0.], dtype=float32)]