[array([[ 0.00451218,  0.01110076, -0.01592214,  0.05690822, -0.00133831,
         0.03360289, -0.03972672, -0.08996182,  0.01210645,  0.06229382,
        -0.02895938,  0.01360472,  0.03434045,  0.12161436, -0.02031195,
        -0.010025  ,  0.0303251 ,  0.02857596,  0.02283128,  0.0774021 ,
        -0.01503141, -0.04055341,  0.06050464,  0.00095138,  0.07426782,
         0.06932423,  0.04216388, -0.00353673, -0.05156502, -0.07070469,
         0.00768861, -0.05008575, -0.0121484 ,  0.01986135,  0.08810676,
         0.06350614, -0.04763308, -0.01413768,  0.05155464,  0.01029864,
        -0.00416242, -0.02117574,  0.030058  ,  0.06371011, -0.02447776,
         0.06596547,  0.00305155,  0.00463297, -0.00414503, -0.00436759],
       [ 0.05231358,  0.01130601, -0.05489042,  0.07819517, -0.01715945,
         0.00262335, -0.01047967,  0.00103804,  0.0793786 ,  0.06637206,
         0.02337185,  0.12817562,  0.05928043, -0.01822661, -0.05663595,
        -0.02980599, -0.0206566 ,  0.03227688,  0.01328082,  0.01377891,
         0.02388941, -0.00950244,  0.02854553,  0.05001644,  0.06958039,
        -0.01033528,  0.04933994,  0.03107033,  0.06023228,  0.05086186,
        -0.05516865, -0.01550484,  0.03516838, -0.06102191, -0.03790962,
        -0.02290596,  0.01051274,  0.00147663, -0.02081882,  0.03581558,
        -0.00679235, -0.0183081 , -0.10455655,  0.0006914 ,  0.02091847,
        -0.01335874,  0.00705786, -0.00300999, -0.0375544 , -0.02596346],
       [ 0.02219005,  0.01268797,  0.03690776, -0.00209466,  0.0027136 ,
         0.03140178,  0.00590163, -0.01151282, -0.08974326,  0.05603043,
         0.03182409, -0.08426058, -0.00728716,  0.06060035, -0.0266016 ,
        -0.03241969, -0.0294416 , -0.12543568,  0.10391902, -0.00909037,
        -0.04450489,  0.06265695, -0.03302903,  0.04514039, -0.02968958,
         0.06868073,  0.01738227,  0.02063131,  0.04354987, -0.01673613,
         0.0786605 ,  0.02973913,  0.01660012,  0.02570725,  0.0433822 ,
         0.12046166, -0.00522794, -0.01964641,  0.05617014,  0.09320056,
        -0.12811875,  0.01345779, -0.11493602, -0.04408275, -0.01998087,
        -0.00733346,  0.0482694 ,  0.05193281, -0.01904396,  0.01585377],
       [ 0.062996  ,  0.07973012,  0.09283182,  0.00928348, -0.04613007,
         0.05737726,  0.00880088, -0.03875159, -0.0224046 ,  0.10390989,
         0.05734237,  0.02485724, -0.01477786,  0.00374879, -0.02373677,
         0.02156809,  0.02574152,  0.05724991,  0.01342212, -0.00288013,
         0.02879264, -0.03672559, -0.03256027,  0.00332004, -0.01594131,
        -0.00487058, -0.04503897,  0.03757139, -0.04798467, -0.01451879,
         0.04711138, -0.0346274 , -0.12783463, -0.08491925, -0.02996103,
         0.06943884,  0.10545007, -0.04682981,  0.0093438 ,  0.03059674,
         0.11412205,  0.015187  ,  0.11402532, -0.06214559,  0.05311028,
        -0.02157385,  0.13236474, -0.10742625,  0.10282128, -0.03351307]], dtype=float32), array([ 0.,  0.,  0.,  0.,  0.,  0.,  0.,  0.,  0.,  0.,  0.,  0.,  0.,
        0.,  0.,  0.,  0.,  0.,  0.,  0.,  0.,  0.,  0.,  0.,  0.,  0.,
        0.,  0.,  0.,  0.,  0.,  0.,  0.,  0.,  0.,  0.,  0.,  0.,  0.,
        0.,  0.,  0.,  0.,  0.,  0.,  0.,  0.,  0.,  0.,  0.], dtype=float32)][array([[ -4.07304838e-02,   7.68407527e-03,  -3.04389279e-02,
          6.58451254e-03,   2.26176605e-02,  -9.43319686e-03,
         -2.45130174e-02,  -2.91151498e-02,   2.64651123e-02,
          4.94089117e-03,   9.58133396e-03,  -3.35079730e-02,
         -2.02797987e-02,  -8.24537650e-02,   1.19708842e-02,
          1.10408682e-02,   5.29455254e-03,  -1.24576110e-02,
         -4.26691165e-03,  -9.95677635e-02],
       [ -9.58902948e-03,   1.86107960e-02,   4.92621474e-02,
          5.95090762e-02,  -6.95105940e-02,  -1.31748039e-02,
          2.44200043e-02,  -4.62369137e-02,  -2.86125112e-03,
         -6.85934648e-02,   3.89657915e-02,   1.28273340e-02,
         -5.89601286e-02,  -4.03153189e-02,  -1.73663348e-02,
         -1.31029133e-02,   1.99003592e-02,  -1.98327266e-02,
         -4.95138727e-02,   4.14813012e-02],
       [ -2.77127568e-02,   3.44107747e-02,  -1.52966157e-02,
          3.03642433e-02,   4.63549457e-02,  -3.95089351e-02,
          2.15522554e-02,   5.13150264e-03,   3.64461243e-02,
          3.07864100e-02,  -2.31253430e-02,  -8.38571787e-03,
          5.29091731e-02,  -5.16075790e-02,   5.56928813e-02,
         -7.31118545e-02,   3.22754644e-02,   8.49713609e-02,
          6.13545068e-02,  -3.33325937e-02],
       [ -5.01596406e-02,   1.97142805e-03,  -1.00212954e-01,
         -8.75291526e-02,  -3.57823796e-03,   3.50773148e-02,
         -3.36273313e-02,  -4.90691345e-05,  -6.43792853e-04,
          3.35073732e-02,   7.77426586e-02,  -6.77363425e-02,
          1.32301664e-02,  -1.09966114e-01,   4.37360480e-02,
          6.72546253e-02,   3.42259221e-02,   1.87889170e-02,
          8.43152925e-02,  -4.12578061e-02],
       [ -7.11649582e-02,  -3.67764495e-02,  -1.85279977e-02,
          7.01554492e-02,   1.54541968e-03,   7.07898661e-02,
          2.05477662e-02,   4.80385236e-02,   5.75687131e-03,
          1.44840851e-02,  -4.15898440e-03,   7.85374939e-02,
         -1.27313599e-01,   6.87079355e-02,  -3.18511389e-02,
          4.84473146e-02,   6.73431084e-02,   5.90630583e-02,
          7.94581026e-02,   5.16999774e-02],
       [ -6.79995865e-02,   5.46381883e-02,  -1.58574674e-02,
          9.21894889e-03,   8.74880180e-02,   3.51279899e-02,
         -6.94946274e-02,   2.97181052e-03,   2.42705476e-02,
          3.15000489e-02,  -7.41760284e-02,  -4.37211767e-02,
          2.38623824e-02,  -2.29841247e-02,   2.32477840e-02,
          4.38692011e-02,   3.16530727e-02,  -8.98178946e-03,
          1.78603400e-02,  -7.46093020e-02],
       [  7.80988112e-02,  -3.82600427e-02,  -1.17015233e-02,
          3.61646190e-02,  -9.49980691e-03,  -2.02258285e-02,
          6.71800897e-02,  -5.90821765e-02,   8.17575827e-02,
          4.74465173e-03,   1.83489677e-02,  -2.28549838e-02,
          2.15729475e-02,  -4.15520445e-02,   4.23425101e-02,
          3.52917239e-02,   3.39874588e-02,   1.44937700e-02,
         -3.29814889e-02,   8.99914838e-03],
       [ -8.20317343e-02,   3.51914726e-02,   9.08206478e-02,
          1.48948682e-02,  -1.35725830e-02,   1.88018437e-02,
         -8.30963030e-02,  -2.47279126e-02,  -5.02670594e-02,
          6.34744242e-02,   4.33325246e-02,   3.21622901e-02,
          2.40894742e-02,  -3.32631916e-02,  -6.36553764e-02,
         -2.28971001e-02,  -6.46501705e-02,   2.33115293e-02,
          7.32974336e-02,  -1.26431912e-01],
       [ -1.82223823e-02,   9.03627872e-02,   4.78659794e-02,
          1.39316872e-01,   2.57024150e-02,  -2.55672578e-02,
         -6.58967067e-03,   3.80676314e-02,   5.48961870e-02,
          1.64042751e-03,  -3.39417420e-02,  -1.39522348e-02,
          2.57371715e-03,   1.03451004e-02,  -7.59959279e-04,
          1.09836329e-02,  -9.50727016e-02,   1.52309304e-02,
          1.65771525e-02,   4.31099795e-02],
       [ -3.83740216e-02,  -7.86539018e-02,  -4.63183783e-02,
         -3.10257357e-02,  -4.87258518e-03,  -3.81103833e-03,
         -4.20097224e-02,  -2.31554490e-02,   1.14649832e-01,
         -5.23534492e-02,  -4.69987048e-03,  -9.21554193e-02,
          2.66011077e-04,   1.20784519e-02,  -4.37833630e-02,
          3.33851837e-02,   4.18994389e-02,   2.35601645e-02,
          3.09325643e-02,   5.27953263e-03],
       [ -2.68902984e-02,   1.17954975e-02,   2.29044631e-02,
         -4.19483334e-02,   8.69015679e-02,   6.21631630e-02,
          5.74387386e-02,  -1.30499890e-02,  -9.82067809e-02,
         -1.19941190e-01,  -8.26695282e-03,  -3.65974940e-02,
         -8.54636431e-02,  -3.99790518e-02,  -5.50344475e-02,
         -2.16711666e-02,  -9.96850803e-03,  -4.32038270e-02,
          2.96914428e-02,   6.76615117e-03],
       [  1.20637286e-02,   9.57429595e-03,  -1.81585234e-02,
          1.10968100e-02,   2.47513652e-02,   4.83288633e-04,
          3.94770205e-02,   2.18945909e-02,   2.64994930e-02,
         -4.12658267e-02,   3.15706432e-02,   1.37443217e-02,
          3.65043245e-02,  -2.32968591e-02,  -2.68633943e-02,
          2.51324903e-02,   9.81102809e-02,  -4.10568975e-02,
         -3.30682844e-02,   2.55277883e-02],
       [ -6.55668834e-03,  -5.87108843e-02,  -2.59044021e-02,
         -6.20559454e-02,   2.19533723e-02,   1.13142453e-01,
          3.06046940e-02,  -9.76034906e-03,  -2.83537861e-02,
          7.77166709e-02,  -6.02569878e-02,  -1.27438279e-02,
         -5.32066487e-02,   6.26567975e-02,   7.28980526e-02,
          4.20770608e-02,   2.34772768e-02,  -1.62772518e-02,
          4.05973243e-03,   7.23131746e-02],
       [ -3.08302939e-02,   1.09398328e-01,  -3.09832543e-02,
          6.92329854e-02,   1.02208341e-02,  -1.86919887e-02,
         -3.05644423e-02,   5.49026094e-02,   7.11853942e-03,
          1.56230060e-02,  -1.01156548e-01,   3.09349392e-02,
          4.74314541e-02,  -4.38348316e-02,   2.11455021e-03,
          3.90557386e-02,  -5.55451401e-02,   1.19834552e-02,
          4.40655611e-02,  -6.69892877e-02],
       [  8.78841206e-02,   5.18736541e-02,   9.80722718e-03,
         -1.86811890e-02,  -1.63135063e-02,  -4.62636165e-02,
         -2.97376197e-02,  -5.99667989e-03,   1.31746083e-01,
          5.37050329e-02,   1.42197907e-02,   6.14184514e-02,
         -1.20714545e-01,   6.50242437e-03,   2.73635518e-02,
         -3.27928923e-02,   3.48874740e-02,  -5.14775403e-02,
         -8.54953565e-03,   9.99699160e-03],
       [  2.37971023e-02,  -2.16521062e-02,  -4.02997620e-03,
          1.13194743e-02,  -5.15919141e-02,   1.02316774e-01,
          4.19388451e-02,   1.15414456e-01,   9.40179732e-03,
         -2.51535967e-04,   3.30903791e-02,   1.46120518e-01,
         -3.10130212e-02,   9.13957357e-02,   2.07156055e-02,
         -3.56158055e-02,   2.48246323e-02,  -2.11511832e-02,
         -2.34022713e-03,   1.07640006e-01],
       [ -3.31888385e-02,  -6.77344278e-02,   2.49290522e-02,
          2.95234844e-03,  -3.92157659e-02,  -4.30080015e-03,
         -3.50453821e-03,  -2.40411460e-02,   1.37537764e-02,
         -4.71006148e-02,   2.63032615e-02,   1.61116701e-02,
          8.79220888e-02,   5.61491994e-04,   1.51777705e-02,
         -5.91802411e-02,   3.71443145e-02,   1.86631102e-02,
         -1.55049535e-02,   6.74259737e-02],
       [  3.00855190e-02,  -1.78024359e-02,  -2.64534391e-02,
         -2.05719899e-02,   1.10729495e-02,   4.78154831e-02,
          8.85091648e-02,   5.25002256e-02,   1.08345317e-04,
          5.87248206e-02,  -2.11511217e-02,  -9.62364301e-03,
         -1.13696354e-02,   4.03847592e-03,   3.95473801e-02,
          5.96351214e-02,  -3.33665125e-02,  -8.78453106e-02,
          5.90384984e-03,  -9.73749012e-02],
       [ -1.03575632e-03,  -5.83451875e-02,   3.63895632e-02,
          1.26663521e-02,   3.57838869e-02,   5.68417571e-02,
         -4.70369961e-03,  -5.22336327e-02,  -3.16270255e-02,
          1.41035682e-02,   6.21248744e-02,   2.55261790e-02,
         -4.59785620e-03,   1.04255058e-01,   3.16633075e-03,
          3.88046131e-02,   6.30173907e-02,   5.61983995e-02,
         -4.21253927e-02,  -1.98182818e-02],
       [  5.23452275e-02,   1.64675266e-02,   5.01770750e-02,
         -8.04055296e-03,   1.07951462e-01,   2.69090962e-02,
          7.20563829e-02,   4.13561612e-02,  -4.66614813e-02,
         -8.37648064e-02,   7.72789866e-02,  -1.01261279e-02,
         -5.41707054e-02,   3.80459912e-02,   5.90286329e-02,
         -6.52117208e-02,  -1.09258607e-01,  -3.34341526e-02,
         -3.80600952e-02,  -6.36075139e-02],
       [  7.23983860e-03,  -3.39866243e-02,  -5.99258915e-02,
         -5.60752042e-02,  -6.67928532e-02,  -1.04685105e-01,
         -4.62974086e-02,   4.01271461e-03,   4.47050296e-02,
          6.05847351e-02,  -4.24105376e-02,   2.02521887e-02,
         -3.36728129e-03,   3.66887115e-02,   7.06099793e-02,
         -7.40390122e-02,  -6.42584562e-02,  -2.54657473e-02,
          5.50938435e-02,   6.12318004e-03],
       [  1.40303671e-02,  -7.05941487e-03,   7.50710890e-02,
         -3.82831581e-02,   1.88677404e-02,  -5.44300936e-02,
         -1.52380839e-02,  -4.43785787e-02,  -2.85901166e-02,
         -6.14150465e-02,  -4.57674377e-02,  -7.34771341e-02,
         -1.32294651e-03,  -1.00792669e-01,  -3.35349375e-03,
          3.80865298e-02,   2.13783467e-03,   6.39373288e-02,
         -4.69331222e-04,  -3.15158512e-03],
       [ -2.80962028e-02,  -1.19388297e-01,  -9.22919810e-02,
         -3.39159220e-02,  -6.58579776e-03,  -6.22443147e-02,
          8.12772755e-03,   3.79657261e-02,   5.05888239e-02,
         -1.11118080e-02,  -3.62471603e-02,  -4.98163514e-02,
          6.53702915e-02,   1.24146380e-02,  -3.60930082e-03,
          1.10841496e-02,  -5.32178245e-02,  -5.25107682e-02,
         -5.71693182e-02,  -6.55601267e-04],
       [ -1.09784916e-01,   1.36373332e-02,  -1.67153105e-02,
          6.42896146e-02,  -4.07520048e-02,  -5.15459962e-02,
         -2.81453114e-02,   9.80651006e-02,   4.56831791e-02,
          1.21177830e-01,   2.37013102e-02,  -1.08810738e-02,
          4.40014713e-02,  -8.46877247e-02,  -3.09466850e-02,
          3.29485871e-02,   3.57789882e-02,  -6.28231317e-02,
          2.29764357e-03,   3.73611711e-02],
       [ -2.44688280e-02,  -7.36116245e-02,   1.00629620e-01,
         -1.48964552e-02,  -6.70778677e-02,  -1.85726341e-02,
         -8.10187906e-02,  -3.31701874e-03,  -4.45650667e-02,
          6.19732216e-03,   2.06421372e-02,   1.21382199e-01,
         -1.54535910e-02,  -2.15337682e-03,   4.75970171e-02,
          6.12435453e-02,  -7.77228251e-02,   3.95075902e-02,
          1.49208754e-02,  -3.90482508e-02],
       [  2.54127290e-02,   2.90369540e-02,   5.20289727e-02,
          3.48764542e-03,  -1.68915000e-02,   4.62452285e-02,
         -1.28891319e-01,  -7.26179928e-02,  -6.18736818e-02,
          2.47276500e-02,  -1.27187669e-02,   3.41773108e-02,
          4.21649553e-02,  -5.45893572e-02,  -1.07935397e-03,
          3.21962051e-02,   4.79618609e-02,   4.79973182e-02,
          1.86932441e-02,   4.38457821e-03],
       [ -1.45986993e-02,   1.42229637e-02,   7.50540271e-02,
         -1.99577492e-02,  -2.78713312e-02,  -6.22041104e-03,
         -4.80168946e-02,  -7.20528513e-03,  -6.36971518e-02,
          2.33505648e-02,   2.01929510e-02,  -1.03181601e-01,
          3.63898538e-02,   2.30051037e-02,  -2.46413350e-02,
          4.27000895e-02,   2.33491119e-02,  -1.14622951e-01,
          4.66271490e-02,  -3.57903652e-02],
       [  4.70192842e-02,   3.61720957e-02,  -2.46551186e-02,
         -6.85586482e-02,   5.62223978e-02,   4.88370284e-03,
         -4.13761884e-02,  -1.99850034e-02,   1.37962056e-02,
         -4.76101749e-02,   3.57181467e-02,   3.39309089e-02,
          3.80430333e-02,  -8.05555359e-02,  -4.53922851e-03,
          2.94242706e-02,  -9.26229805e-02,  -1.10288626e-02,
          2.30625775e-02,   8.80090669e-02],
       [ -1.25945909e-02,  -1.05700856e-02,   2.91832834e-02,
         -1.24926018e-02,   7.57951383e-03,  -3.78684066e-02,
          2.50307173e-02,  -1.94161702e-02,  -2.03593466e-02,
          5.78736775e-02,  -1.34263132e-02,  -7.99536854e-02,
          7.56454691e-02,  -5.25952578e-02,   5.89559488e-02,
          7.13264942e-02,  -8.63207504e-02,   6.22102283e-02,
         -6.33149669e-02,  -9.30766016e-03],
       [ -8.04959610e-03,   1.39637157e-01,   6.96607456e-02,
         -1.26420856e-01,   1.80499181e-02,  -3.70372236e-02,
         -5.66992536e-03,   7.06833182e-03,   1.53325740e-02,
          1.65755153e-02,   2.61682365e-02,   3.87538522e-02,
         -4.34753373e-02,   6.68230206e-02,   3.73450331e-02,
         -6.37774169e-03,  -5.41047119e-02,  -6.07179757e-03,
          6.36861697e-02,  -1.82746258e-02],
       [  7.46735036e-02,  -5.22033274e-02,   2.88975512e-04,
         -1.66713912e-02,  -5.98193221e-02,  -1.12019874e-01,
         -1.39227808e-02,  -7.24225044e-02,   5.38942516e-02,
          4.40734029e-02,   6.09957054e-03,   7.24968314e-02,
         -3.66840772e-02,  -6.35620579e-02,   3.72490697e-02,
         -9.65676643e-03,   4.33005989e-02,  -5.84591404e-02,
         -2.58769747e-02,   4.58954386e-02],
       [ -1.27244443e-02,  -2.57962048e-02,   2.95798127e-02,
         -2.79022884e-02,   3.44735058e-03,   2.77857366e-03,
         -4.42729294e-02,  -8.63764659e-02,  -1.21426426e-01,
         -1.26962960e-02,   5.29646361e-03,  -1.42305912e-02,
         -2.66309152e-03,  -4.63819616e-02,   2.44008508e-02,
         -9.73600056e-03,  -3.51719819e-02,   9.30522382e-03,
         -2.93999910e-03,   7.51378015e-02],
       [ -5.15726395e-02,  -3.07895746e-02,   2.19071452e-02,
         -9.10329912e-03,  -2.64508873e-02,   4.40375321e-02,
         -5.03217615e-03,  -8.98536146e-02,  -2.38652397e-02,
         -8.99891704e-02,   3.10634729e-02,  -2.51548346e-02,
          1.43475160e-02,   3.53021286e-02,  -5.39514534e-02,
         -2.87231691e-02,  -5.28491521e-03,   5.55726886e-02,
          5.99839874e-02,  -2.69326773e-02],
       [  2.28839386e-02,   2.31663231e-02,  -3.28424424e-02,
          2.04047300e-02,   1.73393320e-02,   2.79614124e-02,
          8.72566104e-02,  -7.81078041e-02,  -2.85598785e-02,
         -1.49547681e-02,  -6.66490709e-03,   3.72095630e-02,
         -2.38917908e-03,  -7.52001628e-03,   2.46490892e-02,
          1.93681922e-02,  -7.38278627e-02,   5.72352819e-02,
          1.45241693e-02,   7.35886907e-03],
       [ -4.09132522e-03,  -1.22170663e-02,  -4.55317646e-02,
          1.65803339e-02,   3.45588103e-02,   4.31190245e-02,
         -3.99613613e-03,   8.32129866e-02,   4.42892164e-02,
          3.35737243e-02,   5.19350469e-02,   8.17652866e-02,
          3.60408835e-02,  -4.33398895e-02,  -1.95571259e-02,
         -1.95188448e-02,   5.01041114e-02,  -4.49125506e-02,
          1.58071548e-01,  -2.14503538e-02],
       [  1.83536466e-02,  -3.74588370e-02,  -3.99774779e-03,
          1.62077660e-03,  -1.10243455e-01,  -7.02396333e-02,
         -2.85723414e-02,  -2.05743872e-02,  -3.23255435e-02,
         -2.61472464e-02,  -5.11804130e-03,  -4.58521256e-03,
         -1.11312782e-02,   4.44994941e-02,  -4.31888960e-02,
         -6.07394651e-02,  -1.98633093e-02,   1.87621545e-02,
         -7.79058859e-02,  -1.29158393e-01],
       [  2.37244312e-02,  -2.25988422e-02,   1.68953817e-02,
         -3.82130668e-02,   1.99176483e-02,   1.12927111e-03,
         -2.98498999e-02,   2.22117268e-02,  -2.21258961e-03,
          4.34240289e-02,  -3.88100073e-02,  -1.83511022e-02,
          3.29010263e-02,   7.77833015e-02,  -2.29520779e-02,
          1.66437030e-02,  -7.43015930e-02,   1.70572456e-02,
          5.94929270e-02,   3.61969993e-02],
       [  3.09306514e-02,   2.61543244e-02,  -2.37274561e-02,
         -1.08082639e-02,  -1.92184839e-03,  -7.65986666e-02,
          1.49075463e-02,  -2.49949377e-02,  -1.04198530e-01,
          8.34315643e-03,   8.20878744e-02,   4.10204474e-03,
         -1.64920278e-02,  -5.74451929e-04,  -8.82238802e-03,
          1.42250499e-02,  -4.11485359e-02,   9.37671121e-03,
         -3.01607233e-02,  -6.41870275e-02],
       [  3.48558761e-02,  -1.59688413e-01,  -1.27721345e-02,
          6.52071312e-02,   5.84006794e-02,   6.50759935e-02,
         -6.01925440e-02,  -5.15617728e-02,   4.73117381e-02,
         -1.14576975e-02,   3.15712504e-02,   2.86744926e-02,
          1.60130505e-02,   5.72651438e-02,   1.59986205e-02,
         -5.84116252e-03,  -1.35196252e-02,   1.20451255e-02,
          5.90769760e-03,   9.66679305e-03],
       [ -8.44918843e-03,  -2.03821100e-02,  -4.46282849e-02,
          9.72438082e-02,  -2.19548848e-02,  -5.89266308e-02,
          6.92271516e-02,  -3.90017889e-02,  -1.24419236e-03,
         -3.88033502e-02,   4.97993156e-02,   5.89184165e-02,
         -2.89638294e-03,  -2.92040855e-02,  -1.65720750e-02,
         -5.21246083e-02,  -3.67721543e-02,  -8.57123546e-03,
         -1.02404334e-01,  -7.67066106e-02],
       [ -3.34730335e-02,  -6.49023429e-02,  -1.25494245e-02,
          9.36730579e-03,   3.96414436e-02,   2.06435379e-02,
          3.24711166e-02,  -7.97897670e-03,  -3.38431410e-02,
          1.06715187e-02,  -3.11859287e-02,   6.90591931e-02,
         -3.89567134e-03,   2.47581694e-02,  -8.04025233e-02,
         -6.82386905e-02,   3.28133665e-02,   3.23841199e-02,
         -5.77876642e-02,  -6.59863204e-02],
       [ -1.65700389e-03,   4.60221767e-02,  -3.74120027e-02,
         -9.63149369e-02,   2.02834699e-02,  -6.23343838e-03,
         -6.54269084e-02,  -2.39079888e-03,  -3.31885554e-02,
         -6.59550577e-02,   8.59046262e-03,   3.23912464e-02,
         -2.77293324e-02,   7.88457245e-02,  -9.21249092e-02,
         -3.59243564e-02,   1.22765182e-02,  -1.91666204e-02,
         -4.29741703e-02,   5.87355159e-02],
       [  5.19920886e-02,   2.32810117e-02,   3.12204789e-02,
         -6.67823404e-02,   1.68611878e-03,   3.80893573e-02,
         -1.35950549e-02,   4.86220829e-02,   3.17099062e-03,
         -5.94552867e-02,   8.59736949e-02,   5.26141003e-02,
          3.10184155e-02,   4.98109758e-02,   4.40670587e-02,
         -4.78295311e-02,  -6.37811348e-02,   1.15809822e-02,
         -7.04265162e-02,   2.98334267e-02],
       [  4.77716289e-02,   1.28402701e-02,  -5.38111590e-02,
         -5.17583303e-02,   4.19470631e-02,  -4.11868356e-02,
         -1.09247625e-01,   1.43937245e-02,   4.91590463e-02,
         -4.77178916e-02,   6.35684058e-02,  -6.88596517e-02,
         -2.57607986e-04,   4.54081781e-02,   2.14853883e-02,
         -9.72721435e-04,   5.98387979e-02,  -3.58092263e-02,
         -3.81197408e-02,   3.10251899e-02],
       [  2.68604588e-02,   3.84661816e-02,   1.36954561e-02,
         -4.46389727e-02,   1.72197502e-02,  -5.88025115e-02,
         -1.25429919e-02,  -3.63093764e-02,   1.36890383e-02,
          7.26182088e-02,   6.63177064e-03,  -2.91561633e-02,
         -3.31650190e-02,   3.52439210e-02,   2.43620388e-02,
         -6.49680048e-02,   1.42644150e-02,  -2.32305210e-02,
         -4.48784931e-03,   9.25572962e-02],
       [  3.02698743e-02,  -2.43064761e-02,  -1.80538520e-02,
         -2.83785202e-02,   4.35138866e-02,  -1.39659140e-02,
         -1.03459336e-01,   1.61116850e-02,  -4.46306653e-02,
          4.74056713e-02,   1.07499532e-01,   7.27752522e-02,
          1.17536306e-01,   4.58441675e-02,   4.72677052e-02,
          5.19425534e-02,   4.47089560e-02,  -2.95394696e-02,
          2.78834463e-03,  -5.27313761e-02],
       [ -4.54619676e-02,  -4.65007834e-02,   4.12744880e-02,
          2.84372773e-02,  -5.43650351e-02,   3.49139720e-02,
          4.40554246e-02,   1.23827932e-02,   5.05593680e-02,
          6.24882951e-02,  -1.05892733e-01,   1.41843604e-02,
         -3.38978181e-03,   6.21359125e-02,   7.28061348e-02,
         -9.75976512e-02,  -1.99748743e-02,  -3.85269746e-02,
         -1.05913602e-01,   3.44675966e-02],
       [  3.77027504e-02,   1.74115784e-02,  -1.91891268e-02,
          9.60775316e-02,   6.52617915e-03,  -3.14418860e-02,
         -9.43816081e-02,  -1.84368547e-02,  -2.41747554e-02,
          8.98363963e-02,   1.21975495e-02,  -5.04971445e-02,
         -4.31152098e-02,   1.90398714e-03,  -1.87002623e-03,
          1.38431462e-02,  -6.92055970e-02,   1.36422785e-02,
         -9.68132820e-03,   4.65655178e-02],
       [ -6.36524186e-02,  -2.88807042e-03,   5.68325110e-02,
          4.37329960e-04,  -1.37331104e-02,   2.14483794e-02,
         -3.84097062e-02,   6.32869527e-02,   2.98846718e-02,
         -4.48818542e-02,  -8.84524882e-02,   2.77065523e-02,
          6.78435201e-03,   6.83125481e-03,   6.79179281e-02,
          1.10080903e-02,   6.36684746e-02,  -4.51517366e-02,
          3.62528414e-02,   4.91141081e-02],
       [ -7.59562105e-02,  -2.22195890e-02,   6.45569488e-02,
          4.35002446e-02,  -3.81084681e-02,   1.99883189e-02,
          4.62883785e-02,  -1.54850706e-02,   1.59825571e-02,
          6.97383359e-02,  -1.00928701e-01,  -4.84245494e-02,
          7.65538663e-02,   1.30095050e-01,   1.11984676e-02,
          4.90348600e-02,   5.84858023e-02,  -1.01777725e-01,
          4.83291708e-02,  -2.76326425e-02]], dtype=float32), array([ 0.,  0.,  0.,  0.,  0.,  0.,  0.,  0.,  0.,  0.,  0.,  0.,  0.,
        0.,  0.,  0.,  0.,  0.,  0.,  0.], dtype=float32)][array([[-0.0126682 ],
       [ 0.15659219],
       [ 0.05487671],
       [ 0.06048143],
       [ 0.03646503],
       [ 0.0154932 ],
       [ 0.06794158],
       [ 0.06106836],
       [ 0.10845184],
       [-0.0297912 ],
       [ 0.04798931],
       [ 0.026762  ],
       [ 0.08814751],
       [ 0.04310167],
       [ 0.06012064],
       [-0.00758563],
       [-0.01422598],
       [ 0.08701849],
       [-0.10440039],
       [ 0.02810641]], dtype=float32), array([ 0.], dtype=float32)]