[array([[ 0.00955618,  0.01477097, -0.00431724,  0.05517123, -0.0104798 ,
        -0.0241424 ,  0.0168881 ,  0.0139365 , -0.04795161, -0.07656781,
        -0.01267897, -0.05734693, -0.06574333,  0.03273974, -0.01971127,
         0.025014  , -0.02226766,  0.02030584, -0.02253848,  0.02974016,
        -0.04931916, -0.10302626,  0.1404966 , -0.03614005, -0.06672185,
         0.11131644,  0.04009964, -0.02349885, -0.01360228, -0.01334962,
         0.00709   , -0.03142057,  0.00104383,  0.00266418, -0.00685322,
         0.053697  ,  0.00170291, -0.02894556, -0.01511421, -0.01854823,
        -0.04415054, -0.0662125 , -0.0393269 , -0.01339208,  0.03386446,
         0.05401266, -0.08952332, -0.04337795,  0.02716576, -0.05785865],
       [-0.05187985, -0.01644667,  0.09215834,  0.07337895, -0.06780355,
        -0.03358609,  0.01356571, -0.08943634, -0.02253427,  0.0580657 ,
         0.07226929, -0.02946484, -0.02254568,  0.01391749, -0.09696019,
         0.04080137,  0.0615313 ,  0.02567918, -0.01870531,  0.0957878 ,
        -0.04716787, -0.00230482, -0.00112247,  0.06977003, -0.04306916,
         0.02517132, -0.01040578,  0.05398334, -0.03796891, -0.00670854,
         0.06368187,  0.01795453, -0.02345015,  0.06265645,  0.03210263,
         0.0585517 , -0.0168585 ,  0.01478694, -0.06909223, -0.04038136,
         0.0543133 , -0.0010951 ,  0.02379976,  0.00537977,  0.0379958 ,
        -0.05597889, -0.06508597,  0.01506565, -0.02894407,  0.04964871],
       [-0.0855875 ,  0.04740158,  0.03117513,  0.01612695,  0.03758691,
         0.01739996, -0.05508295,  0.06731793,  0.0288744 ,  0.03440916,
        -0.0947709 , -0.00990246,  0.01767288,  0.01420892,  0.0938816 ,
         0.07454915,  0.05578944,  0.06078557,  0.01717645, -0.01154563,
         0.04226318,  0.04725026,  0.01720204, -0.01801462, -0.00794323,
        -0.04053289,  0.03969739, -0.02733344,  0.00072614, -0.00261767,
         0.02496229, -0.04515414, -0.02339495, -0.06252698, -0.06343243,
        -0.00863785, -0.027929  ,  0.01071807, -0.01729036, -0.00875697,
         0.00918806,  0.0255486 , -0.05575401,  0.05639009, -0.06989969,
         0.06323475,  0.00709876, -0.02607203, -0.0588103 , -0.03459083],
       [-0.03899707, -0.01831342, -0.02435987, -0.01268002,  0.04575133,
         0.03563154,  0.01211011, -0.04551243,  0.03525541, -0.03331249,
         0.02446227, -0.02425857, -0.02756089,  0.03251307,  0.09413772,
         0.02076716,  0.05550689,  0.04174083,  0.00770404,  0.01633125,
        -0.05934677,  0.06443187, -0.05053512,  0.0289347 ,  0.02291828,
         0.06932152,  0.01900349,  0.0108005 ,  0.01517768, -0.07520851,
        -0.01364569,  0.09318702,  0.0491907 ,  0.00719345, -0.00318121,
        -0.03471839,  0.08523595,  0.03475863,  0.03572303,  0.02955219,
         0.0387184 , -0.03225906,  0.00562822,  0.09638807,  0.05261884,
         0.05434559, -0.00952742, -0.05833433,  0.07151344,  0.05641775],
       [ 0.04029801, -0.01192824,  0.01697786,  0.0341028 , -0.0739445 ,
         0.01451579,  0.08728028,  0.01626293, -0.06324434, -0.00027334,
         0.04428889, -0.01201044,  0.11063766, -0.03538228,  0.01237987,
         0.01159993, -0.01744168,  0.01312182, -0.05832905, -0.01630345,
         0.0265945 , -0.05906764,  0.03166454,  0.03930787,  0.02608237,
         0.0390375 , -0.04553947,  0.04518449, -0.11989108, -0.07979314,
         0.05893783, -0.07661473,  0.07890785,  0.07699618,  0.05855953,
         0.06963938, -0.01909926, -0.07039152, -0.05627828, -0.08665013,
        -0.04677135,  0.09309172, -0.10041697,  0.03744731, -0.06255361,
         0.047147  , -0.07068182,  0.0310376 , -0.02686211, -0.02566011],
       [ 0.04649242,  0.03246855, -0.03493968,  0.10018884,  0.02289357,
         0.05370676,  0.09120347,  0.13565871, -0.04772308, -0.02361226,
        -0.05265514, -0.02377952,  0.06273096, -0.03912341,  0.07461288,
        -0.05679784, -0.04046364, -0.03096702, -0.00776754,  0.04712003,
         0.01213736,  0.0404836 , -0.02663537,  0.02628024, -0.0556705 ,
         0.01398332,  0.06605714, -0.03252518, -0.09767025, -0.0844697 ,
        -0.04706255,  0.07043962,  0.01391974, -0.00447952,  0.00121092,
         0.07037218, -0.01478984,  0.0041024 , -0.05173716,  0.02345211,
         0.0238308 , -0.00224038, -0.00070162,  0.06041259,  0.02525412,
        -0.00805818, -0.07551625,  0.02564904,  0.04062514, -0.01206103],
       [-0.04139341,  0.08146216,  0.086835  ,  0.01153403,  0.01063101,
         0.0518818 ,  0.09274895, -0.02775904, -0.03093787, -0.03499039,
         0.00507836, -0.00450927, -0.01801825, -0.04232868,  0.00220753,
         0.05423627, -0.04047799, -0.01922729, -0.00732719,  0.00860208,
        -0.02639689,  0.05666481,  0.00776355,  0.00193327, -0.0024671 ,
        -0.00739   , -0.02445366, -0.04451115, -0.00930757, -0.01007843,
         0.03974649, -0.00705815, -0.10408812,  0.04288355, -0.02713261,
        -0.02386639,  0.00728478,  0.0055713 , -0.03849829, -0.14460748,
         0.02078576,  0.01034109, -0.01789131, -0.07666578, -0.06148374,
         0.03986659,  0.01450166,  0.01969883, -0.07612436,  0.04109659],
       [-0.00139053,  0.01065709, -0.02667584,  0.01373356,  0.00401002,
         0.09179328,  0.03134834, -0.02209244,  0.00203551, -0.01139705,
         0.00680166,  0.05724635, -0.08653461,  0.03227099,  0.02821167,
         0.02110351, -0.02087929, -0.08035728, -0.04463458, -0.04961262,
         0.05525708,  0.01135543,  0.02737704, -0.07619081,  0.02838828,
         0.044307  , -0.12830973,  0.120588  ,  0.11842938, -0.02569915,
        -0.03388533, -0.10207778,  0.02949966, -0.01418565, -0.03963216,
         0.10590257,  0.02866201,  0.08319966, -0.00342828,  0.02140417,
        -0.06106491,  0.03741401,  0.04902634, -0.02543123,  0.03428017,
        -0.01399852, -0.07792961, -0.00644061, -0.00286745, -0.02955219]], dtype=float32), array([ 0.,  0.,  0.,  0.,  0.,  0.,  0.,  0.,  0.,  0.,  0.,  0.,  0.,
        0.,  0.,  0.,  0.,  0.,  0.,  0.,  0.,  0.,  0.,  0.,  0.,  0.,
        0.,  0.,  0.,  0.,  0.,  0.,  0.,  0.,  0.,  0.,  0.,  0.,  0.,
        0.,  0.,  0.,  0.,  0.,  0.,  0.,  0.,  0.,  0.,  0.], dtype=float32)][array([[  7.72266909e-02,   5.72037809e-02,   8.76122266e-02,
          6.96433112e-02,  -5.37180081e-02,   2.12669652e-03,
          3.35104465e-02,  -3.16491313e-02,   4.05821390e-02,
         -8.95190760e-02,  -6.11197241e-02,   2.46511567e-02,
         -6.74796924e-02,   3.01532391e-02,  -7.62938289e-03,
         -3.14687490e-02,  -4.86415736e-02,  -5.54605294e-03,
          8.98728371e-02,  -2.44894195e-02],
       [  2.52060834e-02,  -8.39606151e-02,  -1.92407612e-03,
         -7.37176090e-03,   9.66137201e-02,  -4.93969060e-02,
          1.77889727e-02,  -5.03243320e-03,   1.28975676e-04,
         -5.34346513e-02,  -2.63381545e-02,   6.58362508e-02,
          6.59254640e-02,  -4.90786061e-02,  -1.00173533e-01,
          1.71897896e-02,  -6.75700530e-02,   1.88291948e-02,
          4.82467264e-02,  -4.46296595e-02],
       [  1.93934720e-02,  -3.87427174e-02,  -4.98227626e-02,
          1.16589153e-03,  -1.29465342e-01,   2.66547352e-02,
          1.33736720e-02,  -1.37435524e-02,  -1.86503734e-02,
         -2.79830527e-02,  -2.59003583e-02,   6.75047264e-02,
         -5.09068742e-02,   5.72551787e-02,   3.27912867e-02,
          8.31505004e-03,   1.76308416e-02,  -8.12164173e-02,
          4.15971652e-02,   3.48834805e-02],
       [  5.06984349e-03,  -4.46587242e-02,   2.53875908e-02,
         -5.28912917e-02,   7.82978311e-02,   8.37758183e-02,
         -8.18640515e-02,   3.03362706e-03,  -2.35162489e-02,
         -1.21431639e-02,  -9.43916589e-02,  -5.25995456e-02,
         -1.70794688e-02,  -1.91826206e-02,   7.33233020e-02,
         -8.03517327e-02,   1.29727218e-02,  -6.08128670e-04,
          2.29254435e-03,   3.41285504e-02],
       [ -2.82360949e-02,   4.74395603e-02,  -8.95353407e-02,
          2.07174290e-03,   1.86933798e-03,  -1.22109149e-02,
          2.25170776e-02,   1.07440101e-02,  -6.44454435e-02,
         -6.67446628e-02,   7.46556744e-02,   3.95749621e-02,
          1.64675266e-02,   7.12714121e-02,   2.16043722e-02,
         -6.31812736e-02,   2.30691005e-02,   5.38352393e-02,
         -7.95241147e-02,   7.01273931e-03],
       [ -7.65807629e-02,  -4.54677641e-02,   9.09466203e-03,
          3.45066041e-02,   5.92174334e-03,   1.68937221e-02,
         -4.58833501e-02,  -1.12750649e-01,  -1.57072656e-02,
         -6.15409091e-02,   4.88326736e-02,   1.24989962e-02,
         -2.16050819e-02,  -3.93184274e-02,  -6.50897098e-04,
         -6.78401953e-03,  -7.92893115e-03,   5.46883121e-02,
         -4.80781449e-03,   2.05607619e-02],
       [ -1.19849637e-01,   1.52181955e-02,  -2.51884218e-02,
          1.97337717e-02,  -7.62977405e-03,   4.76323031e-02,
         -8.06534942e-03,  -5.61393015e-02,  -5.30370744e-03,
         -2.32492071e-02,   7.24065304e-02,  -2.18711197e-02,
          4.37539145e-02,   1.04584508e-01,   3.87397334e-02,
         -1.19115368e-01,   2.19695885e-02,  -5.58902733e-02,
          1.20252173e-03,   6.85118064e-02],
       [ -8.15152191e-03,  -1.35724247e-02,   7.95581937e-02,
          4.36804295e-02,   6.50944039e-02,  -5.21932207e-02,
          1.26523841e-02,  -2.75969761e-03,   7.37748668e-02,
         -2.98240017e-02,   1.11581367e-02,   4.31891195e-02,
          2.90332865e-02,  -8.75158831e-02,   1.44486547e-01,
          1.15365842e-02,  -1.27504382e-03,  -4.64458903e-03,
         -5.31917289e-02,  -2.83769611e-02],
       [  1.20062316e-02,  -8.92921761e-02,  -1.20388106e-01,
         -2.76552867e-02,   5.42188995e-02,  -4.47174534e-03,
         -3.71905416e-02,  -6.06627055e-02,   6.16330607e-03,
         -1.81902479e-02,   4.16707993e-02,   5.00626042e-02,
         -2.28213090e-02,  -2.40741875e-02,   1.97865199e-02,
         -2.23784428e-02,   2.60720798e-03,  -4.78461944e-02,
          1.00406958e-02,  -7.91822448e-02],
       [  4.48651016e-02,   2.99436282e-02,   8.54081474e-03,
          4.23140936e-02,  -1.74825545e-02,   2.90848147e-02,
         -4.44896445e-02,   7.61977807e-02,   1.54886441e-02,
          1.06088616e-01,  -9.32959542e-02,  -3.51517461e-02,
          6.77672103e-02,   2.82107778e-02,  -3.67993303e-03,
         -7.14118266e-03,   2.31658574e-02,   4.34325673e-02,
         -1.11606933e-01,  -6.60853013e-02],
       [ -1.32691963e-02,  -8.14441219e-02,  -2.23162957e-02,
         -7.78209791e-02,  -2.97780838e-02,  -5.26448563e-02,
         -3.11345737e-02,  -3.55898626e-02,   8.94786138e-03,
          9.87220481e-02,   4.63103652e-02,   5.79545982e-02,
         -4.29076701e-02,  -1.84558090e-02,   1.49864212e-01,
         -1.76112205e-02,  -7.86553845e-02,  -1.26455603e-02,
          1.15161082e-02,  -3.05019002e-02],
       [ -5.93855083e-02,  -4.16803472e-02,  -1.64338108e-02,
          5.36005460e-02,   1.40146315e-02,   2.26192991e-03,
         -2.47854143e-02,  -2.13994812e-02,   2.33043153e-02,
         -4.46034828e-03,   4.99922372e-02,  -3.24819013e-02,
          3.76354828e-02,  -7.61303306e-03,  -2.61312034e-02,
          1.07373679e-02,   2.48722676e-02,   4.24089096e-02,
          3.84437898e-03,   6.79880148e-03],
       [ -6.60828827e-03,  -7.66183361e-02,  -3.12737226e-02,
          4.24133949e-02,  -4.99396399e-03,   7.77749494e-02,
          1.79622881e-02,  -3.66478115e-02,  -4.98343371e-02,
         -6.85203774e-03,  -5.19022718e-02,   4.53817397e-02,
         -5.69335790e-03,   2.69156098e-02,  -7.08784768e-03,
         -8.00643414e-02,  -1.29363630e-02,   1.48614189e-02,
          3.69263999e-02,   3.24058533e-02],
       [ -2.91919317e-02,   2.67155617e-02,  -2.05230596e-03,
          2.80373134e-02,  -7.57506937e-02,  -8.74631405e-02,
          2.95095984e-02,   5.57900444e-02,  -3.00127314e-04,
          3.01052276e-02,   7.06233829e-02,  -2.12653168e-02,
         -5.08742295e-02,   1.56984311e-02,   4.77403821e-03,
          6.00996427e-02,   1.02045732e-02,  -1.93550915e-01,
         -4.35361192e-02,  -2.23363303e-02],
       [ -5.59070520e-02,   3.55776213e-02,  -7.15544680e-03,
         -4.29195687e-02,   4.23142575e-02,   7.74623379e-02,
          2.98266904e-03,  -9.19207931e-03,  -3.51741165e-02,
          2.73289736e-02,   5.60771581e-03,   4.81287278e-02,
          1.96181741e-02,  -2.96570119e-02,  -6.05182759e-02,
          5.47526069e-02,  -3.38578150e-02,  -3.97079289e-02,
         -4.09268737e-02,   6.30398020e-02],
       [  5.69506288e-02,  -3.51587906e-02,  -1.21507617e-02,
          9.31948498e-02,  -3.25976610e-02,   3.22432593e-02,
         -8.53891596e-02,   2.99541485e-02,   4.53906786e-03,
          4.12651338e-02,   5.74143603e-02,  -1.84317064e-02,
          9.52264201e-03,   7.53718242e-02,  -8.98539089e-03,
          2.57331077e-02,   4.28825989e-02,   6.33294061e-02,
         -3.90823074e-02,   5.00750504e-02],
       [  1.15159983e-02,  -5.32307625e-02,  -7.45552480e-02,
         -2.78897323e-02,  -4.31709997e-02,  -1.10853324e-02,
         -2.87878495e-02,   3.90065610e-02,   1.78477690e-02,
          4.42857668e-02,   3.71596627e-02,   1.32680181e-02,
         -5.72397299e-02,  -6.04165010e-02,  -3.45777348e-02,
         -4.81580431e-03,   1.21286651e-02,   2.60518547e-02,
         -5.65824993e-02,   4.75290492e-02],
       [ -2.06277221e-02,   3.19423212e-04,  -6.33361563e-02,
          5.76828793e-02,   3.09229326e-02,   6.68972582e-02,
          4.82212380e-02,   6.49214238e-02,   4.78731357e-02,
          1.75236072e-02,  -1.79083254e-02,  -4.51815128e-02,
          5.29672951e-03,  -4.38718796e-02,  -7.51913190e-02,
          3.64452638e-02,  -9.73303511e-04,   4.37633954e-02,
         -3.52578773e-03,  -8.32616072e-03],
       [  2.87007471e-03,  -6.04628026e-02,  -1.08065065e-02,
          4.96575944e-02,   7.52685219e-03,   2.85598822e-02,
         -3.23668984e-03,   1.39901163e-02,   4.28062752e-02,
         -3.30910198e-02,   4.84838849e-03,   5.66748753e-02,
         -8.48370865e-02,  -2.59437766e-02,   1.28876111e-02,
         -1.65454913e-02,  -9.87156015e-03,   3.60797363e-04,
          8.55489969e-02,  -8.14061984e-02],
       [ -3.77880014e-03,  -8.25392157e-02,  -1.79889705e-02,
          8.32679495e-02,  -2.28204839e-02,  -4.25989479e-02,
          3.82135808e-02,   7.87167531e-03,  -1.25345234e-02,
          4.04912084e-02,   2.58568977e-03,   7.27391839e-02,
          2.30377559e-02,   3.73172276e-02,  -8.52371857e-04,
          4.68071401e-02,   3.95886414e-02,   1.27541497e-01,
         -8.91822800e-02,   1.42443284e-01],
       [  4.55033891e-02,  -7.82572627e-02,   4.26923521e-02,
         -3.92678417e-02,  -4.90947627e-02,   1.85034759e-02,
         -4.89855604e-03,  -1.87742505e-02,   6.49371138e-03,
         -3.59487347e-02,   5.64836077e-02,   1.55765461e-02,
          4.31769863e-02,   8.77876487e-03,   5.12717962e-02,
         -4.95546274e-02,  -5.37172146e-03,   7.20374659e-03,
         -5.39765731e-02,   8.72648582e-02],
       [ -3.54824886e-02,  -5.11012264e-02,  -2.12621060e-04,
         -1.46138057e-01,   6.43436238e-02,   8.07613041e-03,
         -2.98157930e-02,  -4.32679094e-02,  -7.26565644e-02,
         -2.96723377e-02,  -1.95272174e-02,  -3.93064991e-02,
         -2.61929128e-02,   4.97100949e-02,  -8.17037448e-02,
         -5.92599288e-02,  -3.02397758e-02,   8.73251259e-02,
         -3.38678211e-02,  -6.56782836e-02],
       [ -6.11596406e-02,  -8.21627229e-02,  -2.71059610e-02,
          2.49950495e-02,  -3.90050001e-03,   4.54498492e-02,
         -7.46774767e-03,   2.41050497e-02,  -3.46744545e-02,
          4.02292330e-03,   6.23856671e-02,   2.31242459e-02,
          1.73719805e-02,  -3.54202054e-02,   2.65782583e-03,
         -4.23005931e-02,  -1.83439311e-02,  -5.15545383e-02,
         -4.41851616e-02,  -1.21437442e-02],
       [ -5.60044013e-02,   4.28987145e-02,  -2.39513591e-02,
         -8.27927217e-02,  -3.00635165e-03,   5.11060469e-02,
         -2.18499620e-02,  -8.82921740e-02,  -7.26997331e-02,
         -4.47442830e-02,  -6.51741847e-02,  -7.22728372e-02,
         -9.28458646e-02,  -3.07684112e-03,  -2.39161365e-02,
          9.76033732e-02,  -1.81071271e-04,   3.01763508e-02,
         -3.83066647e-02,   1.01654558e-02],
       [  2.85131987e-02,   7.38533884e-02,   1.13445818e-02,
          4.30533057e-03,   2.84950826e-02,  -2.94757690e-02,
         -2.24201637e-03,   5.12808142e-03,  -3.93868051e-02,
         -6.53639957e-02,   2.19282266e-02,  -4.57759909e-02,
          8.64177868e-02,   9.06840619e-03,   2.09340043e-02,
          5.99989993e-03,   2.70530339e-02,  -5.26856259e-02,
         -3.88914607e-02,  -3.81319933e-02],
       [  1.46719487e-02,   1.59280486e-02,   9.29970015e-03,
          5.02522402e-02,  -2.34512072e-02,  -8.96007009e-03,
          2.52434146e-03,  -1.02403872e-02,   1.38214752e-02,
          1.61538494e-03,  -2.03839559e-02,  -2.03354675e-02,
          1.39180049e-02,   2.51511317e-02,   1.92155428e-02,
          5.25308624e-02,  -2.16224268e-02,  -6.07311837e-02,
          1.82466675e-02,  -6.19696639e-03],
       [  1.50200278e-02,  -2.23209579e-02,  -1.78075638e-02,
         -3.74814123e-02,   4.68996726e-02,  -4.39493097e-02,
         -1.44944703e-02,  -2.98544895e-02,   5.33423983e-02,
          4.50799540e-02,  -1.26873152e-02,  -7.12921694e-02,
         -4.40974766e-03,  -2.59784162e-02,  -4.21516784e-02,
         -1.90331433e-02,   2.01836023e-02,  -1.04354052e-02,
         -8.63517635e-03,   3.49273952e-03],
       [ -4.06466536e-02,  -3.22366022e-02,   2.23524533e-02,
         -4.59419638e-02,  -7.48926029e-03,   2.18788031e-02,
         -2.12391205e-02,  -2.31980253e-03,  -1.17745565e-03,
         -2.40565464e-02,   2.41424758e-02,  -1.06115891e-02,
          3.03481575e-02,   6.94588525e-03,  -7.56488135e-03,
         -4.26761061e-03,   2.10375208e-02,  -3.10919937e-02,
         -6.50886521e-02,   1.71296429e-02],
       [  5.57740033e-02,   3.23106237e-02,  -5.05346172e-02,
         -2.22611260e-02,  -4.94947173e-02,  -8.45196843e-02,
         -8.27994794e-02,   1.90593954e-02,  -6.05727211e-02,
          7.89256841e-02,  -1.22834947e-02,   5.23591600e-02,
          5.30726463e-03,   5.22784404e-02,  -1.30508170e-02,
          1.80256031e-02,   5.62494658e-02,  -7.94638619e-02,
          2.20108330e-02,  -5.14358468e-02],
       [  7.14368373e-02,  -4.61402237e-02,  -6.81672022e-02,
          8.94491212e-04,   5.85892498e-02,  -5.20620756e-02,
         -4.61633503e-02,  -5.78234680e-02,  -4.21430394e-02,
         -4.25378643e-02,  -8.34303163e-03,   1.44592701e-02,
          1.04572298e-03,  -1.25042023e-02,  -1.01151302e-01,
          1.76857542e-02,  -8.65327939e-02,  -4.42813560e-02,
         -6.59250794e-03,   4.08978015e-02],
       [  8.46237317e-02,  -2.47341879e-02,   3.05980328e-03,
          5.21725193e-02,   1.26203923e-02,  -1.70139894e-02,
         -6.48149177e-02,   3.61557119e-02,  -7.39779621e-02,
          3.81843522e-02,  -3.21147218e-02,   1.96817722e-02,
          9.95542333e-02,  -2.93086618e-02,  -1.49741955e-03,
          2.81493124e-02,  -1.94070563e-02,   6.46521896e-02,
         -2.46570501e-02,  -4.92403097e-02],
       [  1.77667830e-02,   2.34321319e-02,   2.85969414e-02,
          6.96670115e-02,   3.50957853e-03,   5.83202653e-02,
         -8.21407959e-02,   7.97868893e-03,  -1.38400467e-02,
          7.95984194e-02,  -4.34079468e-02,   5.22024743e-02,
          6.72662780e-02,  -8.22619628e-03,  -1.87160950e-02,
          1.22955870e-02,   5.37743233e-02,   6.67389855e-02,
         -6.90285861e-02,  -1.19923711e-01],
       [ -4.85019907e-02,  -2.52787652e-03,   3.62922740e-03,
          1.24204624e-02,   4.93325740e-02,   1.98848732e-02,
         -9.86777470e-02,   2.84140408e-02,   3.69995758e-02,
         -2.76604090e-02,   2.58558001e-02,   3.13701928e-02,
         -2.86930110e-02,   1.66836311e-03,  -1.44127011e-02,
          4.83079068e-02,   1.87263452e-02,   5.50544006e-04,
          5.20238355e-02,   1.00171112e-01],
       [ -9.06486809e-03,  -6.17875867e-02,  -2.04585306e-03,
         -2.11566146e-02,   1.40608279e-02,   7.06165982e-03,
         -3.95608619e-02,  -5.55968611e-04,   8.04181397e-03,
          2.27345638e-02,  -8.44308082e-03,  -8.50749575e-03,
          2.81457640e-02,   6.55296370e-02,  -4.09579873e-02,
         -6.28404021e-02,  -2.15731990e-02,   1.11551978e-01,
         -2.00966131e-02,  -4.34584431e-02],
       [  6.37783259e-02,  -7.51558866e-04,   4.01579397e-04,
          2.29516402e-02,   1.61955487e-02,  -2.66881045e-02,
          1.78832691e-02,   1.81861166e-02,   8.13027173e-02,
          3.98272686e-02,  -3.71073000e-02,  -4.57230471e-02,
         -2.24283990e-02,  -7.84061383e-03,  -1.28047867e-02,
         -7.78742228e-03,   5.50750569e-02,  -5.05474918e-02,
         -2.08080932e-02,  -8.69279820e-03],
       [  5.15323095e-02,  -4.12933677e-02,  -1.09509816e-02,
         -9.52981785e-03,  -2.20342111e-02,  -1.40860919e-02,
         -4.81393412e-02,   1.51368929e-02,  -1.91444512e-02,
          4.34676856e-02,   7.45781977e-03,  -3.70463692e-02,
          3.44633721e-02,   1.00059129e-01,  -4.43528779e-02,
         -9.26524177e-02,  -3.63184921e-02,  -6.16474450e-02,
          6.30257130e-02,   3.12051910e-04],
       [ -7.94241056e-02,  -5.61648086e-02,  -4.26863097e-02,
         -6.00124002e-02,  -1.72755327e-02,   1.77492630e-02,
         -6.82969317e-02,   5.41965105e-03,   5.08040190e-02,
          1.42582478e-02,   5.97655736e-02,   2.30891313e-02,
         -4.99738418e-02,   3.30462866e-02,  -2.59248260e-02,
          2.06844751e-02,   1.58956612e-03,  -2.13271715e-02,
         -1.05212582e-02,  -7.49622509e-02],
       [ -5.42759672e-02,   1.90024246e-02,  -2.48331185e-02,
         -7.74141923e-02,  -1.05653061e-02,  -4.11912091e-02,
          9.64571536e-03,   6.36358187e-02,   2.09159423e-02,
         -1.48705216e-02,  -1.56914385e-03,  -8.72179342e-04,
         -1.13195656e-02,   9.21394303e-03,  -4.60090972e-02,
         -3.71672623e-02,   3.59702893e-02,  -5.29162772e-02,
         -5.00598662e-02,  -1.15082813e-02],
       [ -9.98204481e-03,   5.99761680e-02,  -9.32096764e-02,
          1.79915351e-03,  -1.02682207e-02,   2.12453045e-02,
          8.31234530e-02,   4.94735800e-02,   7.36961961e-02,
          3.11705861e-02,  -8.96402076e-03,   1.44798933e-02,
         -7.59901330e-02,   6.23192489e-02,   3.56081687e-02,
         -2.28657518e-02,  -1.33843382e-03,   6.59991130e-02,
         -3.82652581e-02,  -5.65555645e-03],
       [  3.65902856e-03,  -4.97828387e-02,  -7.82305002e-03,
         -9.26423296e-02,  -2.61409190e-02,  -2.92831101e-02,
         -6.53094277e-02,  -2.47578360e-02,  -1.40758798e-01,
          3.09626218e-02,  -1.58701316e-02,  -4.02110107e-02,
          4.80209803e-03,   2.14489345e-02,   1.53559027e-02,
         -2.37017516e-02,  -1.12444542e-01,   1.48291532e-02,
          1.66517275e-03,  -1.29902186e-02],
       [  1.13675240e-02,   2.64823567e-02,   5.39859794e-02,
         -1.50961122e-02,   6.94178278e-04,  -5.06035574e-02,
          2.36590542e-02,   6.98714331e-02,  -6.80794343e-02,
         -2.96270940e-02,   1.72988772e-02,   1.81042310e-02,
          4.01471332e-02,   7.72182494e-02,   2.32299068e-03,
          2.82329377e-02,   4.89967875e-02,  -7.42314756e-02,
         -1.71426815e-04,   1.99597050e-02],
       [ -5.19382246e-02,   5.81677556e-02,   7.79826939e-02,
          7.02236686e-03,  -1.63042359e-02,   3.76901217e-03,
          7.03121796e-02,  -4.33814898e-02,   1.28247659e-03,
         -4.88950983e-02,   2.66154744e-02,   3.82381193e-02,
          1.04411714e-01,  -2.43973564e-02,  -6.77632689e-02,
         -4.70135175e-02,  -7.86237270e-02,   6.30917847e-02,
          6.57183072e-03,   1.44139798e-02],
       [ -4.83063720e-02,  -4.96272407e-02,  -3.81968915e-02,
         -2.27614623e-02,  -8.71163532e-02,   5.55193797e-02,
         -5.12639880e-02,  -2.62608975e-02,   1.07847489e-02,
         -1.22323241e-02,   5.52077405e-02,  -4.76568006e-02,
         -1.73589662e-02,   6.69489130e-02,  -2.38325335e-02,
          3.49624492e-02,  -6.09524734e-02,   6.00033393e-03,
          3.16319615e-02,   3.61796655e-03],
       [ -7.97326025e-03,   2.23482717e-02,  -1.65396091e-02,
          5.34918383e-02,  -5.19188046e-02,   2.43649427e-02,
         -1.66879147e-02,  -5.04683331e-02,   7.18114525e-02,
         -9.71615128e-03,   2.96342419e-03,  -6.27024025e-02,
         -6.60911798e-02,  -5.68259554e-03,  -3.47048901e-02,
          5.84057868e-02,  -9.27157234e-04,   5.80714941e-02,
          6.04981147e-02,  -1.06628411e-01],
       [  3.62771079e-02,   2.61755716e-02,  -4.51559993e-03,
          9.11544368e-04,   4.36483733e-02,   7.66905844e-02,
          1.14789223e-02,   4.40875161e-03,   8.78625959e-02,
         -3.12714465e-03,  -6.47352785e-02,   2.67304722e-02,
         -3.60510759e-02,   4.34239060e-02,   6.94110915e-02,
          1.71602797e-02,  -4.23573405e-02,   8.03524852e-02,
          2.81926105e-03,   4.42107348e-03],
       [  3.76357064e-02,  -9.81543884e-02,   2.73102410e-02,
         -1.19435392e-01,   3.59118059e-02,  -4.91907494e-03,
          2.09418703e-02,  -8.84346589e-02,   5.69421723e-02,
          4.07783650e-02,   1.47540367e-03,  -1.04009233e-01,
         -3.10348230e-03,  -1.50756007e-02,   3.49184982e-02,
         -4.97742742e-02,  -2.51494329e-02,  -1.73688829e-02,
          2.22239476e-02,  -8.46441016e-02],
       [  1.96849629e-02,  -2.61663739e-02,   3.46194543e-02,
          7.58827031e-02,  -2.63185333e-02,   7.88692236e-02,
         -1.25417694e-01,   2.97085922e-02,   2.80488580e-02,
         -9.51745436e-02,  -2.02800948e-02,   1.71234868e-02,
          1.10875489e-02,   1.05756119e-01,  -7.01801106e-02,
          2.41996590e-02,   9.68409628e-02,   1.98016167e-02,
         -3.93167995e-02,  -6.62350059e-02],
       [  1.34968581e-02,   4.26336452e-02,  -4.85509783e-02,
          1.05254017e-02,   4.21536006e-02,   2.79310532e-02,
          4.61797081e-02,  -1.04416003e-02,   5.33709116e-02,
          4.70844172e-02,  -3.87183428e-02,  -5.68436319e-03,
         -1.76415313e-03,  -4.15050350e-02,   9.61074885e-03,
          1.43189849e-02,  -6.81446940e-02,   4.44838684e-03,
         -3.24025080e-02,  -7.68594593e-02],
       [ -1.79812051e-02,   1.87151115e-02,  -5.47108948e-02,
         -2.07334664e-02,  -1.07437335e-01,   3.36753950e-02,
          8.33149161e-03,  -4.55252193e-02,  -7.42379278e-02,
         -2.61868984e-02,   5.46856783e-02,   3.93976867e-02,
          3.47485207e-02,  -8.95202998e-03,   7.10180476e-02,
          5.90738170e-02,   1.13221779e-02,  -1.82680443e-01,
         -5.81409894e-02,   6.89810142e-02],
       [ -2.97965538e-02,   6.80131465e-03,   5.16715646e-02,
          1.34829227e-02,  -1.36859834e-01,   2.18550186e-03,
         -4.78156023e-02,   1.44316256e-02,  -1.41346101e-02,
          2.20153630e-02,   8.35461169e-03,  -1.20165413e-02,
          2.00790428e-02,  -8.50984603e-02,   1.93082169e-02,
          5.39767854e-02,  -3.01831514e-02,  -5.69019094e-02,
          9.06134199e-04,  -5.43552041e-02]], dtype=float32), array([ 0.,  0.,  0.,  0.,  0.,  0.,  0.,  0.,  0.,  0.,  0.,  0.,  0.,
        0.,  0.,  0.,  0.,  0.,  0.,  0.], dtype=float32)][array([[ 0.0399604 ],
       [ 0.0094671 ],
       [ 0.05328265],
       [-0.02015997],
       [ 0.07253474],
       [ 0.06266953],
       [ 0.04899637],
       [ 0.0514665 ],
       [ 0.0394513 ],
       [-0.02852501],
       [-0.04616771],
       [ 0.01943509],
       [-0.05231661],
       [-0.08368202],
       [ 0.08513307],
       [-0.00747821],
       [ 0.0840678 ],
       [ 0.00596377],
       [-0.02130479],
       [ 0.03708497]], dtype=float32), array([ 0.], dtype=float32)]