SIMULATED ANNEALING
ABRIL 12
(soluciones, radio, error)
2, 15.000000, 0.0615434043109
2, 20.000000, 0.0625884842873
2, 30.000000, 0.0625887417793
2, 40.000000, 0.0612090438604
5, 15.000000, 0.0625652834773
5, 20.000000, 0.0585863432288
5, 30.000000, 0.0610327602923
5, 40.000000, 0.0585773874819
10, 15.000000, 0.060916493386
10, 20.000000, 0.0625533390045
10, 30.000000, 0.0612215086818
10, 40.000000, 0.0625290322304
15, 15.000000, 0.0575591142476
15, 20.000000, 0.0554396040738
15, 30.000000, 0.0595371152461
15, 40.000000, 0.0625791271031
SGD
0.0625867074728

SIMULATED ANNEALING
(soluciones, radio, error)
   2	15.0000000000	0.0625858449936
   2	20.0000000000	0.0625883850455
   2	30.0000000000	0.0624934490025
   2	40.0000000000	0.0622398199141
   5	15.0000000000	0.0610805051029
   5	20.0000000000	0.0625584752858
   5	30.0000000000	0.0625771199167
   5	40.0000000000	0.0613967573643
  10	15.0000000000	0.0593273480237
  10	20.0000000000	0.0624848386645
  10	30.0000000000	0.0565711724758
  10	40.0000000000	0.062515155524
  15	15.0000000000	0.0585698759556
  15	20.0000000000	0.0570597413182
  15	30.0000000000	0.0623896807432
  15	40.0000000000	0.0569529046118
SGD
0.0625845332444


SIMULATED ANNEALING
  15  20.0000000000 0.058133547008 441.567625999
SGD
(0.062584279477596289, 3.1518688201904297)
